nvml:nvidia_geforce_gtx_970_0,rapl:ram,rapl:cores,rapl:pkg
17596,919,4707,18092
17596,482,1815,13537
17596,480,1386,13083
17596,481,1365,13074
17596,479,1287,12969
17596,480,1281,12984
17596,484,1512,13255
17596,488,1545,13348
17596,480,1376,13074
17596,487,1290,12988
17596,484,1554,13230
17596,480,1327,13035
17596,479,1291,12982
17596,492,1288,13134
17596,480,1319,13028
17596,479,1328,13028
17602,484,1320,13062
17602,478,1505,13182
17602,477,1425,13083
17602,478,1558,13251
17602,481,1451,13156
17602,491,1419,13260
17602,480,1389,13097
17602,478,1598,13275
17602,481,1476,13194
17602,478,1550,13240
17602,485,1593,13346
17602,475,1641,13287
17602,481,1517,13228
17602,491,1593,13427
17602,483,1693,13410
17602,477,1364,13038
17602,481,1467,13184
17602,478,1555,13237
17602,484,1465,13189
17602,478,1378,13066
17602,484,1406,13163
17602,486,1498,13271
17602,480,1445,13149
17602,479,1288,12980
17602,481,1491,13203
17602,478,1306,12987
17602,476,1359,13016
17602,483,1407,13146
17602,481,1282,12986
17602,491,1272,13119
17352,471,1348,12948
17352,489,1281,13091
17352,480,1335,13037
17352,476,1282,12948
17352,485,1462,13193
17352,478,1270,12962
17352,481,1330,13037
17352,492,1404,13234
17352,480,1313,13020
17352,478,1418,13115
17602,484,1414,13159
17602,474,1356,12992
17602,482,1468,13180
17602,478,1370,13047
17602,482,1346,13066
17602,490,1382,13219
17602,481,1267,12977
17602,478,1392,13075
17602,479,1281,12979
17602,480,1236,12944
17358,485,1364,13123
17358,474,1362,12994
17358,479,1477,13171
17358,480,1504,13351
17358,492,1424,13107
17358,488,1362,13066
17358,482,1436,13138
17358,483,1780,13481
17358,480,1372,13067
17358,480,1327,13051
17358,485,1391,13146
17358,475,1384,13021
17358,491,1361,13208
17358,477,1746,13411
17358,483,1461,13173
17358,479,1247,12956
17358,480,1445,13135
17358,479,1403,13108
17358,485,1707,13413
17358,493,1320,13162
17358,480,1440,13149
17358,479,1406,13094
17358,479,1336,13033
17358,481,1518,13218
17358,481,1647,13334
17358,481,1564,13270
17358,480,1489,13189
17358,480,1367,13073
17358,491,1481,13323
17358,480,1495,13200
17358,470,1496,13245
17358,487,1343,12990
17358,479,1327,13020
17358,480,1508,13209
17358,481,1374,13083
17358,490,1386,13214
17358,479,1325,13015
17358,480,1390,13092
17358,480,1544,13241
17358,479,1461,13165
17363,482,1565,13306
17363,476,1374,13019
17363,479,1431,13135
17363,494,1518,13363
17363,482,1540,13251
17363,479,1296,12982
17363,480,1328,13044
17363,479,1306,12990
17363,480,1292,13004
17363,477,1454,13135
17358,481,1320,13043
17358,490,1299,13125
17358,480,1318,13022
17358,478,1380,13064
17358,482,1637,13348
17358,477,1537,13217
17358,481,1476,13188
17358,480,1449,13143
17358,480,1454,13167
17358,490,1536,13368
17358,469,1447,13032
17358,490,1529,13347
17358,480,1510,13219
17358,479,1388,13074
17358,482,1688,13403
17358,479,1457,13152
17358,480,1386,13088
17358,479,1484,13321
17358,493,1449,13158
17358,479,1388,13075
17363,476,1345,12975
17363,486,1287,13065
17363,481,1417,13132
17363,478,1391,13063
17363,489,1367,13173
17363,482,1455,13176
17363,476,1392,13058
17363,484,1425,13167
17363,476,1469,13129
17363,483,1342,13083
17363,484,1287,13027
17363,476,1379,13034
17363,481,1299,13002
17363,480,1362,13051
17363,494,1488,13343
17363,479,1410,13086
17363,481,1295,13015
17363,481,1305,13010
17363,477,1340,13015
17363,479,1267,12966
17358,485,1308,13067
17358,475,1262,12907
17358,492,1479,13325
17358,479,1476,13172
17358,480,1322,13015
17358,480,1450,13161
17358,479,1242,12935
17358,480,1234,12941
17358,479,1277,12969
17358,479,1252,13093
17352,484,1305,12928
17352,486,1250,13020
17352,481,1246,12956
17352,480,1377,13072
17352,481,1298,12999
17352,480,1226,12925
17352,479,1315,12993
17352,481,1209,12918
17352,491,1268,13106
17352,480,1240,12951
17358,480,1279,12988
17358,479,1219,12908
17358,479,1211,12911
17358,480,1243,12951
17358,478,1297,12982
17358,479,1267,12973
17358,492,1326,13164
17358,480,1218,12923
17358,479,1232,12925
17358,480,1199,12903
17358,482,1317,13060
17358,478,1337,12988
17358,480,1238,12941
17358,480,1411,13092
17358,495,1483,13337
17358,480,1276,12977
17358,480,1315,13018
17358,480,1276,12969
17358,479,1292,12983
17358,479,1347,13046
17358,485,1406,13163
17358,476,1361,13026
17358,479,1340,13038
17358,492,1454,13305
17358,507,5047,16609
17358,560,19995,31510
17358,738,18550,30700
17358,664,19014,30703
17358,812,15830,27572
17358,577,43996,55645
17318,679,19213,30984
17318,607,19440,31102
17318,794,16244,28016
17318,618,19154,30819
17318,601,19552,31268
17318,912,13462,25215
17318,616,19384,31109
17318,617,19359,31435
17318,566,19864,31554
17318,545,21648,33263
19038,922,17654,29445
35333,892,19068,24758
43811,964,18772,22976
46974,994,18844,23031
47923,960,19202,23290
48410,1032,18679,22992
48653,923,18438,22612
48653,913,11956,16034
48646,575,19855,23930
48621,565,22347,26641
48646,872,20866,24907
48897,933,19200,23403
48897,1047,20728,24883
48897,960,19502,23722
50835,780,19735,23789
49619,931,19561,23745
49140,923,18929,23196
56150,855,19238,23234
75845,695,19021,23429
90734,585,17619,21471
103646,614,12762,17032
117481,607,5352,9405
131958,606,5270,9330
137138,611,5218,9291
139478,622,5287,9360
137645,609,4446,8484
140680,614,5604,9669
141616,607,5209,9260
141882,610,5179,9252
142578,613,5660,9738
142989,613,6256,10292
140439,607,5262,9400
111303,860,15369,19583
83047,586,20090,24031
108835,687,13825,17992
104854,638,3389,7482
102022,641,3383,7422
100831,631,3284,7364
112027,602,3431,7471
126744,610,3744,7816
134757,608,4211,8268
137886,610,4327,8399
136948,626,4609,8662
135986,615,3626,7732
135811,614,3630,7695
136267,607,3599,7636
134847,609,3563,7630
134782,616,3594,7671
139304,619,5387,9455
142604,606,6638,10720
141470,604,4774,8795
140267,616,4114,8234
123934,623,4553,8520
117261,677,6246,10422
109686,654,3507,7574
105648,629,3357,7403
105406,631,3376,7422
114200,623,3314,7401
126985,600,3538,7557
133884,621,3906,8044
139089,622,4605,8648
140199,603,4540,8569
139545,608,4184,8236
139262,622,4092,8245
139545,606,4053,8092
140439,601,4038,8051
140440,630,4094,8192
139785,612,4003,8107
139304,605,3989,8030
139959,608,4018,8056
139785,609,4026,8083
124395,658,6161,10272
113717,653,4594,8642
106857,645,3247,7343
103472,639,3276,7340
103231,623,3290,7324
112027,615,3206,7288
122970,624,3099,7217
126503,606,3059,7124
130056,620,3309,7341
134607,609,3713,7774
135810,610,3725,7784
136989,615,3729,7791
133859,608,3275,7378
132744,626,3294,7283
132920,617,3238,7315
133643,619,3244,7357
132744,606,3245,7278
132263,610,3222,7276
132503,612,3240,7297
132021,624,3303,7356
121099,646,4539,8654
119915,656,8087,12119
109685,638,3325,7407
106132,629,3286,7313
103714,625,3291,7435
111168,627,3247,7314
122306,622,3174,7208
128252,615,3168,7240
129130,601,3142,7175
129853,617,3094,7163
129853,613,3079,7140
130817,621,3140,7181
130840,611,3095,7162
129636,613,3088,7144
130513,611,3062,7121
131056,623,3078,7189
131958,611,3130,7174
139759,610,8751,12715
145365,613,12193,16366
144742,609,6222,10301
126262,613,3552,7613
124334,681,8121,12158
112993,636,3943,8082
107028,635,3220,7229
105113,624,3174,7229
113235,614,3099,7141
123271,612,3001,7077
127745,623,3088,7219
129395,608,3103,7128
132238,602,3006,7038
130359,616,3079,7142
135304,614,3671,7747
136989,615,3706,7794
142604,608,8593,12617
145249,619,6201,10338
146184,603,6185,10260
142363,603,4543,8559
140988,608,3979,8039
140267,610,3859,7995
136948,616,3911,7932
122006,664,6399,10460
114683,648,3776,7890
112530,634,3730,7793
109873,633,3812,7899
125057,603,5005,8975
137860,607,6654,10723
141161,625,5560,9709
134366,605,3123,7168
132021,611,3177,7233
131058,612,3184,7255
132199,601,3104,7139
130271,615,3140,7209
131299,614,3117,7179
130753,622,3128,7238
131717,605,3155,7173
131236,612,3120,7203
133579,608,3393,7453
135239,608,3672,7695
134100,612,3212,7288
121743,645,5880,9821
119594,666,8479,12688
108719,634,3324,7379
105579,637,3298,7357
104370,614,3254,7317
120077,617,4010,8041
132656,616,3895,7997
137620,607,3955,8008
138367,613,3958,8053
139303,606,3868,7897
140025,617,3917,8026
144501,597,5874,9854
145152,611,5864,9961
145222,608,5907,9948
146398,608,5909,9992
146807,620,5922,10073
149421,613,5977,10054
148968,600,6004,10064
135999,631,6812,10698
130487,665,10357,14566
115090,643,3287,7412
109906,628,3235,7286
108699,624,3281,7328
118928,615,3188,7254
126104,613,3094,7165
129636,612,3146,7182
130358,613,3172,7236
132439,616,3146,7219
130995,611,3129,7230
131717,610,3120,7160
133162,608,3274,7351
136923,605,3705,7749
138823,618,3788,7848
138822,612,3676,7730
139063,611,3673,7726
139303,614,3674,7761
140026,607,3724,7748
140199,618,3753,7894
121282,634,4819,8792
117502,657,5717,9859
108719,629,3243,7305
106303,627,3223,7275
104631,622,3277,7341
113663,620,3262,7320
125298,616,3144,7245
136442,603,4997,9039
138101,600,4332,8338
134516,622,3140,7293
132415,610,3129,7179
131958,601,3125,7202
135480,610,3595,7588
137405,615,3709,7800
138341,615,3727,7801
140199,606,3780,7811
138848,603,3735,7797
138608,606,3751,7795
139063,611,3742,7816
140481,625,3829,7961
122707,642,5820,9796
120559,665,5784,9950
114179,627,3548,7565
110169,646,3564,7681
117240,616,3535,7593
128913,606,3454,7509
133403,606,3404,7448
134606,622,3319,7424
135785,604,3293,7324
135479,607,3390,7424
136924,618,3540,7640
140507,608,3954,7999
139785,608,3837,7909
139785,619,3566,7681
138275,597,3513,7508
138582,624,3567,7696
140440,597,4263,8265
142337,619,4209,8347
142191,597,4229,8198
126503,679,6371,10517
112752,634,3381,7456
107269,626,3277,7341
105387,626,3315,7377
103230,612,3290,7347
118630,609,3169,7196
127925,606,3134,7152
129852,616,3091,7194
131513,611,3128,7194
137860,599,3798,7797
141135,616,4368,8470
143031,637,4454,8595
143298,617,4409,8493
141684,599,3946,7934
143779,620,5063,9187
144020,614,4773,8844
138060,603,3201,7224
136682,606,3797,7816
143538,602,7248,11332
130335,654,6776,10940
117019,629,4023,8037
108236,629,3281,7413
106304,648,3271,7335
104389,612,3243,7284
87448,860,5577,9535
94302,680,19308,23439
95074,676,14396,18575
93442,650,7515,11554
92958,651,7710,11753
92474,654,7552,11612
92429,657,7673,11766
93425,653,7587,11631
83627,1049,7196,11374
74078,1369,6618,10788
69961,1379,5728,10079
68747,1130,9958,13994
68249,1072,15234,19371
70826,648,15363,19472
70826,874,6898,11734
70388,483,2138,6203
69672,483,1624,5670
69672,480,1495,5534
69429,481,1492,5540
69429,480,1439,5481
69429,482,1393,5441
69429,482,1455,5500
69429,483,1697,5744
69429,480,1596,5705
69429,492,1449,5496
69429,482,1537,5578
69463,484,1512,5562
69429,479,1444,5482
69429,481,1444,5497
69429,478,1404,5437
69429,483,1496,5550
69429,479,1502,5534
69429,494,1552,5671
69429,479,1449,5482
69429,480,1498,5541
69429,480,1479,5521
69429,482,1616,5663
69186,480,1534,5577
69220,480,1414,5462
69186,489,1305,5404
69186,470,1373,5431
66316,495,1568,5603
55457,481,1530,5573
51356,479,1376,5417
49659,481,1318,5363
49173,479,1250,5290
48929,483,1341,5385
48929,490,1267,5371
48711,482,1373,5420
48686,480,1408,5454
48686,480,1305,5344
48686,481,1423,5472
48686,480,1362,5404
48686,480,1303,5352
48686,480,1282,5323
48686,492,1275,5392
48686,483,1414,5468
48686,477,1273,5298
48686,481,1306,5358
48686,478,1292,5331
48678,481,1374,5434
48678,479,1371,5404
48678,481,1356,5403
48678,491,1314,5427
48686,481,1436,5480
48686,480,1345,5392
48686,481,1425,5472
48686,478,1304,5340
38770,488,1494,9278
28322,478,1247,12930
24425,479,1338,13017
22721,480,1251,12956
22241,479,1327,13145
21996,481,1353,12932
21996,490,1369,13146
21996,484,1397,13153
21996,476,1418,13063
21996,485,1364,13111
21996,478,1418,13091
21996,481,1370,13078
21752,483,1356,13081
21752,481,1524,13232
21752,493,1677,13508
21996,480,1678,13382
21996,477,1434,13086
21996,528,2644,14439
21752,476,1441,13069
21752,480,1371,13069
21508,483,1399,13123
21752,489,1354,13177
21752,472,1420,13021
21499,527,3277,14949
21499,491,1398,13255
21499,479,1329,13032
21508,478,1380,13058
21508,492,1596,13399
21508,477,1490,13140
21508,483,1367,13116
21508,480,1380,13077
21508,478,1335,13027
21508,481,1453,13155
21508,480,1562,13256
21508,481,1449,13149
21508,490,1422,13248
18085,484,1384,13127
18085,478,1389,13062
18085,482,1375,13070
18085,478,1242,12931
18085,480,1284,12994
18085,478,1249,12946
18085,481,1295,12997
18085,491,1272,13103
18085,481,1313,13022
18085,479,1391,13083
18091,482,1357,13086
18091,477,1334,13000
18091,481,1395,13098
18091,479,1236,12929
18091,491,1291,13134
18091,479,1233,12922
18091,479,1260,12955
18091,485,1424,13137
18091,482,1402,13101
18091,479,1317,13009
17846,483,1374,13110
17846,478,1481,13138
17846,482,1403,13112
17846,491,1342,13183
17846,482,1362,13060
17846,480,1294,12994
17846,481,1337,13042
17846,480,1432,13139
17846,480,1283,12979
17846,480,1235,12935
17846,483,1270,13002
17846,476,1232,12881
17846,491,1289,13111
17846,480,1214,12920
17846,478,1270,12955
17846,479,1209,12918
17846,479,1271,12964
17846,488,1733,13495
17846,476,1371,13020
17846,491,1371,13210
17840,482,1385,13100
17840,479,1290,12973
17840,480,1230,12928
17840,480,1252,12954
17840,481,1253,12943
17840,479,1253,12950
17840,480,1256,13094
17840,493,1278,12972
17840,480,1246,12952
17840,479,1261,12952
17840,482,1322,13036
17840,478,1226,12899
17840,480,1282,12981
17840,479,1249,12942
17840,480,1373,13216
17840,492,1309,13011
17840,480,1374,13074
17840,481,1403,13105
17840,481,1397,13099
17840,479,1276,12968
17846,483,1351,13073
17846,477,1306,12970
17846,481,1247,12960
17846,492,1328,13157
17846,480,1280,12969
17846,479,1286,12984
17846,481,1333,13038
17846,480,1376,13072
17846,477,1359,13021
17846,483,1236,12979
17846,483,1343,13063
17846,490,1457,13280
17846,481,1420,13119
17846,479,1397,13097
17846,479,1325,13020
17846,480,1328,13022
17846,480,1306,12998
17846,482,1428,13152
17846,479,1327,13000
17846,492,1411,13249
17840,483,1333,13063
17840,478,1299,12971
17840,480,1295,12993
17840,480,1359,13062
17840,479,1407,13103
17840,479,1282,12973
17840,481,1267,12977
17840,490,1368,13197
17840,483,1272,12993
17840,480,1308,13005
17595,482,1276,13000
17595,475,1309,12963
17595,480,1311,12998
17595,478,1266,12950
17595,482,1288,12995
17595,491,1268,13114
17595,477,1336,12981
17595,484,1545,13279
17595,481,1395,13100
17595,479,1303,13003
17602,483,1333,13058
17602,478,1345,13022
17602,480,1402,13102
17602,492,1535,13380
17602,479,1359,13055
17602,478,1372,13060
17602,479,1362,13055
17602,482,1559,13258
17602,480,1285,12989
17602,478,1495,13184
