nvml:nvidia_geforce_gtx_970_0,rapl:ram,rapl:cores,rapl:pkg
17595,907,5069,18445
17596,483,2047,13785
17596,477,1769,13424
17596,480,1701,13407
17596,481,1665,13359
17596,480,1577,13426
17596,492,1423,13113
17596,479,1586,13287
17596,478,1639,13317
17596,482,1701,13409
17357,470,1780,13383
17357,487,1525,13339
17357,480,1580,13275
17357,492,1629,13477
17357,481,1510,13220
17357,478,1457,13134
17357,481,1499,13212
17357,481,1607,13303
17357,480,1599,13298
17357,479,1603,13295
17602,480,1728,13511
17602,488,1606,13380
17602,481,1595,13300
17602,481,1597,13307
17602,478,1555,13231
17602,481,1470,13187
17602,481,1535,13240
17602,479,1622,13316
17602,480,1654,13362
17602,490,1681,13496
17596,469,1777,13398
17596,490,1641,13430
17596,481,1627,13330
17596,479,1577,13270
17596,480,1572,13271
17596,479,1601,13296
17596,479,1510,13204
17596,481,1547,13261
17596,494,1547,13387
17596,479,1646,13330
17358,481,1661,13396
17358,479,1597,13267
17358,481,1614,13317
17358,479,1649,13337
17358,481,1675,13383
17358,490,1634,13462
17358,481,1661,13370
17358,481,1658,13375
17358,480,1660,13352
17358,480,1649,13343
17358,477,1525,13192
17358,484,1765,13491
17358,480,1539,13252
17358,482,1527,13239
17358,492,1385,13220
17358,479,1586,13287
17358,480,1425,13120
17358,477,1651,13301
17358,484,1622,13366
17358,488,1619,13415
17358,472,1582,13175
17358,494,1632,13488
17358,479,1647,13332
17358,481,1676,13386
17358,480,1644,13339
17358,480,1666,13371
17358,479,1558,13246
17358,480,1581,13286
17358,481,1675,13369
17358,480,1651,13503
17352,485,1638,13240
17352,490,1628,13434
17352,478,1636,13315
17352,481,1672,13390
17352,479,1681,13363
17352,479,1658,13359
17352,479,1626,13321
17352,493,1616,13471
17352,479,1646,13332
17352,481,1698,13419
17352,474,1640,13254
17352,487,1400,13179
17352,481,1498,13201
17352,481,1478,13191
17352,479,1384,13072
17352,482,1365,13085
17352,489,1382,13193
17352,479,1417,13106
17352,480,1667,13365
17352,483,1660,13371
17358,487,1602,13364
17358,475,1694,13321
17358,479,1567,13255
17358,493,1545,13387
17358,481,1659,13359
17358,480,1640,13345
17358,479,1509,13199
17358,481,1647,13357
17358,480,1728,13423
17358,479,1548,13242
17113,485,1498,13253
17113,477,1482,13136
17113,491,1424,13252
17113,481,1584,13295
17113,478,1548,13235
17113,479,1594,13287
17113,481,1581,13286
17113,480,1622,13329
17113,479,1585,13272
17113,493,1561,13410
17107,473,1628,13242
17107,489,1692,13479
17107,480,1676,13379
17107,480,1719,13415
17107,479,1633,13317
17107,479,1647,13347
17107,480,1627,13327
17107,480,1652,13362
17107,493,1605,13452
17107,480,1654,13346
17352,471,1647,13259
17352,487,1602,13382
17352,481,1593,13299
17352,479,1602,13296
17352,480,1629,13328
17352,492,1566,13402
17352,479,1608,13296
17352,480,1365,13077
17352,480,1397,13097
17352,480,1653,13350
17357,486,1516,13283
17357,475,1702,13337
17357,480,1538,13236
17357,492,1545,13388
17357,482,1574,13269
17357,479,1505,13195
17357,480,1571,13281
17357,480,1716,13411
17357,481,1687,13393
17357,481,1700,13404
17363,487,1708,13468
17363,486,1576,13345
17363,482,1610,13332
17363,481,1623,13337
17363,480,1455,13143
17363,480,1590,13305
17363,480,1559,13249
17363,478,1596,13275
17363,479,1489,13327
17363,493,1612,13322
17352,473,1596,13212
17352,488,1550,13330
17352,480,1624,13310
17352,480,1529,13236
17352,481,1681,13375
17352,480,1557,13267
17352,479,1549,13237
17352,493,1662,13522
17352,479,1650,13333
17352,481,1737,13440
17352,484,1538,13293
17352,476,1429,13074
17352,479,1602,13290
17352,489,1539,13352
17352,471,1453,13044
17352,493,1561,13407
17352,479,1587,13283
17352,476,1566,13224
17352,484,1497,13241
17352,476,1657,13303
17357,489,1539,13341
17357,475,1408,13037
17357,481,1501,13356
17357,492,1602,13301
17357,481,1599,13310
17357,480,1620,13325
17357,480,1619,13315
17357,481,1749,13453
17357,479,1662,13347
17357,481,1645,13352
17358,484,1661,13403
17358,488,1516,13321
17358,480,1626,13324
17358,477,1544,13199
17358,483,1538,13274
17358,480,1418,13116
17358,481,1440,13142
17358,478,1535,13219
17358,482,1586,13306
17358,493,1645,13482
17352,473,1656,13275
17352,489,1501,13288
17352,481,1426,13118
17352,481,1500,13211
17352,481,1478,13182
17352,478,1603,13284
17352,483,1511,13227
17352,489,1451,13267
17352,480,1363,13061
17352,480,1491,13203
17101,512,6402,17995
17101,567,20261,31779
17101,738,18673,30822
17101,656,18996,30708
17101,752,13188,24872
17101,591,43133,54907
17101,676,19401,31013
17101,619,19798,31509
17101,775,16889,28613
17101,624,19126,30861
17329,609,19957,31830
17329,901,13823,25417
17329,620,19381,31069
17329,605,19672,31384
17329,595,19612,31686
17329,543,21582,33284
17329,1012,17346,29323
31683,841,20639,27867
42351,1005,19426,23647
46464,972,19035,23214
47680,928,19014,23181
48654,878,19653,23819
48922,1334,16751,21075
48897,649,11785,15911
48678,966,11145,15499
48647,575,19586,23593
48622,555,22191,26251
48865,850,21253,25338
48890,948,19113,23305
48890,1033,20737,24876
48890,970,19482,23888
51053,789,19448,23570
49594,876,19708,23611
49133,950,19419,23689
56851,877,19336,23676
73895,697,19743,23850
88983,598,17508,21547
103094,599,14398,18409
113104,608,10337,14424
131870,608,5715,9756
136898,619,4874,9015
137313,629,4417,8483
139785,616,4912,8981
139785,608,4464,8525
140655,606,4487,8533
136417,620,3855,7955
135238,609,3600,7651
133619,634,3681,7742
133138,605,3569,7605
133795,621,3545,7680
133402,609,3653,7670
138583,611,4908,8986
140199,614,4939,9023
140440,629,4958,9021
140026,628,4429,8463
135304,609,3458,7543
132720,621,3399,7508
132439,615,3365,7428
132680,611,3415,7483
118467,630,3745,7765
86437,854,16235,20277
95027,641,18930,23037
109372,681,8552,12775
110820,634,4162,8166
112510,641,4163,8301
121765,625,4104,8175
131476,604,4019,8048
135960,612,4001,8070
137405,616,3949,8035
140199,612,4664,8763
140440,607,4110,8139
140439,632,4189,8239
138342,621,3833,7935
132439,606,3178,7219
130753,612,3194,7252
133098,611,3632,7680
139452,609,4392,8428
141375,637,4758,8904
143710,603,6474,10472
144885,613,6050,10141
141856,610,4677,8743
135760,620,3268,7381
132896,606,3305,7343
135213,636,3731,7844
136416,602,3958,7961
137620,623,3977,8098
137860,601,3950,7938
138582,621,3987,8086
136026,617,3644,7722
126901,700,12933,16941
114145,649,4879,9051
107752,631,3331,7386
103714,630,3329,7386
105648,610,3257,7301
125118,608,3717,7763
132199,629,3815,7877
135239,614,3861,7934
137338,604,3770,7808
136683,616,3794,7855
137620,612,3828,7882
137163,616,3819,7907
144475,627,12137,16182
145125,613,6200,10307
145366,607,6059,10121
144191,606,5736,9764
139718,619,4396,8543
134998,609,3151,7183
133137,629,3352,7412
135935,616,3841,7967
136683,602,3856,7840
137620,610,3836,7887
137619,624,3789,7942
139063,618,3839,7904
137313,619,3833,7873
137138,607,3776,7789
137404,618,3840,7938
138756,609,3786,7828
118871,637,4443,8543
118871,659,6045,10131
115331,660,4145,8217
113883,648,4205,8265
118389,617,4173,8222
132833,610,5415,9416
143855,603,12466,16546
147431,612,12567,16662
147840,624,12813,16888
146807,608,6395,10510
145633,612,6079,10157
146327,617,6985,11070
146594,618,6131,10228
142363,609,4032,8073
141229,612,4061,8121
140199,611,4036,8091
140026,614,4052,8115
139786,622,4016,8140
142603,604,5015,9052
143806,606,5468,9493
142604,622,4583,8705
140266,615,3834,7889
139089,608,3811,7861
139544,613,3893,7938
139785,613,3849,7945
137886,611,3786,7845
138822,608,3808,7820
123694,669,7071,11173
113662,650,4482,8616
107270,633,3374,7424
105648,632,3358,7426
104631,614,3349,7415
116834,613,3231,7250
127022,613,3159,7213
133859,616,4188,8273
140894,663,5996,10087
144261,609,5589,9638
143470,611,5665,9734
144742,608,5630,9697
145846,611,5698,9763
144912,606,5240,9272
143951,611,4801,8874
143539,688,5122,9222
145915,619,4761,8859
145845,614,4675,8754
145845,610,4202,8273
144953,608,3922,7944
137618,617,3218,7335
144712,603,6634,10618
146875,621,6027,10150
142616,603,3613,7641
142337,622,3978,8122
141375,598,4005,8075
139304,625,3732,7793
137164,608,3474,7498
118950,643,4614,8682
117502,644,5394,9518
113234,657,3923,7993
112028,638,3862,7859
113938,626,3778,7884
128469,608,3602,7650
136267,612,3989,8062
142405,599,5207,9228
144020,614,5308,9369
144981,607,5390,9464
147528,606,9033,13022
149351,616,13999,18247
150312,593,12188,16115
145633,617,4517,8687
143085,600,4032,8136
142191,614,4081,8090
141710,617,4079,8191
139544,612,3791,7842
135063,613,3155,7205
133643,613,3203,7268
131235,606,3159,7227
136442,604,3584,7567
137404,616,3739,7848
138434,620,3707,7831
138848,600,3704,7692
139718,620,3706,7819
137379,610,3427,7477
135063,616,3196,7276
116538,633,4504,8466
118205,662,6250,10396
108719,634,3285,7372
106303,638,3311,7391
105579,609,3277,7291
114421,620,3173,7265
126323,606,3277,7287
133644,624,3814,7960
138127,609,3844,7904
137645,615,3815,7816
138516,613,3716,7782
139063,619,3766,7877
136723,605,3418,7445
135063,609,3293,7427
134100,621,3246,7298
134581,612,3265,7312
134582,606,3289,7339
134822,613,3322,7389
134998,612,3257,7322
135063,621,3334,7423
134581,604,3321,7331
134341,614,3283,7350
134823,606,3233,7262
134366,612,3329,7474
134366,621,3352,7393
135063,608,3297,7336
135544,616,3329,7384
135303,611,3278,7362
134541,604,3268,7299
134581,618,3271,7351
124394,618,3946,8029
125298,685,11120,15214
116296,638,4060,8105
112269,637,3687,7744
106786,615,3614,7668
124877,617,3493,7573
134100,612,3856,7944
139477,604,4068,8090
140988,607,4047,8114
141134,606,4031,8075
141161,607,4024,8093
141470,611,4051,8107
140988,614,3982,8065
139064,621,3657,7790
145606,610,7710,11762
144885,605,5924,9996
145943,606,5415,9432
145606,609,5032,9081
140506,610,3605,7709
137685,611,3267,7323
136748,611,3336,7404
135544,620,3303,7418
134823,619,3269,7351
134124,611,3302,7352
134581,611,3233,7290
134340,608,3226,7271
134822,601,3314,7336
136924,613,3831,7895
136748,624,3472,7615
121041,652,7050,11006
116593,651,5785,9909
110873,636,3462,7524
108941,630,3505,7552
111785,628,3408,7572
126262,614,3283,7342
131298,606,3274,7311
137230,608,3877,7919
141856,606,5867,9849
146807,604,9690,13723
148729,617,7887,12107
148941,604,7703,11775
149111,604,7755,11812
149351,605,7823,11846
149139,610,7828,11936
148658,608,7732,11796
147768,613,6540,10638
145392,608,4678,8729
140721,610,3905,7955
139785,626,3680,7824
138822,606,3813,7853
139544,614,3756,7833
139303,605,3712,7741
141682,614,4107,8196
143057,612,4361,8400
143230,605,4406,8468
144020,615,4425,8492
127203,657,5949,10026
124636,665,6682,10822
115572,641,3778,7841
109130,631,3349,7385
106545,608,3287,7359
121523,617,3200,7269
128889,608,3164,7211
135720,610,5215,9271
144473,611,8925,13014
147288,601,8559,12542
147288,612,6194,10276
147627,616,6187,10309
147599,619,6290,10423
147768,608,6371,10412
148249,605,6237,10284
144671,599,4441,8567
142337,610,3906,7882
141882,609,3948,7997
141642,622,3878,8020
141375,611,3933,8000
140440,612,3916,7998
141161,606,3937,7970
141376,611,4005,8079
140266,607,3752,7773
137860,668,3770,7863
136442,611,3525,7567
138822,615,4012,8098
143538,615,4994,9099
128345,675,8945,12973
117020,639,3676,7764
111302,642,3664,7756
110337,634,3715,7806
119169,621,3607,7687
129549,610,3647,7705
137379,612,4095,8148
136482,620,3389,7474
134100,599,3111,7129
132477,622,3150,7246
132439,605,3179,7193
132680,622,3152,7251
133137,606,3185,7211
132439,609,3179,7249
132655,610,3204,7248
131717,615,3173,7237
134797,610,3455,7509
135304,619,3510,7630
135239,609,3274,7311
135960,608,3286,7338
135544,611,3336,7361
135063,616,3284,7381
134581,612,3266,7327
134365,613,3291,7339
135063,619,3244,7366
135063,612,3238,7306
134582,606,3295,7331
134340,608,3241,7297
133859,609,3226,7284
133708,621,3176,7287
116594,631,5472,9329
117503,656,6590,10817
114180,638,3838,7873
112993,647,3818,7969
117020,609,3866,7836
128851,622,3653,7798
134035,613,3634,7697
137138,607,3636,7688
137619,616,3663,7735
140895,601,4502,8522
144954,614,5251,9317
145365,605,5315,9374
145366,617,5032,9165
144644,606,4372,8419
142336,613,4013,8103
141135,609,3987,8042
140680,618,3904,7999
140894,608,3965,7979
141376,610,3970,8025
141135,608,3952,8013
143058,607,4586,8631
140173,622,3716,7846
139278,611,3628,7676
138034,609,3645,7694
137339,613,3658,7730
138996,620,3626,7734
137886,613,3608,7695
139304,589,3597,7610
122707,641,5873,9907
118708,649,6359,10453
109613,638,3325,7451
106062,625,3329,7363
105337,616,3257,7333
85995,894,9836,13799
94348,659,15466,19680
93622,666,8764,12912
92232,630,6885,10849
91748,655,6834,10979
91703,645,6848,10922
91748,643,6820,10859
91263,648,6820,10909
85283,890,6771,10765
74757,1380,6861,11189
70447,1359,5970,10200
68990,1184,8340,12409
68459,1088,15334,19452
71311,678,15263,19403
71311,699,2979,6621
70630,483,1929,5987
69915,483,1914,5961
69915,478,1890,5930
69672,494,1616,5732
69672,479,1578,5622
69672,479,1638,5678
69672,481,1561,5605
69672,481,1622,5664
69672,479,1633,5678
69660,481,1660,5703
69660,491,1681,5796
69660,481,1630,5673
69660,479,1426,5467
69660,481,1677,5723
69672,480,1655,5701
69672,482,1706,5752
69672,480,1550,5592
69672,481,1478,5523
69672,479,1375,5414
69672,492,1534,5650
69672,479,1568,5613
69672,480,1663,5704
69672,480,1649,5692
69672,482,1563,5616
69672,479,1659,5694
69672,481,1625,5672
61741,483,1702,5750
56430,493,1676,5787
54493,480,1591,5643
53763,481,1610,5654
53276,480,1480,5522
53276,480,1552,5593
53033,478,1616,5650
53060,479,1667,5707
53033,492,1497,5617
53033,481,1423,5474
53033,479,1704,5745
53033,481,1627,5672
53033,479,1561,5602
53033,480,1617,5665
53033,478,1576,5607
53033,482,1657,5710
53033,491,1563,5669
53033,481,1466,5515
53033,478,1466,5500
53033,482,1428,5477
53033,478,1324,5364
53033,481,1462,5508
53033,480,1634,5682
53033,481,1581,5626
53033,479,1587,5700
53025,493,1622,5667
53060,474,1593,5587
50382,492,1632,5730
49409,478,1569,5604
48921,484,1530,5591
48678,478,1633,5664
48711,481,1480,5523
48686,480,1461,5574
48686,493,1541,5589
48686,480,1480,5524
48686,481,1537,5584
48686,480,1447,5492
48686,480,1512,5560
48686,479,1620,5661
48686,480,1628,5676
48686,479,1594,5632
48686,493,1627,5741
48686,479,1513,5555
48686,482,1619,5667
48686,478,1667,5704
48686,481,1698,5740
48686,479,1656,5701
48686,480,1648,5693
48686,490,1596,5703
48686,481,1699,5749
48686,479,1735,5772
48686,481,1660,5705
48686,479,1620,5659
42886,480,2083,8165
29537,477,1597,13272
24669,485,1716,13452
22959,477,1585,13249
22232,483,1624,13348
21988,488,1670,13479
21743,473,1667,13259
21737,491,1509,13354
21743,480,1446,13154
21743,477,1349,13030
21737,483,1457,13170
21737,475,1507,13158
21737,484,1505,13243
21737,478,1523,13212
21737,480,1509,13224
21737,490,1486,13324
21737,484,1635,13361
21737,476,1519,13167
21743,482,1328,13066
21499,479,1325,13019
21499,481,1360,13063
21499,477,1315,12998
21743,483,1352,13075
21743,489,1321,13123
21743,481,1286,12994
21743,481,1413,13115
21752,479,1450,13131
21752,479,1392,13203
21752,495,1318,13014
21752,480,1231,12928
21752,480,1347,13046
21752,479,1428,13133
21752,480,1595,13291
21752,479,1595,13294
21752,481,1609,13309
21752,491,1439,13279
18091,470,1430,13011
18091,492,1539,13371
18091,480,1546,13261
18091,478,1333,13026
18091,480,1375,13081
18091,478,1349,13039
18091,482,1474,13190
18091,491,1468,13293
18091,480,1463,13178
18091,479,1557,13251
18085,485,1669,13418
18085,476,1364,13013
18085,479,1359,13046
18085,480,1362,13071
18085,479,1403,13102
18085,492,1361,13206
18085,478,1444,13099
18085,484,1424,13168
18085,482,1303,13002
18085,478,1272,12948
17840,487,1429,13199
17840,475,1320,12962
17840,480,1386,13088
17840,491,1528,13370
17840,481,1598,13305
17840,478,1651,13339
17840,482,1589,13302
17840,479,1520,13214
17840,481,1556,13259
17840,479,1613,13303
17595,485,1514,13263
17595,488,1629,13422
17595,481,1653,13369
17595,479,1586,13287
17595,480,1620,13316
17595,477,1619,13301
17595,481,1594,13301
17595,479,1626,13322
17595,480,1609,13310
17595,480,1652,13490
17607,485,1688,13294
17607,488,1678,13471
17607,480,1652,13354
17607,479,1555,13264
17607,482,1638,13337
17607,479,1598,13295
17607,480,1706,13394
17607,480,1661,13506
17607,494,1602,13313
17607,478,1631,13315
17595,476,1760,13403
17595,484,1596,13339
17595,481,1629,13337
17595,479,1518,13216
17595,481,1590,13284
17595,491,1629,13476
17595,481,1664,13368
17595,478,1587,13267
17595,481,1511,13230
17595,479,1481,13178
17840,490,1709,13503
17840,472,1585,13174
17840,482,1389,13107
17840,490,1306,13140
17840,481,1349,13059
17840,479,1459,13160
17840,480,1634,13312
17840,480,1457,13167
17840,481,1471,13157
17840,481,1580,13294
17840,492,1495,13315
17840,482,1539,13267
17840,480,1614,13308
17840,479,1526,13227
17840,479,1422,13115
17840,481,1500,13210
17840,479,1531,13221
17840,479,1359,13061
17840,479,1463,13150
17840,492,1309,13158
17846,474,1498,13130
17846,487,1581,13337
17846,481,1363,13076
17846,478,1334,13011
