nvml:nvidia_geforce_gtx_970_0,rapl:ram,rapl:cores,rapl:pkg
21982,734,6246,18730
21982,514,2144,13957
21982,522,2060,13834
21982,512,1900,13599
21982,508,1894,13594
21982,531,1808,13805
21982,505,1873,13525
21982,508,1888,13600
21982,507,1901,13578
21982,506,1840,13527
21982,505,1860,13532
21982,512,1877,13611
21982,528,1868,13814
21982,512,1987,13693
21982,505,1799,13484
21982,510,1843,13543
21982,511,1825,13491
21982,509,1820,13562
21982,503,1820,13472
21982,510,1876,13571
18323,511,1829,13593
18323,527,1804,13730
18323,503,1844,13513
18323,511,1898,13586
18323,505,1851,13551
18323,504,1814,13490
18323,505,1882,13574
18323,508,1896,13588
18323,505,1842,13538
18323,509,1989,13997
18323,531,1875,13574
18323,509,1900,13610
18323,506,1794,13482
18323,498,1866,13460
18323,509,1792,13530
18323,512,1874,13591
18323,504,1873,13552
18323,523,1814,13739
18323,502,1873,13511
18323,516,1880,13649
18329,514,1916,13726
18329,499,1895,13485
18329,506,1879,13569
18329,511,1878,13594
18329,519,1864,13737
18329,512,1875,13632
18329,509,1863,13561
18329,509,1854,13550
18329,506,1914,13600
18329,503,1793,13460
18329,508,1822,13528
18329,501,1882,13802
18329,514,1805,13283
18329,527,1814,13781
18329,506,1838,13529
18329,496,1889,13392
18329,526,1805,13713
18329,502,1827,13477
18329,509,1958,13685
18329,507,1853,13531
18084,515,1890,13710
18084,500,1820,13413
18084,525,1831,13773
18084,510,1875,13572
18084,497,1788,13391
18084,512,1810,13572
18084,505,1785,13486
18084,511,1914,13614
18084,505,1823,13520
18084,526,1822,13765
18084,509,1851,13577
18084,507,1866,13530
18084,507,1817,13520
18084,507,1802,13516
18084,504,1905,13551
18084,511,1826,13548
18084,503,1818,13488
18084,527,1783,13755
18084,508,1877,13584
18084,501,1823,13431
18078,499,1817,13453
18078,519,1861,13688
18078,508,1840,13552
18078,513,2043,13717
18078,505,1794,13477
18078,529,1930,13902
18078,507,1809,13505
18078,499,1856,13439
18078,515,1789,13604
18078,506,1892,13535
18078,509,1785,13513
18078,510,1925,13606
18078,525,1919,13828
18078,510,1810,13550
18078,505,1780,13483
18078,508,1796,13507
18078,506,1781,13476
18078,502,1796,13453
18078,507,1849,13554
18078,507,1827,13511
17840,520,1861,13682
17840,520,1753,13601
17840,507,1809,13504
17840,507,1797,13496
17840,508,1806,13515
17840,501,1791,13449
17840,510,1788,13516
17840,509,1823,13526
17840,504,1908,13570
17840,529,1901,13838
17840,508,1884,13593
17840,509,1815,13544
17840,506,1845,13522
17840,503,1851,13506
17840,512,1835,13598
17840,506,1799,13458
17840,505,1805,13503
17840,526,1814,13763
17840,506,1841,13528
17840,511,1896,13602
17840,513,1851,13648
17840,498,1705,13262
17840,506,1808,13503
17840,512,1871,13622
17840,507,1773,13471
17840,503,1797,13458
17840,507,1779,13499
17840,532,1906,13878
17840,506,1807,13503
17840,503,1816,13472
17840,500,1763,13399
17840,515,1891,13655
17840,523,1785,13687
17840,506,1796,13503
17840,510,1898,13640
17840,502,1810,13449
17840,507,1822,13523
17840,505,1805,13495
17840,508,1944,13644
17840,508,1916,13575
17840,507,1847,13593
17840,504,1866,13826
17840,521,1813,13405
17840,514,1959,13727
17840,507,1802,13510
17840,504,1785,13456
17840,507,1849,13555
17840,509,1849,13530
17840,507,1803,13508
17840,527,1903,13859
17840,500,1870,13490
17840,516,1976,13753
17840,505,1814,13495
17840,504,1820,13488
17840,512,1941,13689
17840,507,1840,13506
17840,507,1787,13502
17840,525,1811,13750
17840,504,1850,13511
17840,512,1898,13608
18072,572,11363,22644
18072,647,20533,32860
18072,597,20936,32732
18072,919,18661,30172
18072,609,20180,31994
18072,595,21365,33030
18072,808,19302,31078
18072,918,15349,26988
18072,781,16533,28224
18072,640,44199,55987
18072,621,45201,56724
18072,848,19629,32048
18072,614,20920,32500
18072,653,20936,32684
18072,655,20816,32528
18072,619,20962,32600
18072,1022,13872,25645
18072,672,19994,31676
18072,659,20749,32491
18072,621,21100,32753
18050,674,20953,32928
18050,1124,16970,29083
18050,777,11066,22947
18050,649,20015,31766
18050,663,21059,32639
18050,636,20822,32538
18050,636,20952,32679
18050,628,20734,32327
18050,610,19957,31667
18050,589,21951,33578
18050,582,23188,34874
18050,938,22915,35122
18050,1659,12890,25417
18050,802,19438,30868
28528,849,19971,25226
28528,1013,20272,24651
41377,1071,19800,23830
41377,971,20119,24381
46214,936,20208,24689
46214,1021,20303,24074
47916,995,20336,24929
47916,963,19819,23598
48646,831,20264,24921
48646,1190,18513,22818
49139,1822,14407,18695
49139,1138,15205,19589
49139,1326,17916,22171
49139,728,15225,19505
48896,1072,17261,21564
48896,985,8681,12459
48653,607,17723,21633
48653,647,20315,24450
48621,597,20320,24274
48621,587,20755,24861
48621,630,21998,26658
48621,934,22473,26546
48621,895,19785,23628
48621,1049,20428,24834
48621,900,19956,23963
48621,1174,20965,25210
48889,975,20215,24731
48889,1024,19800,24177
48653,926,19653,23280
48653,748,19853,23941
50809,924,20237,24885
50809,900,20004,24185
49594,921,20006,24047
49594,981,20174,24452
49107,972,20032,24005
49107,826,20156,24474
55392,993,20380,24849
55392,668,19370,23179
80141,637,19300,23231
80141,662,18344,22621
100197,654,18598,22920
100197,666,15169,19320
119938,632,12191,16137
119938,663,12253,16450
135299,628,12509,16414
135299,651,9697,13755
139866,675,7093,11406
139866,671,7125,11041
141521,659,7148,11336
141521,675,7074,11245
141067,641,6919,10930
141067,649,7164,11128
141308,657,6874,10985
141308,659,7030,11202
142482,646,6854,10853
142482,658,7064,11170
141307,674,6977,11244
141307,635,6948,10853
142482,672,7080,11317
142482,685,6910,11024
142242,641,6506,10539
142242,666,5998,10060
141041,664,5107,9273
141041,670,3800,7916
133314,663,3428,7485
133314,668,3363,7356
129549,667,3368,7479
129549,657,3315,7334
128827,698,3457,7676
128827,653,3354,7336
129068,677,3295,7466
129068,712,3506,7585
127623,667,3326,7391
127623,667,3403,7423
127864,681,3328,7483
127864,667,3289,7360
128166,671,3378,7443
128166,704,3723,7819
133794,637,9897,13783
133794,648,12178,16309
140801,652,12262,16263
140801,657,11972,16148
143684,634,8711,12986
143684,714,5921,9850
141856,672,5713,9950
141856,644,6179,10140
142268,651,7095,11172
142268,678,5930,10139
141548,618,5154,9023
141548,687,5206,9404
139692,647,4467,8506
139692,676,4020,8186
137620,659,3965,8013
137620,683,3953,8159
137072,629,4826,8726
137072,680,5804,9816
139237,662,5811,9957
139237,668,5800,9916
141135,678,6011,10271
141135,633,6407,10359
143230,637,7288,11268
143230,670,6736,10968
141856,656,5192,9252
141856,655,5211,9326
141134,651,5169,9188
141134,666,5067,9199
140654,649,5190,9215
140654,726,4278,8541
137645,637,3982,7935
137645,691,3957,8159
136508,654,3954,7964
136508,655,6683,10749
141135,640,6503,10515
141135,662,4495,8620
139477,692,4419,8658
139477,662,4401,8493
139958,633,5004,8906
139958,660,4561,8858
139212,658,4496,8419
139212,708,4595,8719
140414,661,4661,8748
140414,661,4600,8648
139933,665,4576,8739
139933,659,4568,8643
139718,644,4652,8648
139718,676,4173,8355
138516,652,4156,8200
138516,667,4191,8269
137379,681,4191,8395
137379,575,6095,9856
126503,933,16281,20746
126503,910,18199,22024
89752,610,19816,23722
89752,692,20448,24689
101422,744,15924,20400
101422,708,5403,9489
104077,682,3700,7670
104077,720,3599,7842
103163,679,3720,7682
103163,697,3626,7717
101488,708,3634,7782
101488,677,3544,7633
101972,619,3491,7496
101972,714,4740,8821
122889,651,4732,8765
122889,658,4639,8710
134733,654,4661,8688
134733,690,4571,8845
138250,660,4622,8703
138250,676,4552,8699
139625,637,4638,8638
139625,654,4624,8680
139933,663,4709,8769
139933,672,4622,8784
140414,639,4593,8526
140414,696,4645,8781
139692,683,4621,8843
139692,639,5760,9641
141788,657,7249,11368
141788,668,5554,9716
137379,674,3613,7728
137379,641,4938,8857
137379,676,4210,8398
137379,671,3941,8088
136176,650,3774,7749
136176,682,3849,8004
135279,654,3795,7819
135279,691,3825,7898
135455,674,3800,7956
135455,680,3772,7918
134276,661,3770,7835
134276,664,3868,7969
134998,666,3871,7974
134998,659,3843,7868
134998,655,3816,7863
134998,663,3814,7824
136658,681,3805,7995
136658,644,4062,8038
139211,671,4650,8848
139211,679,8535,12534
142990,650,7287,11370
142990,656,5142,9171
142097,683,5158,9420
142097,637,5177,9119
141856,679,5292,9568
141856,623,5182,9063
141856,684,5244,9508
141856,671,5222,9330
142989,658,5302,9284
142989,674,5205,9303
141067,666,4678,8867
141067,679,4153,8074
140414,665,5388,9536
140414,671,5083,9194
139959,647,4333,8344
139959,669,4433,8519
138515,677,4249,8474
138515,652,4291,8203
138996,674,4229,8443
138996,666,4348,8433
141616,648,4239,8251
141616,680,4061,8243
139517,662,3781,7819
139517,708,3829,7948
139757,651,3767,7742
139757,666,3734,7855
139451,676,3780,7960
139451,649,3724,7677
139035,663,3780,7851
139035,692,5482,9720
142549,649,5410,9428
142549,651,5434,9515
144472,654,5460,9496
144472,668,4333,8469
142788,654,4151,8159
142788,701,4223,8328
140894,686,4128,8343
140894,644,4204,8144
139451,688,4127,8345
139451,665,4150,8254
138997,649,4128,8139
138997,662,3863,7865
137139,657,3648,7744
137139,689,3674,7867
135720,647,3755,7715
135720,661,8195,12103
143658,638,17414,21458
143658,655,14512,18476
146922,655,15139,19366
146922,647,14700,18814
148603,655,15052,18977
148603,676,12230,16789
148052,632,9735,13693
148052,675,9972,14193
149322,643,10201,14083
149322,744,13482,17682
132807,728,12765,17011
122889,694,4093,8158
122889,698,3616,7716
111302,680,3534,7564
111302,699,3598,7700
105578,698,3560,7655
105578,694,3493,7565
104612,671,3470,7565
104612,685,3519,7648
115309,669,3369,7403
115309,678,3324,7455
123612,651,3289,7283
123612,685,3388,7503
127406,656,3358,7381
127406,678,3328,7452
129370,661,3310,7312
129370,681,3291,7418
131210,656,3290,7335
131210,670,3590,7652
134517,661,4240,8339
134517,686,4580,8816
139277,639,4628,8615
139277,675,4632,8774
140894,653,4706,8721
140894,677,4622,8738
141856,647,4490,8547
141856,667,4525,8639
141161,652,4543,8584
141161,681,4199,8367
139718,642,4085,8036
139718,675,4118,8274
139237,656,4139,8165
139237,663,4119,8203
138823,675,4166,8355
138823,655,4166,8179
142337,653,7041,11152
142337,656,7500,11550
145365,654,7832,11953
145365,677,6701,10901
143779,644,5117,9090
143779,693,4324,8325
140653,778,4707,8880
140653,666,4129,8248
139544,650,4175,8184
139544,684,4108,8320
138997,668,4152,8274
138997,668,4194,8283
139063,649,4150,8169
139063,671,4175,8263
139785,644,4285,8252
139785,672,4866,9046
141615,646,4939,8921
141615,661,5030,9149
142817,689,5000,9256
142817,631,4863,8771
142817,659,5141,9140
142817,677,5866,10212
143470,661,5189,9245
143470,664,5274,9380
142818,638,4683,8605
142818,663,4522,8618
142509,666,4502,8699
142509,673,4470,8632
141856,653,4510,8525
141856,666,4467,8583
141548,652,4426,8450
141548,662,4504,8611
141135,652,4508,8541
141135,663,4588,8678
141376,671,4599,8793
141376,648,4323,8284
138515,662,4093,8162
138515,681,4513,8702
140680,652,4637,8710
140680,639,4623,8568
141882,690,4633,8881
141882,665,4505,8609
141883,651,4640,8658
141883,661,4530,8630
143271,645,4604,8634
143271,694,5580,9803
143779,645,5792,9865
143779,631,5865,9730
143230,667,4479,8724
143230,663,4207,8330
142577,652,4268,8232
142577,665,4218,8382
141135,677,4293,8437
141135,663,3757,7858
139037,639,3812,7728
139037,669,3793,7902
137860,673,3787,7906
137860,685,3802,7966
137379,649,3765,7845
137379,672,3850,7928
137379,657,3826,7899
137379,665,3733,7800
137860,645,3699,7743
137860,685,3726,7861
136467,652,3798,7838
136467,662,3795,7812
136923,678,3810,7978
136923,652,4293,8254
125539,768,13299,17512
125539,712,8336,12415
115572,692,3595,7728
115572,706,3616,7734
108478,679,3557,7600
108478,696,3535,7658
106062,683,3618,7613
106062,688,3540,7684
101587,643,3521,7547
101587,692,3376,7517
118227,662,3331,7337
118227,657,3335,7373
127467,670,3831,7899
127467,668,4000,8106
134782,674,3998,8174
134782,669,3891,8010
136442,655,3781,7791
136442,664,3494,7527
134758,674,3453,7531
134758,661,3408,7480
134036,684,3534,7705
134036,660,3476,7534
133619,671,3548,7629
133619,667,3490,7601
133073,659,3389,7415
133073,672,3317,7449
133378,655,3390,7386
133378,683,3419,7546
133137,676,3433,7584
133137,680,3611,7722
132832,652,3518,7555
132832,668,5122,9198
140680,627,5951,9892
140680,665,4164,8288
136442,676,3593,7734
136442,664,3536,7595
134757,664,3574,7642
134757,674,3473,7550
133859,660,3528,7586
133859,673,3507,7652
133137,676,3575,7702
133137,666,3500,7617
132439,670,3498,7568
132439,644,3529,7507
132414,678,3610,7733
132414,659,3536,7587
134582,673,3737,7861
134582,661,4830,8916
139237,646,4943,8963
139237,673,7672,11792
144363,637,9802,13788
144363,663,9913,14096
148391,630,10114,13966
148391,716,10380,14522
148221,702,8646,12964
148221,673,6922,11075
147500,660,5532,9602
147500,638,4870,8805
144954,687,4940,9203
144954,655,4833,8881
144714,659,4894,8952
144714,680,4923,9075
143443,647,4921,8980
143443,664,4952,9054
143950,636,4979,8992
143950,670,4414,8570
142337,661,4333,8419
142337,663,4307,8429
141375,654,4048,8084
141375,669,3453,7488
135238,677,3338,7463
135238,677,3351,7444
133137,661,3560,7618
133137,668,3992,8082
136442,652,3988,8027
136442,658,3986,8042
137860,661,4047,8113
137860,677,4086,8180
139544,655,4061,8091
139544,655,3844,7931
140440,677,4344,8562
140440,672,4594,8702
142164,648,4549,8604
142164,670,3840,7952
139303,643,3630,7652
139303,687,3684,7838
136201,652,3660,7640
136201,672,3642,7781
136001,652,3706,7699
136001,671,3649,7797
135239,669,3696,7802
135239,641,7736,11624
142749,658,13270,17248
142749,677,12297,16741
144603,625,6555,10464
144603,647,5449,9543
144672,685,5402,9673
144672,654,4926,8925
143711,642,4583,8598
143711,659,4498,8619
143058,662,4617,8659
143058,659,4576,8677
143058,677,4533,8750
143058,651,4486,8456
136682,663,4070,8167
136682,762,7337,11599
123130,694,7084,11125
123130,678,3939,7907
114848,716,3941,8161
114848,707,3956,8081
112510,685,3968,7980
112510,717,3963,8134
111544,652,4001,7996
111544,696,4069,8191
123189,649,3812,7803
123189,671,3799,7987
131210,655,3827,7827
131210,672,3797,7878
135278,686,3773,7976
135278,656,3837,7890
135935,665,3803,7900
135935,674,3781,7876
136175,651,3763,7797
136175,661,3764,7828
137768,649,3807,7834
137768,676,3831,7914
137313,674,3809,7972
137313,653,4348,8368
139932,655,4394,8416
139932,661,4397,8483
140413,669,4424,8596
140413,652,4501,8479
141615,674,4464,8680
141615,646,4481,8441
142577,668,4489,8644
142577,667,4515,8655
141856,658,4492,8540
141856,665,4501,8585
142096,670,4379,8519
142096,671,4418,8526
141134,648,4277,8317
141134,653,4377,8340
142029,668,4425,8638
142029,645,4209,8156
139692,685,4046,8291
139692,675,4073,8157
139277,649,4002,8007
139277,671,4025,8141
139478,650,4001,8031
139478,672,3990,8112
139237,657,4008,8067
139237,667,3990,8057
139477,650,4023,8030
139477,654,3916,8002
138997,686,3987,8235
138997,644,3986,7902
139237,679,4345,8569
139237,645,5665,9676
142990,650,5862,9899
142990,686,5358,9591
144191,632,4853,8842
144191,663,4864,8911
143779,663,4918,9068
143779,660,4867,8929
143924,650,4843,8900
143924,658,4804,8895
143779,659,4940,9019
143779,658,4886,8932
143230,678,5012,9295
143230,625,4965,8825
144233,675,4934,9139
144233,671,4952,9122
143992,652,4837,8853
143992,656,4844,8892
144500,658,4976,9032
144500,654,6316,10417
146567,658,7785,11964
146567,645,7728,11694
143271,676,4674,8895
143271,654,3274,7287
135720,681,3394,7510
135720,673,3328,7398
134341,658,3396,7400
134341,673,3351,7476
131653,669,3337,7457
131653,679,3516,7593
135720,662,3931,8019
135720,654,3889,8009
137072,658,3974,8026
137072,676,4025,8122
138034,654,4023,8063
138034,665,3978,8062
139237,670,3972,8099
139237,635,4499,8382
142269,672,5669,9902
142269,669,5911,10022
144164,640,5841,9848
144164,660,5883,9990
144885,676,5566,9754
144885,631,4847,8755
143951,673,4938,9104
143951,669,4880,9018
144404,658,4879,8934
144404,663,4514,8642
142749,649,4203,8190
142749,691,4311,8522
141615,655,4280,8343
141615,702,6296,10229
125215,725,10298,14415
125215,727,6876,11129
119594,698,4186,8275
119594,686,4103,8126
115309,690,4142,8180
115309,718,4121,8280
113642,644,3990,7957
113642,694,4156,8260
127599,658,3889,7963
127599,678,3929,8144
132832,670,3925,8022
132832,662,3486,7480
133554,662,3451,7526
133554,688,3583,7717
134732,656,3517,7554
134732,662,4806,8859
139933,674,4979,9119
139933,661,4824,8943
141856,662,4603,8698
141856,676,4297,8421
141375,646,4263,8292
141375,667,4284,8362
141375,649,4371,8383
141375,659,4258,8326
141615,663,4104,8195
141615,683,3840,7972
139063,646,3827,7829
139063,686,3857,8062
139037,662,3728,7837
139037,663,5071,9171
142336,641,5411,9360
142336,673,5447,9578
143203,665,4524,8719
143203,646,4113,8044
141375,678,4139,8358
141375,643,4138,8248
140413,665,4018,7958
140413,677,4054,8147
140199,665,4068,8180
140199,657,4056,8083
140199,662,4036,8101
140199,674,4806,8925
142509,641,4924,8953
142509,673,4570,8760
142817,656,4324,8353
142817,661,4263,8317
141161,674,4247,8463
141161,649,4245,8205
141375,656,4210,8280
141375,666,4211,8305
141856,681,4252,8465
141856,660,4244,8324
141161,650,4263,8318
141161,663,4229,8316
140680,658,4181,8239
140680,664,3783,7863
139211,660,3891,7913
139211,666,3809,7933
137860,661,3793,7849
137860,662,3785,7840
136683,672,3706,7888
136683,654,3744,7752
136136,673,3759,7892
136136,673,3776,7871
138341,647,3729,7775
138341,677,3755,7879
136442,652,3803,7828
136442,671,3757,7845
137579,640,3713,7721
137579,691,3670,7880
137619,652,3765,7710
137619,664,3782,8057
138315,668,3746,7670
138315,676,3815,7989
139478,658,4399,8514
139478,644,5065,9051
142962,660,5423,9514
142962,673,4538,8702
142509,654,4492,8538
142509,661,4515,8604
143683,662,4586,8635
143683,662,4529,8624
143683,645,4613,8636
143683,691,4542,8825
142654,627,4599,8494
142654,656,4599,8696
143230,687,4645,8897
143230,664,4582,8680
143203,649,4535,8579
143203,657,4581,8661
142097,663,4281,8400
142097,658,4157,8197
141134,662,4231,8334
141134,646,4847,8779
143512,654,4863,8989
143512,678,4362,8571
142790,656,4470,8501
142790,659,4410,8457
141856,654,4278,8350
141856,675,4306,8416
141856,650,4236,8272
141856,711,5704,9718
126720,738,12258,16521
126720,693,4260,8315
113883,680,3455,7497
113883,690,3457,7535
107440,683,3463,7525
107440,713,3547,7758
105579,689,3552,7617
105579,690,3514,7629
101538,656,3578,7594
101538,676,3288,7413
120055,654,3265,7272
120055,686,3323,7423
127443,649,3226,7226
127443,679,3187,7338
129610,693,3310,7470
129610,627,5564,9331
138582,665,6578,10827
138582,668,4778,8906
138581,660,3598,7637
138581,675,3529,7647
135759,662,3680,7720
135759,665,3603,7657
136417,665,4362,8473
136417,670,4942,9073
141856,633,4816,8803
141856,682,4490,8719
142337,660,4306,8341
142337,650,4200,8224
141642,665,4211,8310
141642,664,4264,8358
140747,657,4208,8279
140747,665,4255,8329
141135,674,4200,8417
141135,643,4281,8238
141856,677,4253,8443
141856,669,4308,8438
141615,642,4383,8388
141615,665,4369,8478
141375,646,4364,8391
141375,661,4368,8455
140894,647,4330,8343
140894,667,4324,8444
140894,646,4323,8345
140894,668,4230,8375
140894,660,4165,8250
140894,686,4217,8449
140654,649,4288,8312
140654,670,4317,8440
140894,643,4300,8303
140894,668,4172,8319
141134,645,4222,8215
141134,670,4366,8487
141375,643,4292,8282
141375,672,4268,8394
141135,680,4245,8479
141135,634,4373,8268
141135,675,4236,8431
141135,678,4288,8446
141134,626,4373,8235
141134,669,5160,9357
143683,653,5244,9271
143683,663,5156,9299
143923,648,5048,9083
143923,698,4029,8262
141135,652,4087,8114
141135,681,4115,8237
140480,650,4107,8134
140480,684,4097,8284
139784,641,4086,7998
139784,698,4130,8394
139865,621,4027,8109
139865,693,6086,10174
143470,641,6886,10876
143470,643,6170,10125
145126,667,6228,10394
145126,665,4808,8970
143710,647,4460,8462
143710,659,4486,8555
142029,664,4496,8580
142029,669,4409,8505
142029,671,4396,8605
142029,660,4330,8412
143298,665,4432,8489
143298,671,4487,8597
142989,646,4492,8508
142989,662,4381,8490
142577,672,4324,8485
142577,643,4437,8334
141788,660,4459,8594
141788,684,4447,8660
143443,656,4529,8520
143443,671,4477,8676
142337,653,4546,8595
142337,667,4499,8604
142577,651,4470,8485
142577,666,4501,8609
142096,653,4476,8503
142096,656,4148,8203
140653,662,3978,8070
140653,677,3992,8139
139478,653,4018,8027
139478,670,4098,8198
139237,683,4068,8281
139237,717,9103,13048
125516,710,11375,15464
125516,707,3766,7958
113642,677,3740,7719
113642,715,3736,7946
109424,700,3751,7853
109424,667,3759,7690
108164,701,3616,7771
108164,670,3707,7830
112249,673,3695,7730
112249,647,3574,7539
125298,691,3579,7779
125298,657,3615,7638
130970,673,3617,7737
130970,645,3830,7800
137794,661,6222,10314
137794,658,6147,10192
143443,684,6284,10552
143443,644,5908,9961
143512,651,5270,9282
143512,655,5197,9278
145125,653,5245,9242
145125,695,4248,8554
142790,645,4048,8026
142790,673,4052,8224
141375,639,4048,8014
141375,686,4087,8235
139211,658,4138,8178
139211,681,3986,8177
139451,642,4053,8006
139451,670,3987,8102
139932,681,4021,8207
139932,658,4002,8076
141350,672,4700,8809
141350,640,7183,11201
145750,637,7331,11348
145750,654,6817,10887
145125,674,5129,9327
145125,651,5179,9273
144404,649,4451,8413
144404,654,3955,8222
143443,698,4667,8741
143443,639,4603,8530
143202,679,4577,8804
143202,667,4614,8726
142509,626,4599,8503
142509,673,4621,8799
143992,662,4730,8797
143992,665,4641,8765
142096,658,3953,8055
142096,656,3649,7677
138101,672,3692,7788
138101,676,3701,7801
138515,649,3756,7739
138515,674,3652,7789
138100,655,3933,7965
138100,666,8560,12515
145340,642,10691,15085
145340,673,10853,14943
148151,646,10514,14537
148151,666,10980,15111
149492,627,10719,14657
149492,665,10805,15015
151004,647,12849,16823
151004,650,8848,12886
148588,663,5664,9814
148588,665,5505,9679
146326,652,5569,9609
146326,647,5593,9660
146567,657,5546,9585
146567,664,5467,9543
146497,674,5569,9809
146497,640,5428,9597
145606,664,5354,9342
145606,653,4605,8651
143470,659,4538,8658
143470,650,4670,8645
144714,689,4686,8952
144714,642,4568,8576
143993,667,4567,8731
143993,651,4600,8620
143230,658,4522,8605
143230,661,4348,8421
142749,670,4253,8377
142749,672,4139,8258
141548,649,4112,8146
141548,658,4096,8111
141135,659,4206,8276
141135,675,4130,8269
140895,653,4104,8136
140895,671,4170,8276
140173,681,4110,8335
140173,647,4136,8055
140439,680,4176,8396
140439,656,4111,8102
140653,659,4116,8175
140653,670,4127,8247
140654,657,4167,8238
140654,667,4158,8272
138971,678,3888,8047
139278,639,3710,7618
139278,695,3950,8179
139278,741,12262,16172
121501,722,5437,9707
121501,704,4712,8737
116998,679,3956,8020
110579,708,3536,7699
110579,716,4084,8243
111282,677,4215,8195
111282,665,4240,8431
121019,673,4075,8045
121019,652,4020,8040
132566,670,4009,8161
132566,667,3925,7989
135935,656,4068,8106
135935,681,3980,8185
138008,650,4003,8005
138008,673,4036,8164
138997,677,4002,8160
138997,647,3941,7949
139932,648,3990,8008
139932,665,4044,8107
139211,667,4035,8114
139211,686,3925,8162
139451,662,3858,7906
139451,662,3892,7973
139211,661,3969,8035
139211,654,3984,7967
140654,660,4020,8122
140654,666,7001,11072
144885,656,7583,11733
144885,666,5531,9602
145125,651,5519,9598
145125,666,6193,10339
140346,670,3421,7538
140346,679,3336,7444
135935,647,3358,7304
135935,685,3292,7466
132592,654,3319,7328
132592,686,3319,7427
132833,653,3247,7263
132833,674,3373,7524
135238,668,4251,8355
135238,637,10114,14037
144232,658,12250,16274
144232,676,10627,15014
148193,635,8110,12109
148193,669,8182,12357
147938,622,7853,11698
147938,671,6574,10758
146566,655,5687,9729
146566,666,5535,9754
145846,676,4225,8354
145846,649,4133,8185
143058,656,4160,8185
143058,671,4156,8274
142336,657,4167,8258
142336,666,4156,8250
142577,649,4223,8234
142577,666,4220,8330
142337,674,4188,8385
142337,637,4222,8172
141615,677,4220,8421
141615,662,4290,8391
141710,653,4287,8318
141710,667,4320,8437
141856,651,4394,8426
141856,665,4294,8380
141856,652,4377,8396
141856,663,4326,8413
141615,655,4272,8344
141615,686,4196,8427
142336,656,4279,8347
142336,661,4325,8408
142817,652,4227,8279
142817,660,4217,8331
142577,646,4287,8264
142577,665,4161,8330
142577,658,4308,8317
142577,658,4206,8270
142096,660,4198,8276
142096,676,4053,8202
141135,713,4084,8273
141135,636,3746,7662
138796,681,3856,8038
138796,644,4129,8069
140894,675,4495,8699
140894,658,5385,9429
144233,636,5498,9511
144233,668,5557,9635
144473,673,4757,9002
144473,669,4140,8261
142482,647,4194,8211
142482,666,4156,8272
141615,650,4236,8242
141615,670,4214,8357
141615,648,4196,8193
141615,668,4075,8168
141856,653,4101,8127
141856,673,4088,8248
141856,682,4093,8283
141856,649,4044,8053
141589,677,4098,8219
141589,668,4350,8391
127599,758,13805,17893
127599,700,10139,14183
120778,697,3847,7964
120778,716,3751,7979
114125,665,3889,7804
114125,720,3870,8096
110096,690,3968,8014
110096,673,3875,7969
115090,681,3791,7866
115090,670,3729,7785
127864,649,3685,7731
127864,680,3699,7816
133073,664,3679,7736
133073,658,3627,7678
134998,660,3631,7693
134998,662,3653,7704
138756,676,6369,10546
138756,666,7801,11938
144644,639,8022,11994
144644,669,7906,12070
146977,649,8046,12093
146977,665,7966,12076
147697,646,8109,12136
147697,663,8129,12212
147697,655,8142,12221
147697,653,8250,12254
148871,666,7795,12095
148871,656,6060,10106
147910,650,5786,9805
147910,659,5757,9885
147430,666,5743,9954
147430,678,5752,9871
144233,651,4154,8216
144233,638,3737,7664
140414,678,3686,7876
140414,668,3754,7812
138730,663,3815,7913
138730,671,3863,7897
139452,648,3762,7825
139452,660,5202,9256
142310,658,5459,9518
142310,656,5457,9514
145365,666,5506,9719
145365,677,5575,9717
145365,645,5320,9361
145365,669,5471,9611
146300,640,5589,9535
146300,674,5435,9646
145125,650,5519,9532
145125,650,5502,9551
145606,657,5573,9629
145606,661,5388,9536
145846,663,5302,9433
145846,675,3948,8077
140653,663,3738,7811
140653,667,3681,7783
138101,661,3713,7763
138101,667,3754,7851
139932,650,4282,8308
139932,682,4206,8364
138275,669,3693,7773
138275,683,3341,7455
135239,658,3384,7405
135239,685,3335,7488
133137,642,3327,7257
133137,675,3349,7403
132351,664,3279,7373
132351,671,3231,7462
132174,698,3328,7391
132174,650,3261,7200
132832,691,3311,7494
132832,660,3280,7298
131870,668,3347,7441
131870,692,3324,7473
131933,645,3329,7314
131933,679,3345,7496
132808,654,3351,7295
132808,696,3857,8121
137768,646,4565,8610
137768,650,4557,8603
141829,661,4598,8644
141829,683,4321,8527
142242,641,4069,7998
142242,681,4153,8368
141856,652,4088,8108
141856,677,4130,8287
141307,652,4085,8121
141307,665,4076,8166
141788,649,4045,8016
141788,676,4125,8292
141134,654,4075,8110
141134,662,4471,8554
142722,669,4853,9033
142722,658,4775,8845
143683,641,5372,9298
143683,653,6302,10370
145339,685,6075,10413
145339,645,5992,9996
145749,659,5222,9281
145749,662,5082,9218
145125,658,5215,9246
145125,652,5102,9166
126238,724,4982,9198
126238,729,8371,12518
124794,697,6325,10325
124794,701,4215,8346
118148,688,4200,8246
118148,707,4280,8373
114607,706,4182,8335
114607,695,4083,8216
116274,683,4224,8310
116274,629,3971,7883
132567,676,5441,9591
132567,653,6984,11113
141067,637,6194,10173
141067,689,5614,9826
141547,648,3964,7962
141547,656,4452,8510
142723,684,4544,8770
142723,650,4590,8579
143202,651,4571,8605
143202,673,4609,8877
144645,683,4677,8646
144645,680,4582,8779
143924,639,4517,8517
143924,669,4527,8675
143443,655,4551,8622
143443,659,4555,8628
145099,654,4604,8593
145099,682,4392,8591
142790,654,4134,8191
142790,660,4099,8108
141856,674,4187,8320
141856,663,3954,7995
139692,652,3646,7684
139692,677,3669,7794
138315,684,3708,7908
138315,655,3657,7712
137353,662,3605,7658
137353,675,3663,7724
136417,659,3615,7709
136417,669,3670,7712
137379,658,3705,7735
137379,673,3650,7791
136832,660,3688,7721
136832,674,3679,7760
137112,660,3760,7897
137112,646,12425,16253
145791,675,15579,20010
145791,630,12366,16128
148560,680,11405,15783
148560,646,8994,13021
148601,643,7494,11497
148601,676,6743,10990
148320,622,6902,10702
148320,669,6737,10964
149040,669,7070,11239
149040,640,6614,10600
147910,659,5960,10111
147910,680,3863,8014
141547,669,3859,7963
141547,647,4470,8479
142097,656,4500,8555
142097,666,4497,8612
143203,669,4505,8707
143203,650,5436,9450
144164,642,5037,9052
144164,658,4582,8630
142722,663,4347,8452
142722,686,4126,8349
141547,649,4075,8060
141547,660,4116,8200
140173,681,3827,8022
140173,656,3620,7670
137313,668,3603,7695
137313,678,3634,7703
140413,650,5038,9054
140413,664,5089,9188
142722,651,4556,8631
142722,674,4503,8675
143683,659,4594,8626
143683,654,4418,8454
142577,651,4440,8488
142577,667,3993,8109
141829,657,3890,7957
141829,676,3478,7570
137860,684,3568,7755
137860,641,3486,7424
136657,685,3854,8076
136657,626,4738,8617
140894,669,4608,8777
140894,673,4206,8358
141616,657,4221,8266
141616,663,4260,8360
142096,651,4328,8358
142096,662,4304,8376
141856,675,4264,8439
141856,650,4276,8240
142096,678,4287,8516
142096,673,4296,8406
142337,648,4265,8282
142337,658,4273,8339
143031,653,4279,8338
143031,705,5132,9285
130006,741,15367,19245
130006,711,5901,10169
117907,693,3524,7591
117907,693,3423,7542
109855,684,3449,7491
109855,697,3867,7932
111302,695,4160,8225
111302,670,4057,8160
117240,701,4070,8284
117240,649,4057,8000
130247,686,3942,8178
130247,655,4002,8000
137073,657,3969,8073
137073,659,4006,8077
137794,661,3969,8027
137794,665,3970,8051
138730,659,4004,8062
138730,661,4003,8063
139451,689,4046,8284
139451,630,4044,7925
142069,671,5577,9737
142069,665,5762,9850
145818,638,5929,9957
145818,675,5886,10059
145819,647,5912,9888
145819,650,5922,10037
146299,674,5616,9813
146299,641,4838,8799
144645,666,4950,9121
144645,667,5075,9260
146256,633,7517,11345
146256,674,7640,12006
147910,628,7821,11652
147910,680,7662,12023
148150,635,7427,11337
148150,687,4970,9204
141135,655,3356,7354
141135,675,3323,7445
136325,651,3315,7334
136325,680,3349,7442
133073,661,3374,7411
133073,699,3475,7692
133530,642,3306,7298
133530,686,3296,7464
132351,672,3323,7373
132351,662,3300,7338
133554,656,3317,7385
133554,685,3258,7391
131629,653,3343,7332
131629,698,3311,7489
134036,661,3711,7817
134036,664,3934,8012
137794,649,3923,7943
137794,660,3964,8007
138034,667,3771,7840
138034,669,3414,7479
138490,669,4636,8701
138490,681,4659,8888
141307,642,4282,8279
141307,668,6232,10394
144645,642,6488,10460
144645,671,6493,10685
145605,651,6598,10644
145605,654,6358,10420
147190,661,5780,9969
147190,638,5424,9321
145845,679,5365,9666
145845,657,5471,9560
146299,651,5586,9583
146299,656,5493,9607
146326,653,5598,9647
146326,650,5443,9495
145365,664,5454,9517
145365,673,4539,8706
143271,672,4196,8328
143271,674,3329,7368
137379,676,3310,7422
137379,671,3306,7417
133795,662,3345,7296
133795,666,3282,7343
133516,692,3346,7550
133516,650,3314,7281
132174,679,3281,7441
132174,671,3336,7337
132440,660,3275,7361
132440,681,3307,7467
132655,664,3323,7306
132655,670,3325,7383
136898,656,5758,9727
136898,667,5509,9724
142577,636,5243,9472
142577,674,5051,8943
143470,663,4437,8581
143470,659,4430,8509
142749,658,4468,8549
142749,655,4433,8434
142097,670,4207,8379
142097,671,4005,8100
140654,646,4003,8025
140654,671,4024,8148
139692,680,4023,8223
139692,642,4368,8245
143443,638,5685,9782
143443,662,5467,9528
127382,764,7319,11513
127382,718,4800,8998
117239,683,3906,7956
117239,693,3859,7873
112918,696,3896,8016
112918,686,3851,7923
110820,687,3869,7868
110820,677,3787,7910
99846,737,3930,8050
99846,1133,13529,17604
95494,706,20354,24348
95494,757,16070,20393
94331,729,8046,12157
94331,722,8064,12126
93138,702,7758,11830
93138,719,7968,12013
92896,749,7900,12256
92896,679,7957,11791
93606,733,7872,12147
93606,699,7926,11780
93122,735,7869,12192
93122,712,7928,11994
92126,699,7948,11945
92126,725,7847,11990
92396,692,7829,11817
92396,1379,7442,11751
78346,1350,7535,11679
78346,1350,6115,10415
71857,1459,6589,10933
71857,1292,5181,9356
69462,1293,7263,11471
69462,1120,9887,13935
68701,1052,12809,16834
68701,1061,14409,18576
68447,960,16058,20162
71277,593,16661,20750
71277,816,6892,11603
71312,502,2523,6718
71312,520,2029,6169
70353,500,1885,5904
70353,516,1796,5875
69903,501,1723,5749
69903,510,1730,5789
69903,499,1741,5769
69903,515,1854,5899
69903,526,1757,5930
69903,508,1785,5841
69903,502,1803,5830
69903,516,1938,5995
69903,502,1690,5729
69903,509,1740,5799
69903,504,1869,5905
69903,511,1798,5842
69672,529,1881,6057
69672,509,1780,5841
69672,500,1824,5834
69672,516,1821,5894
69429,503,1856,5883
69429,510,1712,5779
69417,502,1726,5757
69417,512,1803,5854
69417,503,1813,5994
69417,535,1810,5868
69417,501,1888,5908
69417,515,1956,6024
69417,501,1887,5908
69417,512,1788,5858
69417,499,1946,5951
69417,515,1933,6011
69417,525,2016,6172
69417,511,1870,5944
69417,502,1817,5840
69417,514,1917,5977
69417,499,1827,5853
69417,515,1857,5936
69417,501,1821,5844
69417,514,1928,5989
69417,525,1836,6004
69417,509,1917,5967
69417,504,1849,5888
69417,513,1902,5950
69417,502,1832,5864
69417,509,1867,5918
69417,500,1818,5841
69417,512,1890,5955
69417,502,1845,6012
69417,536,1823,5889
69417,500,1908,5924
69417,519,1969,6043
69429,505,1897,5929
69429,507,1845,5891
69417,504,1841,5877
69417,515,1968,6009
57366,527,1877,6062
57366,510,1828,5895
52295,500,1829,5845
52295,514,1957,6024
50106,502,1873,5902
50106,512,1864,5935
49384,499,1853,5858
49384,517,1946,6028
49165,523,1873,6024
49165,489,1864,5938
49165,523,1833,5851
49165,514,1887,5948
48921,499,1833,5848
48921,513,1829,5907
48921,503,1870,5896
48921,514,1933,5994
48678,524,1874,6031
48678,512,1792,5865
48678,500,1837,5859
48678,511,1866,5924
48678,502,1917,5946
48678,509,1756,5821
48678,502,1902,5918
48678,514,1860,5933
48678,524,1848,6019
48678,487,1814,5734
48678,560,1995,6148
48678,520,2085,6170
48678,502,1876,5904
48678,512,1819,5876
48678,502,1897,5907
48678,515,1858,5930
48678,524,1910,6069
48678,513,1867,5931
48678,507,1897,5935
48678,515,1971,6037
48678,501,1911,5922
48678,514,1875,5945
48678,503,1997,6011
48678,514,1877,5953
48678,524,1901,6050
48678,489,1915,5990
48678,524,1824,5834
48678,518,1926,6018
48678,499,1921,5923
48678,515,1966,6045
48678,500,1918,5925
48678,516,1981,6055
48678,525,1914,6078
48678,513,1893,5954
48678,503,1955,5973
48678,517,1953,6027
43109,503,2569,10628
43109,493,1874,13417
29768,519,1963,13799
29768,501,2074,13613
25148,521,1973,13809
25148,522,1846,13696
23203,509,1853,13598
23203,509,1885,13537
22470,516,1843,13677
22470,500,1914,13420
22232,514,1941,13716
22232,504,1945,13547
21982,515,1934,13733
21982,522,1858,13711
21982,515,1900,13703
21982,504,1959,13525
21982,517,1981,13809
21982,499,1966,13530
21982,517,1934,13746
21982,505,1968,13566
21737,515,1876,13674
21737,526,1934,13809
21982,495,1920,13453
21982,524,1866,13717
21982,517,1895,13728
21982,497,1856,13389
21737,516,1874,13681
21737,503,1878,13452
21737,516,1963,13777
21737,520,1868,13688
21982,513,1908,13695
21982,503,1864,13454
21982,520,1902,13760
21982,495,1864,13381
21982,517,1908,13745
21982,519,1965,13739
21982,501,1916,13542
21982,523,1914,13760
21982,493,1958,13497
21982,520,1917,13731
21982,522,1960,13843
21982,495,1828,13343
21982,524,2015,13922
21982,495,1915,13383
21982,517,1898,13721
21982,524,1882,13733
21988,509,1943,13685
21988,512,1960,13622
21737,512,1941,13737
21737,500,1955,13508
21982,516,2027,13825
