nvml:nvidia_geforce_gtx_970_0,rapl:ram,rapl:cores,rapl:pkg
21738,764,6695,19164
21738,522,2562,14339
21738,504,2362,13931
21738,527,2375,14231
21738,523,2429,14292
21738,502,2071,13615
21738,520,2324,14135
21738,507,2277,13869
21738,514,2107,13874
21738,528,2079,13974
21738,501,2221,13765
21738,529,2231,14106
21738,521,2105,13920
21738,500,2073,13610
21738,518,2180,13969
21738,501,2224,14100
21738,519,2064,13580
21738,525,2305,14163
21982,498,2260,13791
21982,526,2111,13963
21982,520,2186,14021
21982,499,2345,13855
21982,521,2398,14207
21982,532,2297,14214
21738,494,2371,13892
21738,527,2323,14186
21982,495,2370,14179
21982,519,2232,13719
21982,525,2392,14296
21982,497,2234,13745
21982,517,2251,14036
21982,533,2288,14225
21982,518,2456,14137
21982,509,2225,13913
21982,518,2313,14043
21982,515,2141,13843
21982,505,2270,13900
21982,509,2037,13727
21982,538,2151,14137
21982,513,2172,13906
21982,512,2166,13869
21982,506,2089,13743
21982,513,2193,13885
21982,515,2277,14011
21982,509,2119,13782
21982,509,2054,13726
21982,511,2056,13746
21982,513,2148,14177
21982,534,2176,13865
21982,507,2216,13870
18323,519,2295,14099
18323,498,2345,13853
18323,514,2352,14081
18323,516,2054,13819
18323,517,2194,13921
18323,530,2274,14210
18323,511,2098,13802
18323,509,2145,13821
18323,510,2147,13799
18323,512,2245,13971
18323,512,2151,13858
18323,508,2279,13957
18323,512,2209,13896
18323,534,2130,14116
18323,510,2298,13987
18323,511,2213,13909
18323,514,2300,14024
18323,508,2232,13893
18323,509,2245,13927
18323,509,2188,13886
18078,519,2231,14018
18078,528,2402,14247
18078,518,2235,14026
18078,509,2249,13943
18078,509,2376,14027
18078,510,2245,13926
18078,512,2159,13889
18078,507,2231,13873
18078,513,2258,13980
18078,532,2200,14167
18078,513,2228,13945
18078,510,2258,13938
18078,511,2202,13878
18078,511,2186,13870
18078,513,2272,13982
18078,514,2259,13935
18078,517,2246,13972
18078,532,2302,14270
18078,511,2185,13891
18078,510,2186,13872
18078,519,2180,13969
18078,508,2161,13775
18078,507,2167,13812
18078,511,2199,13911
18078,515,2208,13904
18078,511,2181,14191
18078,536,2196,13885
18078,509,2213,13875
18078,514,2100,13825
18078,507,1990,13644
18078,509,2106,13780
18078,512,2132,13838
18078,512,1955,13659
18078,538,2199,14176
18078,515,2209,13911
18078,510,2168,13862
18078,513,2275,13964
18078,504,2100,13718
18078,516,2039,13799
18078,508,2056,13736
18084,518,2037,13838
18084,533,2002,13926
18084,509,1961,13625
18084,510,2099,13798
18084,512,2002,13684
18084,511,1996,13680
18084,510,1958,13661
18084,510,1977,13667
18084,518,1955,13714
18084,529,1952,13875
18084,508,1962,13646
18084,510,1937,13624
18084,514,1981,13693
18084,513,2124,13827
18084,507,1992,13644
18084,510,1872,13556
18084,514,1882,13604
18084,524,1874,13743
18084,518,1901,13693
18084,508,1918,13569
18078,520,1932,13738
18078,511,1875,13477
18078,510,2062,13730
18078,511,1845,13550
18078,535,2100,14084
18078,511,1980,13678
18078,513,1908,13590
18078,510,1846,13543
18078,514,2061,13788
18078,509,2138,13815
18078,508,2087,13751
18078,511,2022,13712
18078,515,2128,14132
18078,536,1942,13642
18078,510,2016,13705
18078,509,2331,14011
18078,514,2030,13742
18078,511,2052,13749
18078,508,2181,13847
18078,508,2214,13889
18078,517,2032,13821
18078,532,2095,14027
18078,510,2182,13856
18078,510,2251,13940
18078,516,2297,14026
18078,513,2301,13984
18078,508,2159,13839
18078,512,2137,13851
18078,509,2147,13806
18078,527,2229,14126
18078,550,6404,17669
18078,621,21390,32962
18078,632,21742,34269
18078,821,20340,31970
18078,731,17089,28421
18078,766,16892,28945
18078,555,20463,32148
18078,609,20779,32491
18078,751,20478,32676
18078,611,13838,25107
18281,608,51253,62681
18281,662,39944,52005
18281,626,21604,33274
18281,787,19775,31500
18281,736,20762,32584
18281,622,21568,33249
18281,623,21522,33690
18281,1158,22289,34112
24620,762,20244,28542
24620,1032,20359,24780
39916,961,20698,24532
39916,977,20524,24892
45728,941,20785,24902
45728,1067,20531,24673
48135,1064,20817,24936
48135,1145,20393,25227
48864,1040,20353,24575
48864,1185,20464,24738
49107,1127,20629,24748
49107,1049,20365,24491
49107,993,20470,24616
49107,1165,20831,25062
49350,1018,20613,24755
49350,1062,20836,25064
49350,1050,20824,24961
49350,1070,20761,25045
49350,1042,20409,24963
49350,1098,20709,25128
49350,960,20733,24677
49350,1075,19875,24280
49350,976,20803,24773
49350,913,23796,28046
49350,880,20947,24908
49350,968,20524,25036
62589,613,20112,24030
62589,560,20200,24236
74342,576,20922,25447
74342,528,21498,24997
79133,599,22226,26812
79133,553,21383,25511
84871,566,21406,25366
86322,535,21679,25439
86322,593,21309,25657
105146,547,21997,25828
105146,582,21419,25627
108503,581,21542,25339
108503,565,21174,25418
112955,565,22448,26588
112955,552,21697,25643
113175,574,22765,26917
113175,595,21786,26286
113009,531,22337,26018
113009,586,22479,26900
116766,546,22647,26379
116766,581,22287,26625
113471,566,22439,26297
113471,555,21938,26068
114916,603,22567,26962
114916,536,21254,24881
115342,594,22513,27118
115342,553,21878,25372
113250,568,21494,25982
113250,576,21965,26162
116546,549,22493,26378
116546,564,22536,26587
113416,573,22122,26196
113416,553,21669,25695
114455,563,22614,26539
114455,569,22360,26510
117006,585,22694,27028
117006,565,21734,25455
112988,590,21572,26093
112988,567,22273,26438
116065,553,22504,26427
116065,551,22559,26582
114620,566,22693,26677
114620,575,21894,26000
114193,552,22399,26375
114193,569,22583,26684
117028,559,22602,26531
117028,573,22610,26709
113897,602,22352,26878
113897,540,20922,24482
115398,581,22360,26893
115398,572,22434,26560
116525,543,22631,26508
116525,580,22323,26507
113009,560,21673,25515
113009,564,22541,26750
116306,560,22628,26516
116306,553,22371,26479
115342,601,22731,27331
115342,577,21905,25993
114675,567,21804,25769
114675,572,21463,25577
117028,547,22627,26545
117028,576,22543,26685
113953,560,21621,25513
113953,555,22303,26439
115824,559,22789,26636
115824,566,22679,26868
116491,589,22848,27393
116491,550,22540,26056
113732,581,21895,26362
113732,542,22425,26026
117028,590,22592,27010
117028,571,21518,25674
115157,562,22123,26074
115157,558,21641,25763
115102,557,22694,26587
115102,568,22604,26741
117728,551,22812,26686
117728,583,22769,26967
113250,588,22357,26824
113250,570,22504,26722
116065,548,22508,26371
116065,562,22470,26617
115156,574,22885,26683
115156,565,21272,25556
115156,555,22494,26426
115156,569,22376,26522
117728,550,22619,26421
117728,582,22403,26610
113416,567,21899,25884
113416,554,22299,26342
116065,583,22417,26978
116065,565,22418,26494
114620,600,21122,25141
114620,575,21275,25384
114379,562,22041,25880
114379,568,21605,25705
117431,551,22775,27343
117431,585,22733,26277
113711,592,21923,26472
113711,568,22765,26847
116546,552,22446,26392
116546,559,22648,26744
115562,564,22807,26798
115562,567,22000,25974
115102,547,22392,26389
115102,572,22626,26787
117487,573,22929,26688
117487,582,21501,25908
113470,566,21785,25697
113470,561,22254,26377
116766,562,22739,26699
116766,590,22624,27311
116043,562,22890,26848
116043,579,21692,25822
114675,544,22089,26033
114675,566,22380,26466
117728,554,22643,26602
117728,574,22519,26545
114138,585,22159,26037
114138,560,21140,25231
115824,564,22752,26801
115824,554,22575,27344
115803,607,22845,26882
115803,568,21797,25755
114861,550,22109,26139
114861,572,22339,26463
117970,547,22535,26388
117970,572,22429,26493
114620,570,21787,25858
114620,554,21670,25719
115583,579,22503,26404
115583,561,21586,25746
116525,596,22517,27133
116525,553,21288,24791
113732,569,21410,25815
113732,578,21744,25973
117269,550,22530,26459
117269,554,22632,26704
115583,570,22428,26429
115583,564,21796,25806
115398,553,22155,26035
115398,570,22689,26876
117509,591,22922,27334
117509,559,22527,26262
113196,584,21921,26344
113196,566,22593,26795
116306,547,22683,26559
116306,568,22490,26621
116546,562,22449,26393
116546,576,21998,26116
114916,550,22239,26163
114916,569,22571,26695
117750,559,22676,26637
117750,561,22747,26817
115342,603,22879,27388
115342,538,21476,25060
115824,586,22449,27007
115824,573,22338,26459
117750,542,22545,26437
117750,585,22653,26828
113952,560,22281,26182
113952,557,22739,26733
116546,563,22743,26823
116546,550,22479,26472
116064,577,22734,26782
116064,625,24244,28926
105609,557,21091,25081
105609,576,21718,25899
94419,548,23074,26992
94419,566,23261,27392
92049,546,22934,26826
92049,562,22979,27134
89166,542,23177,27088
89166,549,23213,27238
89633,567,23306,27287
89633,564,23249,27437
88924,549,23052,27654
88924,549,22938,26338
87957,591,23425,27991
87957,585,21474,25689
89407,537,22241,25961
89407,572,22890,27140
88682,537,23034,26974
88682,550,23146,27259
87715,563,25192,28909
87715,572,21464,25826
106986,549,22669,26550
106986,585,22435,26635
109636,589,21949,26458
109636,570,22554,26730
115101,563,22555,26507
115101,573,21551,25508
114194,568,22052,26050
114194,561,21856,25996
115398,556,22778,26684
115398,570,22506,26729
117912,551,22430,26198
117912,587,22597,26891
113677,568,22177,26119
113677,552,22319,26361
116547,579,22470,26950
116547,575,22229,26436
117006,565,22323,26314
117006,590,20986,25083
115157,540,21532,25347
115157,572,22360,26560
118451,560,22662,26550
118451,574,22391,26519
114861,568,22214,26156
114861,555,21804,25917
116362,593,22402,27063
116362,568,22176,26260
118691,535,22455,26172
118691,587,22611,26872
114214,566,21885,25815
114214,582,21131,25277
117510,559,22042,25921
117510,558,22273,26361
115343,574,22508,26525
115343,564,21762,25864
114937,584,22439,26957
114937,543,22500,26021
117991,583,22557,27125
117991,569,22309,26389
115398,560,21851,25792
115398,563,21529,25715
116361,553,22510,26377
116361,568,22279,26433
118691,585,22659,27054
118691,548,22758,26399
113973,565,22053,25932
113973,558,22628,26733
116788,576,22842,27265
116788,576,22646,26935
115604,559,22706,26628
115604,572,21807,25895
114937,537,22188,25904
114937,575,22635,26937
117970,559,22580,26522
117970,580,22629,26842
113918,566,21944,25794
113918,557,22577,26766
116547,563,22825,26806
116547,594,22638,27346
116065,551,22815,26655
116065,589,21991,26279
114641,543,22067,25949
114641,569,22635,26756
117991,547,22786,26536
117991,574,22597,26773
114620,570,22222,26232
114620,553,22086,26162
115824,587,22968,27479
115824,544,22524,26072
118153,574,22822,27340
118153,583,22877,27045
114138,551,22211,26006
114138,569,22698,26943
117028,555,22731,26672
117028,554,22469,26551
116043,576,23110,27146
116043,567,22178,26218
115102,550,22564,26466
115102,570,22544,26739
117912,573,22664,27047
117912,584,22413,26706
114379,563,22019,25959
114379,557,21518,25585
116306,549,22394,26238
116306,578,22646,26870
117970,549,22809,26625
117970,579,22605,26783
114193,581,21999,26435
114193,539,22249,25864
117750,587,22522,27130
117750,555,22526,26603
115583,562,22870,26760
115583,564,21852,25970
115824,555,22021,26018
115824,569,22195,26277
118450,542,22374,26131
118450,589,22769,27141
114487,560,21856,25742
114487,564,22628,26685
117268,588,22585,27138
117268,524,22426,26002
116283,597,22970,27526
116283,568,21781,25794
115397,538,22581,26382
115397,580,22591,26881
118209,549,22778,26742
118209,575,22801,26897
114192,565,22210,26025
114192,557,22483,26665
117301,561,22922,26869
117301,560,22703,26788
115824,688,22197,26854
115824,594,21568,25554
115660,642,21510,25626
115660,567,21373,25369
116546,554,22650,26488
116546,585,21910,26218
114675,542,22081,25934
114675,569,22552,26707
117751,558,22844,26744
117751,570,22746,26856
114620,570,22116,26162
114620,552,21895,25909
115638,566,22815,26911
115638,599,22180,26865
117728,538,22679,26488
117728,582,22617,26786
113973,553,22185,25945
113973,570,22681,27022
117028,558,22623,26533
117028,551,22666,26698
116306,602,22924,27550
116306,539,22227,25685
115178,579,22569,27148
115178,572,22652,26772
118232,539,23004,26653
118232,590,22841,27340
114882,557,22559,26450
114882,548,22088,26079
116086,561,22769,26701
116086,569,22769,27009
117934,549,22819,26678
117934,580,22767,26934
113677,578,22356,26689
113677,542,22675,26392
117028,584,22989,27537
117028,559,22784,26799
116547,556,22874,26825
116547,587,21985,26247
115157,535,21954,25772
115157,572,21954,26041
118048,559,22461,26431
118048,569,22444,26487
115101,571,22117,26167
115101,584,22266,26957
116065,553,22847,26761
116065,574,22633,26834
118209,536,22844,26734
118209,580,23014,27180
114455,556,22486,26296
114455,559,22698,26903
117028,560,22538,26530
117028,553,22696,26705
116732,571,22918,26878
116732,578,22146,26263
115102,579,22423,27072
115102,596,25011,29053
104714,525,22529,26178
104714,563,23197,27619
95368,549,23312,27312
95368,555,23221,27266
91099,555,23066,27226
91099,536,22753,26646
89407,554,23289,27191
89407,560,22932,27044
89891,563,23389,27654
89891,551,22872,26699
88440,563,23442,27942
88440,566,23224,27356
89890,541,23412,27088
89890,573,23301,27688
88923,546,23339,27315
88923,549,23156,27249
88440,584,23397,27828
88440,535,23202,26745
92532,571,25330,29330
92532,558,21500,25584
106815,592,22418,27002
106815,578,21765,25891
110620,545,21971,25931
110620,564,22616,26652
116306,551,22809,26736
116306,568,22334,26433
114455,569,22061,26097
114455,553,21841,25854
115901,561,22609,26532
115901,568,22468,26639
118472,579,22676,27240
118472,576,22686,26826
114455,555,22124,26008
114455,562,22377,26495
117049,557,22315,26318
117049,541,22325,26274
115824,575,22460,26467
115824,569,21729,25815
115122,553,22718,26736
115122,567,22606,26744
118472,558,22637,26567
118472,570,22853,26956
115101,569,22174,26229
115101,583,21796,26512
116603,544,22424,26264
116603,580,22364,26571
118692,539,22562,26395
118692,581,22338,26570
114214,561,22025,25890
114214,554,22488,26525
117028,562,22411,26410
117028,550,22301,26398
116306,596,22486,27044
116306,581,21720,25897
114937,538,21865,25738
114937,571,22242,26400
118692,545,22372,26234
118692,581,22718,26957
114861,561,22130,26105
114861,551,21862,25873
116305,560,22560,26471
116305,567,22351,26538
117969,581,22714,27234
117969,544,22574,26047
114159,586,22135,26633
114159,571,22793,27051
117028,550,22816,26726
117028,557,22627,26708
116525,559,23119,27008
116525,576,22073,26232
115397,546,22561,26472
115397,567,22489,26606
118450,557,22808,26680
118450,570,22501,26649
115562,569,22126,26161
115562,552,21889,25949
116546,575,22642,27115
116546,579,22465,26745
116765,550,22858,26705
116765,580,22251,26453
115156,537,21968,25675
115156,577,21830,26184
117969,556,22445,26302
117969,566,22538,26661
115879,570,22144,26081
115879,554,21770,25887
116361,585,22416,26996
116361,544,22317,25856
118450,572,22601,27052
118450,582,22467,26706
114916,554,22115,25936
114916,556,22267,26375
117084,558,22521,26412
117084,566,22426,26632
117969,588,22685,27154
117969,549,22347,25921
114916,574,22034,26447
114916,544,22434,26049
117991,579,22579,27094
117991,559,22551,26672
116065,557,22548,26381
116065,568,21771,25969
115880,549,22302,26219
115880,565,22432,26523
118232,558,22581,26490
118232,578,22823,27094
114214,566,22143,26003
114214,551,22519,26610
117084,580,22609,27095
117084,572,22426,26650
116305,561,22670,26670
116305,571,21900,25958
114916,539,22105,25882
114916,578,21814,26120
118232,554,22404,26262
118232,564,22411,26485
115639,569,22264,26305
115639,552,21649,25725
116362,566,22785,27435
116362,593,22582,26604
118175,534,22818,26605
118175,589,22730,27036
113918,557,22348,26268
113918,554,22686,26696
117269,560,22691,26695
117269,554,22661,26725
116306,577,22899,27014
116306,565,21953,25904
115398,580,22698,27261
115398,541,22707,26279
118451,587,22708,27279
118451,563,22516,26518
115342,564,22340,26354
115342,568,22361,26514
116142,546,22719,26566
116142,570,22587,26746
118451,542,22807,26642
118451,584,22820,27088
114214,565,22108,25996
114214,555,22777,26825
117750,588,22754,27361
117750,560,22580,26717
116766,557,22931,26846
116766,575,22065,26188
115102,537,22454,26299
115102,581,22484,26773
118450,549,22780,26677
118450,573,22623,26718
115583,566,22105,26026
115583,553,21662,25798
116305,561,22482,26408
116305,563,22342,26430
118635,571,22598,27058
118635,584,22491,26797
114138,558,21823,25705
114138,555,22454,26493
117510,555,22448,26396
117510,558,22093,26230
116524,571,23006,26941
116524,573,22217,26332
115342,547,22355,26239
115342,568,22349,26535
118450,585,22733,27300
118450,562,22654,26694
115583,564,22172,26145
115583,558,21621,25730
116547,553,22470,26435
116547,571,22232,26360
118394,541,22480,26244
118394,584,22911,27213
114379,563,22413,26342
114379,557,22772,26760
117269,591,22733,27401
117269,522,22499,25976
116525,600,22986,27561
116525,574,22135,26251
115639,538,22874,26723
115639,575,22580,26792
118451,548,22687,26582
118451,561,22778,26863
116306,570,22862,26784
116306,551,22525,26522
116362,565,22485,26516
116362,566,22506,26654
118932,572,22729,27106
118932,603,23873,28204
100921,543,23057,27016
100921,561,23152,27275
94948,545,23337,27141
94948,559,22792,27031
90857,540,23260,27081
90857,552,23213,27432
90615,586,23317,27787
90615,530,23093,26626
90176,545,23363,27310
90176,552,23156,27278
88725,563,23396,27787
88725,575,23184,27452
89890,551,23009,26976
89890,557,23046,27119
89450,542,23168,27086
89450,549,23210,27294
89890,559,23374,27403
89890,568,23235,27343
95385,582,24986,28900
95385,556,22528,26608
109950,594,22549,27208
109950,563,22276,26355
113732,556,22699,26626
113732,577,21709,25851
113732,539,21853,25767
113732,572,22485,26636
117750,552,22412,26268
117750,566,22479,26562
115583,571,22297,26405
115583,552,21918,25945
116065,583,22586,27093
116065,540,22356,25835
118692,580,22637,27212
118692,577,22506,26711
115102,553,21983,25840
115102,559,22172,26289
117028,557,22494,26492
117028,564,22329,26384
117191,567,22689,26577
117191,577,21689,25791
115157,554,21853,25816
115157,567,22419,26568
118473,586,22644,27214
118473,558,22504,26549
116065,568,22218,26259
116065,556,21969,26048
116306,547,22611,26439
116306,575,22419,26650
118875,547,22449,26305
118875,581,22617,26868
114675,565,22070,25965
114675,552,22505,26507
117487,590,22521,27208
117487,522,22537,25966
117006,587,22959,27441
117006,581,21962,26155
115397,543,22334,26292
115397,571,22727,26781
118232,553,22393,26324
118232,593,22881,27044
114916,568,21226,25200
114916,551,21658,25653
116843,596,22618,27240
116843,535,22551,26031
117970,580,22558,27043
117970,582,21935,26140
115157,541,21825,25625
115157,578,22423,26679
118451,551,22427,26324
118451,554,22436,26552
116306,569,22721,26596
116306,562,21921,26093
115880,552,22499,26401
115880,566,22627,26780
118714,587,22737,27308
118714,545,22538,26037
115880,584,22149,26675
115880,560,21901,26064
117084,546,22538,26369
117806,558,22671,26512
117806,559,22433,26772
116788,569,22930,26833
116788,565,22152,26272
115419,553,22334,26268
115419,569,22537,26628
118473,560,22712,26811
118473,573,22691,27472
114937,572,22012,25501
114937,570,22151,26636
117084,573,22499,26748
117084,547,22405,26173
117510,557,22831,26659
117510,576,22120,26409
114937,580,22147,26507
114937,540,22013,25628
118232,561,22548,26561
118232,589,22489,27181
115583,570,22389,26472
115583,550,21798,25707
116362,561,22397,26428
116362,571,22349,26479
118714,540,22293,26161
118714,584,22344,26552
114455,563,21713,25633
114455,557,22348,26394
118047,560,22408,26328
118047,553,22337,26498
116787,601,22516,27132
116787,542,21571,25046
115639,566,22306,26718
115639,581,22372,26618
118473,541,22536,26383
118473,575,22354,26480
115583,565,21879,25867
115583,555,21964,26039
117084,560,22536,26479
117084,566,22438,26568
118692,575,22521,26990
118692,555,22445,26076
114696,583,21841,26272
114696,568,22470,26671
117750,546,22407,26291
117750,558,22385,26504
116546,562,22618,26620
116546,569,21884,25898
116120,549,22232,26209
116120,568,22374,26457
118394,558,22458,26382
118394,573,22513,26654
115343,591,21942,26526
115343,530,21689,25821
117028,584,22393,26338
117028,564,22272,26354
117488,558,22578,26518
117488,579,22288,26412
115639,541,22002,25862
115639,569,22599,26773
118473,559,22623,26581
118473,568,22702,26730
116065,572,22508,26537
116065,551,22418,26478
116788,574,22608,27039
116788,580,22678,26927
118691,542,22799,26687
118691,579,22658,26823
114916,560,22202,26126
114916,556,22604,26711
117509,561,22677,26633
117509,561,22453,26493
117488,570,22891,26849
117488,575,22191,26319
115639,575,22191,26803
115639,539,22592,26072
118473,570,22583,27009
118473,579,22347,26553
115343,557,21867,25735
115343,559,21785,25967
116546,558,22467,26353
116546,569,22250,26424
117991,562,22566,26423
117991,582,22250,26496
115178,581,22096,26561
115178,539,22185,25727
118954,583,22490,27076
118954,564,22603,26650
115660,561,22299,26296
115660,559,21836,25955
116844,551,22618,26491
116844,569,22294,26436
118713,549,22534,26429
118713,578,22617,26741
114696,565,21810,25781
114696,557,22494,26539
117587,594,22580,27281
117587,557,22578,26607
116546,557,22997,26913
116546,577,22258,26397
116121,537,22229,26081
116121,573,22596,26782
118713,560,22658,26543
118713,577,22743,26923
115880,566,22488,26466
115880,555,22017,26091
117084,562,22841,26789
117084,599,25098,29247
106404,571,22125,26679
106404,552,22739,26856
95431,544,23338,27221
95431,562,23163,27292
93015,547,22907,26845
93015,557,22893,27036
90418,537,22811,26731
90418,561,23053,27170
91098,553,23107,26967
91098,560,22988,27128
89934,569,22802,27379
89934,523,22821,26340
89648,573,23266,27802
89648,563,23139,27227
89891,543,23288,27251
89891,557,23189,27307
88923,534,23166,26978
88923,560,23220,27432
94177,580,25393,29321
94177,573,21794,25956
105870,567,22136,26157
105870,553,21766,25813
113250,590,22449,27018
113250,567,22249,26370
117510,534,22704,26520
117510,589,22571,26823
114214,554,21702,25539
114214,563,22497,26652
117751,558,22386,26343
117751,555,22600,26690
116306,571,22878,26786
116306,595,22073,26758
115583,551,22701,26774
115583,571,22447,26577
118932,550,22713,26631
118932,570,22526,26616
115102,560,22285,26186
115102,556,22027,26088
116787,561,22653,26607
116787,568,22537,26691
118210,559,22795,26681
118210,578,22347,26529
115178,587,22499,26979
115178,571,22507,26717
117991,547,22710,26617
117991,553,22604,26717
116547,564,22875,26840
116547,566,22115,26126
115901,548,22280,26283
115901,570,22438,26560
118954,556,22407,26265
118954,573,22535,26700
115583,567,22348,26315
115583,554,21739,25791
117084,591,22332,26956
117084,565,22317,26395
118692,542,22412,26272
118692,588,22203,26419
115178,551,21767,25642
115178,564,22505,26569
118529,560,22348,26395
118529,553,22340,26389
116306,573,22627,26594
116306,556,21800,25851
115901,583,22497,27077
115901,577,22397,26614
118714,550,22571,26485
118714,568,22318,26363
115178,563,21854,25861
115178,559,22133,26195
117347,558,22784,26701
117347,566,22512,26592
118714,551,22757,26693
118714,580,22602,26726
114937,598,21855,26501
114937,564,22505,26587
118529,553,22551,26537
118529,547,22297,26329
116843,562,22776,26711
116843,562,22054,26077
116361,552,22362,26333
116361,569,22314,26461
118954,560,22532,26545
118954,574,22395,26460
115397,570,21436,25467
115397,553,22020,26060
117325,589,22415,27006
117325,564,22373,26417
118932,545,22444,26363
118932,581,22335,26514
115178,553,21961,25865
115178,560,22589,26654
118047,560,22624,26571
118047,552,22540,26600
117028,579,22422,26489
117028,563,21818,25810
116361,587,22368,27059
116361,537,22736,26821
118690,585,22515,26504
118690,570,22640,26685
115101,556,22001,25933
115101,560,22278,26385
117487,558,22504,26476
117487,565,22344,26398
117728,566,22592,26555
117728,576,22388,26539
115343,577,22078,26481
115343,539,22150,25714
118691,585,22529,27091
118691,564,22476,26561
116306,565,22320,26332
116306,553,21896,25917
116547,554,22366,26308
116547,568,22457,26585
118875,549,22641,26533
118875,578,22537,26649
114620,570,22001,25984
114620,557,22198,26271
118450,591,22548,27242
118450,548,22342,26290
117028,568,22609,26651
117028,573,21886,25935
115879,541,21796,25692
115879,570,22423,26573
119172,559,22511,26430
119172,575,22469,26630
115583,568,22337,26379
115583,552,22376,26373
116787,562,22552,26506
116787,565,22240,26405
119172,570,22502,26928
119172,579,22489,26685
114916,558,22196,26128
114916,560,22452,26567
117728,554,22625,26574
117728,559,22375,26416
117488,571,22539,26452
117488,578,22118,26307
115157,576,21793,26352
115157,535,22430,25881
118932,581,22489,27041
118932,571,22272,26361
116121,565,21880,25901
116121,556,21729,25794
117565,553,22568,26493
117565,567,22249,26338
117750,561,22592,26468
117750,582,21888,26164
115660,546,21638,25463
115660,572,22359,26547
118714,588,22625,27196
118714,563,22446,26527
115824,562,22507,26447
115824,559,21732,25797
116843,553,22692,26665
116843,571,22608,26721
118450,545,22576,26479
118450,582,22633,26794
114696,559,21937,25849
114696,562,22693,26739
118288,588,22607,27232
118288,555,22558,26638
116547,561,22791,26760
116547,569,22073,26125
115824,546,22520,26514
115824,573,22454,26573
119173,551,22601,26414
119173,576,22489,26747
115363,570,21963,25930
115363,553,22219,26203
117565,562,22643,26630
117565,565,22603,26775
118875,569,22825,27214
118875,588,22580,26871
115398,560,21694,25622
115398,554,22190,26153
118047,560,22466,26477
118047,558,22522,26625
117269,573,22806,26781
117269,571,21953,25982
115880,578,22298,26894
115880,540,22486,25970
118691,580,22612,27097
118691,575,22392,26559
115584,559,22055,25985
115584,602,23744,27889
102784,543,22097,26050
102784,557,22451,26574
94447,538,22877,26784
94447,559,23227,27312
92729,562,23622,27550
92729,564,23303,27460
90840,576,23152,27764
90840,522,23041,26461
89633,579,23423,28001
89633,571,23201,27330
90599,547,23400,27320
90599,560,22971,27096
89649,536,23230,27084
89649,567,23293,27469
91082,557,23407,27326
91082,559,23223,27328
89649,554,23071,27069
89649,579,23285,27969
96817,575,24959,28917
96817,576,22371,26583
111322,538,22506,26288
111322,581,22371,26610
112045,559,21876,25799
112045,561,22362,26482
116603,557,22466,26380
116603,553,22258,26352
116306,574,22623,26597
116306,570,22219,26324
115879,582,22286,26847
115879,538,22430,25916
118932,583,22488,27061
118932,561,22530,26617
116787,556,22683,26583
116787,555,21847,25861
116546,561,21954,25988
116546,568,22268,26419
119173,550,22701,26561
119173,580,22829,27010
115123,586,22359,26869
115123,532,22356,25822
117325,580,22619,27167
117325,571,22355,26519
117991,547,22577,26430
117991,584,21838,26051
115638,541,21973,25799
115638,573,22344,26598
118954,553,22597,26413
118954,579,22495,26728
115583,567,22184,26124
115583,552,21616,25686
117565,592,22424,27019
117565,536,22221,25694
119413,563,22555,26947
119413,587,22560,26846
114937,554,22135,26027
114937,563,22375,26490
118232,558,22468,26418
118232,550,22345,26367
117268,576,22629,26669
117268,569,22012,26056
116362,552,22111,26098
116362,567,22448,26557
118714,582,22422,26979
118714,574,22547,26670
115343,558,22085,26024
115343,553,21853,25912
117566,557,22436,26416
117566,568,22369,26456
117912,559,22628,26565
117912,575,22244,26395
115398,549,21957,25841
115398,575,22602,26734
118210,586,22479,27084
118210,547,22489,26468
117028,566,22625,26651
117028,574,21888,25925
116306,542,21948,25953
116306,572,22499,26624
119115,552,22540,26389
119115,577,22417,26602
115824,565,22032,26001
115824,552,21438,25424
116787,589,22402,27006
116787,541,22290,25820
117912,580,22503,26983
117912,582,22048,26232
115342,536,22069,25909
115342,579,22594,26780
118713,553,22601,26517
118713,564,22541,26598
116361,570,22886,26830
116361,556,22180,26364
116602,559,22879,26778
116602,566,22737,26851
119115,576,22833,27378
119115,582,23092,27299
114861,559,21947,25831
114861,551,22406,26446
117728,561,22576,26615
117728,559,22453,26505
117488,566,22775,26698
117488,572,22325,26361
116120,551,22003,26026
116120,569,22560,26649
118932,591,22699,27383
118932,559,22353,26340
115802,567,22203,26213
115802,556,21771,25796
117269,553,22401,26338
117269,565,22349,26467
118450,563,22722,26665
118450,577,22404,26536
115397,548,22035,25983
115397,572,22444,26509
118473,588,22604,27242
118473,544,22558,26538
116788,570,23076,27126
116788,568,22202,26204
116065,537,22322,26238
116065,577,22715,26914
119172,551,22865,26779
119172,570,22726,26773
116065,569,22383,26438
116065,555,22457,26538
116546,585,22562,27070
116546,538,22518,26002
119173,574,22789,27296
119173,587,22757,27046
115178,556,22096,25934
115178,561,22751,26879
117750,553,22557,26525
117750,556,22555,26610
116787,568,22747,26708
116787,567,22204,26220
116121,552,22485,26457
116121,572,22641,26829
118932,557,22662,26618
118932,598,22671,27436
115824,566,22181,26174
115824,559,21759,25834
117269,546,22596,26481
117269,566,22561,26640
118932,553,22808,26715
118932,582,22730,26972
115398,559,22487,26385
115398,560,22711,26706
118472,560,22750,26757
118472,553,22662,27423
117028,597,22778,26804
117028,566,22164,26140
116306,551,22526,26590
116306,568,22664,26745
119173,547,22643,26533
119173,575,22845,27003
115584,567,22382,26313
115584,554,22343,26393
117510,562,22724,26772
117510,563,22709,26764
118932,583,22840,27390
118932,575,22586,26717
115639,559,22268,26199
115639,564,22757,26868
118451,548,22492,26424
118451,555,22507,26564
117028,567,22690,26715
117028,571,22024,26049
116306,550,22453,26426
116306,570,22673,26758
119413,590,22881,27487
119413,541,23075,26534
116305,592,22502,27088
116305,553,22394,26422
117028,557,22757,26753
117028,566,22783,26880
118634,547,22810,26707
118634,578,22964,27117
115342,556,22101,25971
115342,570,22848,27047
118692,559,22628,26542
118692,552,22766,26870
117028,595,23294,27887
117028,576,22142,26279
116306,536,22682,26551
116306,571,22710,26835
117487,585,25148,29142
117487,566,21983,26127
100131,539,23305,27229
100131,554,23466,27495
93257,548,23619,27585
93257,575,23314,27484
92065,557,22687,26618
92065,562,23187,27287
90417,578,23322,27979
90417,547,22968,27000
89450,549,23367,27333
89450,563,23196,27284
90660,546,23375,27270
90660,557,23090,27238
89450,538,23258,27142
89450,569,23162,27384
90616,556,23278,27201
90616,554,23160,27198
89649,549,23142,27122
89649,589,25490,29702
100372,588,21911,26450
100372,564,21956,26074
111376,554,22595,26560
111376,568,22615,26658
116546,547,22560,26407
116546,579,22535,26757
114214,563,22204,26129
114214,562,22702,26836
117565,560,22564,26413
117565,552,22457,26621
117028,598,22860,27467
117028,552,22217,25745
115660,568,21468,25914
115660,576,22284,26459
118932,546,22385,26301
118932,575,22567,26702
115824,561,22254,26151
115824,555,21811,25926
117028,559,22592,26480
117028,568,22545,26695
119173,573,22812,27262
119173,558,22636,26312
115398,585,21962,26428
115398,567,22828,27023
118232,542,22782,26593
118232,559,22605,26746
117247,567,23026,27019
117247,569,22399,26458
115824,548,22790,26665
115824,570,22756,26972
118932,559,22859,26810
118932,570,22578,27289
115583,588,22133,26094
115583,561,22170,26315
117510,555,22800,26765
117510,565,22640,26715
119357,537,22996,26834
119357,580,22820,26984
115157,560,22199,26103
115157,564,22852,26994
118473,558,22714,26658
118473,554,22647,26715
117247,600,23022,27705
117247,576,22085,26116
116603,546,22371,26370
116603,565,22593,26671
118875,550,22895,26817
118875,577,22819,26945
116065,562,22384,26381
116065,552,22187,26164
117269,561,22940,26897
117269,569,22803,26956
119173,583,22851,27360
119173,547,23070,27211
115398,582,22483,26347
115398,572,22834,27077
118473,546,22717,26603
118473,551,22719,26770
117247,567,22860,26872
117247,567,21846,25918
116065,551,21889,25777
116065,569,22431,26589
119172,557,22505,26448
119172,575,22569,26729
115343,592,22137,26712
115343,559,21866,25945
117028,550,22492,26423
117028,574,22381,26549
118875,535,22603,26417
118875,584,22708,26905
115178,561,22090,26014
115178,561,22492,26593
118232,561,22627,26589
118232,549,22809,26831
117269,577,23242,27290
117269,600,21893,26633
115584,543,21881,25793
115584,565,22401,26483
118932,553,22447,26442
118932,573,22508,26603
115824,562,22130,26119
115824,555,21563,25592
117510,563,22592,26538
117510,567,21980,26136
118416,559,22721,26673
118416,574,22540,26623
114937,591,22031,26575
114937,564,22626,26776
118529,555,22448,26409
118529,551,22319,26373
117028,562,22599,26589
117028,572,21615,25665
116120,547,21929,25900
116120,567,22434,26507
118714,559,22542,26530
118714,574,22655,26793
116362,592,22254,26800
116362,559,21520,25608
117268,551,22462,26409
117268,571,22429,26557
118692,540,22693,26518
118692,582,22314,26524
115639,546,21987,25879
115639,572,22126,26288
118714,557,22510,26423
118714,557,22495,26596
116787,570,22777,26727
116787,558,22105,26238
116602,580,22641,27167
116602,577,22561,26780
119413,540,22492,26333
119413,580,22519,26675
115879,559,22165,26145
115879,552,21928,25947
117566,559,22564,26489
117566,568,22350,26524
119413,549,22718,26579
119413,579,22818,26959
114916,562,22191,26212
114916,564,22609,27334
118450,577,22589,26454
118450,561,22521,26643
116546,561,22983,26928
115824,567,22392,26262
115824,561,22871,27095
117269,557,22963,26830
117269,560,22841,27056
118394,573,22958,26981
118394,575,22160,26297
115343,583,22453,27016
115343,533,22264,25693
118954,562,22801,27488
118954,589,22543,26410
116547,555,22096,25841
116547,563,21799,26154
117028,554,22490,26216
117028,570,22343,26702
119413,576,22558,26972
119413,548,22632,26201
115102,596,22119,26740
115102,559,22629,26710
117991,553,22520,26473
117991,554,22407,26452
117007,559,22547,26485
117007,573,21851,25936
116362,546,22324,26258
116362,570,22296,26444
119413,558,22629,26545
119413,569,22403,26540
116306,571,22222,26242
116306,550,22106,26121
116788,587,22401,27007
116788,571,22388,26519
119414,538,22550,26410
119414,580,22536,26687
115398,560,21794,25726
115398,554,22286,26362
118288,560,22544,26461
118288,562,22320,26473
118232,566,22652,26592
118232,573,22053,26124
115880,572,22125,26576
115880,582,22597,26917
118932,543,22704,26504
118932,571,22597,26723
116361,564,22276,26244
116361,600,24039,28206
103025,544,22606,26542
103025,549,23080,27135
94465,558,23470,27453
94465,560,23266,27385
92773,587,23140,27733
92773,519,23201,26636
90659,566,23261,27831
90659,561,23243,27331
91324,545,23263,27180
91324,567,23139,27254
90176,576,21929,25853
90176,556,22379,26532
89407,544,22995,26953
89407,559,23143,27236
90840,562,23200,27109
90840,561,23037,27167
89649,574,23202,27787
89649,549,23036,27074
97299,584,24809,28854
97299,563,21988,26031
110358,557,22325,26238
110358,576,21732,25890
112361,549,21696,25584
112361,571,22332,26481
117750,560,22572,26527
117750,568,22454,26504
115583,597,22213,26870
115583,524,21664,25098
116788,587,22475,27044
116788,565,22296,26376
118875,547,22594,26517
118875,584,22509,26682
114455,553,21635,25490
114455,564,22481,26612
118210,562,22612,26522
118210,555,22411,26429
116524,579,22971,27074
116524,596,22169,26866
116765,550,22606,26597
116765,573,22650,26789
118875,546,22769,26688
118875,578,22719,26855
114861,560,22289,26203
114861,559,22581,26739
117487,558,22831,26710
117487,561,22530,26567
116950,574,22625,26716
116950,574,22069,26144
115342,579,22317,26898
115342,538,22811,26287
118394,579,22956,27418
118394,568,22657,26815
116305,564,22447,26414
116305,556,22030,26130
117028,552,22776,26626
117028,571,22725,26919
119414,548,22745,26619
119414,584,22749,26915
115102,567,22440,26387
115102,557,22650,26704
117991,591,22793,27459
117991,559,22496,26579
117269,561,22759,26726
117269,572,21948,26016
115879,542,22311,26182
115879,573,22544,26735
118931,556,22692,26562
118931,575,22760,26893
115583,569,22522,26560
115583,554,22399,26456
117806,564,22749,26710
117806,567,22421,26517
118932,576,22717,27217
118932,580,22788,26962
115398,547,22078,25899
115398,577,22776,26984
118692,555,22453,26375
118692,557,22766,26878
116787,572,22944,26909
116787,553,22143,26183
116546,596,22684,27308
116546,535,22558,26000
119413,578,22669,27155
119413,582,22714,26964
114916,560,22076,25995
114916,555,22517,26610
117968,555,22867,26820
117968,560,22502,26556
117246,570,22576,26546
117246,574,22236,26306
116120,550,22492,26423
116120,571,22639,26845
118931,588,22789,27378
118931,571,22358,26449
115824,557,21736,25615
115824,565,21805,25963
117487,551,22366,26282
117487,567,22002,26111
117728,563,22627,26566
117728,575,21850,25954
115638,549,21908,25860
115638,569,22045,26119
118931,589,22462,27059
118931,563,22252,26201
115583,574,21868,25998
115583,555,21677,25713
117246,555,22359,26359
117246,560,22280,26282
117672,564,22380,26375
117672,576,21719,25863
116098,547,21635,25515
116098,568,22471,26610
118875,559,22401,26382
118875,553,22478,26504
117005,594,22619,27262
117005,567,22060,26110
116787,546,22354,26270
116787,575,22745,26911
119116,543,22920,26782
119116,580,23004,27202
115803,565,22391,26362
115803,553,22362,26386
117969,562,22839,26821
117969,564,22654,26702
117969,587,22815,27345
117969,556,22305,25866
115342,563,21544,25947
115342,581,21802,26071
118635,545,22486,26341
118635,565,22351,26478
116043,567,22359,26321
116043,554,21711,25831
116547,562,22478,26411
116547,567,22448,26601
119116,580,22657,27155
119116,550,22522,26041
114860,587,21844,26422
114860,562,22464,26544
117991,549,22520,26430
117991,560,22235,26330
117913,564,22490,26480
117913,576,21935,26044
115880,547,22239,26150
115880,569,22381,26499
118932,560,22453,26406
118932,558,22423,26478
117028,595,22709,27343
117028,561,21903,25916
116843,551,21826,25812
116843,568,22359,26479
119173,547,22457,26395
119173,579,22433,26580
114916,562,22007,25892
114916,555,22309,26419
117750,560,22601,26490
117750,559,22396,26582
117268,577,22544,26555
117268,566,21779,25812
116362,581,22249,26860
116362,571,22585,26705
118932,551,22433,26356
118932,565,22346,26417
116120,562,21982,25918
116120,555,21770,25904
117566,562,22517,26438
117566,566,22539,26606
119413,579,22676,27198
119413,548,22715,26261
115342,590,22218,26767
115342,562,22437,26615
117968,547,22556,26431
117968,561,22366,26491
117269,560,22566,26451
117269,573,21925,26051
115824,547,22403,26300
115824,570,22402,26584
119173,558,22510,26425
119173,574,22800,26963
116065,594,22291,26882
116065,527,21618,25045
117028,577,22526,27023
117028,575,22285,26488
119116,538,22668,26528
119116,582,22666,26832
115102,578,23775,27557
115102,565,20759,25045
100613,538,23276,27104
100613,568,22886,27161
95367,550,22963,27469
95367,556,22869,26300
91565,574,23099,27749
91565,546,23027,27103
90600,547,23483,27453
90600,557,23256,27302
90841,541,23060,26936
90841,554,22512,26684
89649,544,23082,27037
89649,564,23144,27223
91082,557,23183,27181
91082,559,23168,27257
90116,547,23408,27406
90116,547,23371,27439
90358,579,23341,27883
90358,573,25549,29656
100371,557,22188,26202
100371,567,22574,26671
112694,544,22693,26591
112694,579,22572,26740
112286,565,21977,25910
112286,553,22496,26547
116788,561,22730,26710
116788,560,22429,26468
117247,592,22457,27036
117247,581,21933,26095
116121,609,22028,25918
116121,629,23042,27190
118450,600,21105,25095
118450,580,21301,25413
114696,555,21507,25401
114696,568,22402,26521
117991,560,22394,26381
117991,553,22399,26490
116787,571,22723,27318
116787,562,21702,25157
116362,579,21833,26344
116362,574,22421,26575
118714,546,22493,26384
118714,579,22624,26801
114882,561,21688,25649
114882,551,22081,26054
117509,562,22566,26575
117509,560,22363,26487
118211,570,22705,26641
118211,598,22369,27055
115660,551,21951,25939
115660,575,22269,26444
118713,558,22555,26506
118713,561,22396,26407
115583,564,21932,25912
115583,556,21659,25715
116787,560,22372,26357
116787,565,22374,26443
119173,550,22541,26454
119173,583,22628,26835
114620,564,22022,25935
114620,587,22574,27322
117991,556,22705,26693
117991,563,22393,26477
117269,558,22605,26607
117269,569,22126,26128
115901,542,22001,25911
115901,570,22536,26680
118932,560,22516,26470
118932,554,22593,26584
117028,572,22909,26946
117028,592,22102,26830
116546,550,22144,26094
116546,570,22491,26650
118875,534,22611,26397
118875,590,22605,26916
115157,558,22079,25942
115157,558,22533,26650
118210,577,23002,26957
118210,551,22560,26697
116764,573,23120,27097
116764,563,21914,25933
116602,583,22582,27177
116602,537,22390,25845
118875,579,22480,27043
118875,570,22607,26718
115583,562,22010,25985
115583,556,21759,25819
117028,556,22468,26427
117028,565,22279,26347
118875,557,22623,26569
118875,579,22765,26887
115342,553,21901,25846
115342,596,23063,27709
118691,557,22720,26719
118691,557,22617,26770
116765,563,22729,26697
116765,568,22106,26130
116305,544,22479,26436
116305,569,22635,26756
119115,558,22819,26743
119115,577,22480,26598
115102,567,21746,25762
115102,553,21820,25889
117269,563,22524,27174
117269,592,22418,26442
119115,542,22686,26586
119115,582,22409,26612
114861,555,21642,25512
114861,558,22488,26544
118232,561,22399,26423
118232,555,22470,26554
116766,575,22629,26658
116766,570,21590,25660
116065,579,22078,26628
116065,570,22323,26407
118875,554,22672,26656
118875,569,22401,26492
116547,557,22066,26007
116547,555,21891,25905
117028,559,22404,26389
117028,567,22432,26554
118932,554,22653,26550
118932,580,22689,26939
114937,594,22032,26487
114937,526,22701,26172
117991,584,22563,27146
117991,558,22509,26549
117028,565,22564,26636
117028,565,21908,25873
116362,542,22460,26463
116362,577,22752,26895
118875,555,22891,26839
118875,578,22804,26941
115583,566,21867,25810
115583,555,22082,26109
117510,562,22871,26833
117510,560,22708,26826
118232,585,22678,27209
118232,565,22314,26264
115419,553,22079,26133
115419,575,22163,26316
118713,554,22791,26760
118713,562,22812,26832
116546,570,22842,26848
116546,552,22252,26202
116624,568,22238,26312
116624,566,22725,26858
119173,581,23031,27557
119173,573,22851,27012
115398,562,22347,26313
115398,559,22587,26704
118047,548,22660,26514
118047,565,22411,26560
118692,560,22826,26673
118692,577,22031,26259
115880,548,22024,25869
115880,574,22240,26443
118714,583,22497,26995
118714,531,22416,25952
117007,590,22665,27225
117007,568,22067,26162
117084,541,22150,26059
117084,575,22450,26613
119413,549,22674,26511
119413,575,22667,26904
115824,566,22133,26022
115824,555,22022,26122
117750,588,22626,27196
117750,529,22473,25920
117969,594,22640,27253
117969,553,21933,25450
116065,560,21863,26280
116065,581,22410,26615
118875,547,22494,26394
118875,565,22373,26484
116547,570,22412,26322
116547,552,21979,26056
116787,562,22585,26552
116787,567,22453,26560
119115,577,22648,27136
119115,582,22502,26707
114641,562,21644,25642
114641,561,22751,26800
117750,548,22440,26366
117750,555,22386,26448
113711,600,24300,28342
113711,550,21872,25912
98989,539,22918,26818
98989,546,22851,27091
94644,551,23433,27322
94644,559,23187,27356
91565,573,22982,27626
91565,540,22847,26872
90358,542,23489,27409
90358,565,23286,27415
90599,537,23514,27378
90599,551,23103,27220
89407,548,23355,27352
89407,566,23242,27358
90600,554,22880,26756
90600,548,23091,27179
89649,569,23308,27939
89649,551,23181,27241
90374,544,23066,27004
90374,596,24463,28650
101336,556,21902,25729
101336,565,22451,26700
112527,553,22659,26534
112527,558,22339,26423
114641,572,22497,26570
114641,574,21553,25613
115419,551,22299,26172
115419,570,22465,26603
118473,583,22725,27281
118473,578,22390,26602
115342,560,21948,25868
115342,552,22058,26090
117509,554,22570,26528
117509,565,22327,26407
117728,565,22485,26424
117728,574,21824,25929
115880,548,21973,25921
115880,570,22436,26591
118932,559,22520,27109
118932,587,22360,26381
116602,569,22447,26493
116602,554,21592,25627
116546,546,22610,26504
116546,567,22318,26398
119173,550,22538,26488
119173,580,22695,26856
115156,567,21990,25976
115156,557,22638,26574
117991,563,22638,26758
117991,551,22520,26551
117991,599,22660,27311
117991,572,22025,26075
116121,544,22081,25995
116121,573,22514,26677
119172,547,22483,26351
119172,554,22385,26395
116602,575,22514,26615
116602,552,22017,25984
116602,593,22272,26893
116602,535,22429,25904
119413,581,22582,27114
119413,579,22751,26968
115639,551,22227,26033
115639,559,22126,26243
117565,555,22565,26501
117565,562,22424,26552
117028,571,22475,26499
117028,573,21930,25970
116121,553,21878,25877
116121,570,22464,26569
119173,559,22569,26491
119173,595,22267,26982
116547,564,22053,26096
116547,560,21369,25454
117268,547,22454,26343
117268,572,22472,26637
119116,546,22691,26493
119116,582,22440,26733
115638,552,21723,25538
115638,569,22660,26798
118210,561,22641,26618
118210,585,22439,27168
116765,564,22585,26578
116765,561,21878,25805
116306,546,22532,26566
116306,573,22397,26518
118875,552,22481,26466
118875,574,22423,26474
115102,567,21779,25724
115102,554,22320,26391
117509,565,22564,26590
117509,555,22239,26277
117488,599,22350,27054
117488,577,21773,25857
116121,543,21865,25811
116121,567,22560,26650
118932,545,22598,26461
118932,562,22495,26578
117247,571,22599,26625
117247,554,21861,25903
116546,559,22508,26481
116546,568,22529,26617
119414,556,22632,27258
119414,576,22464,25904
115102,588,22150,26723
115102,556,21909,25942
117269,558,22602,26560
117269,570,22166,26344
117750,558,22564,26451
117750,576,21782,25941
115660,549,21666,25588
115660,567,22185,26288
118954,559,22605,26573
118954,567,22449,26460
116065,596,22236,26916
116065,558,21577,25706
117084,544,22543,26416
117084,566,22431,26473
119414,549,22612,26595
119414,582,22507,26711
115178,564,21891,25830
115178,556,22437,26441
117991,560,22646,26590
117991,551,22329,26461
117268,583,22888,26925
117268,594,21941,26533
116065,561,22084,26129
116065,565,22333,26413
118714,553,22559,26545
118714,567,22501,26525
115583,568,22186,26229
115583,553,21681,25692
117028,561,22564,26535
117028,562,22377,26397
117934,593,22586,27215
117934,547,21875,25363
115824,571,21797,26278
115824,570,21934,26092
118954,552,22544,26506
118954,557,22464,26498
116787,565,22536,26501
116787,554,21754,25787
116788,565,21976,25953
116788,568,22390,26533
118932,551,22678,26569
118932,604,22832,27032
115157,586,21456,25941
115157,571,22591,26807
118209,550,22657,26521
118209,560,22562,26740
116524,557,22588,26450
116524,564,21598,25680
116306,554,22151,26153
116306,570,22612,26758
118635,551,22727,26561
118635,581,22831,27002
115101,568,22261,26250
115101,555,22608,26687
117750,577,22724,27217
117750,573,22669,26872
117969,554,22717,26679
117969,583,22079,26222
116065,538,22130,25932
116065,569,22553,26749
118875,557,22735,26674
118875,572,22699,26757
115824,569,21783,25757
115824,553,21435,25549
117028,586,22445,26983
117028,568,22233,26351
118634,546,22541,26407
118634,586,22106,26317
115639,537,21606,25426
115639,580,21910,26157
118932,553,22464,26351
118932,572,22373,26492
115583,568,21879,25935
115583,554,21670,25694
116764,591,22461,27039
116764,534,22332,25824
119334,573,22680,27157
119334,581,22516,26722
114861,552,22005,25818
114861,566,22509,26699
118451,551,22491,26422
118451,563,22423,26547
108503,575,23746,27610
108503,566,22653,26794
98507,559,23148,27136
98507,560,23106,27203
93015,572,22944,27504
93015,552,22971,27095
90841,547,23296,27223
90841,568,23258,27387
90858,546,23450,27383
90858,554,23290,27397
89649,538,23411,27261
89649,553,23224,27405
90841,565,23506,27431
90132,574,23612,28146
90132,536,23266,26907
89407,557,23621,27957
89407,569,23126,27382
91083,557,23064,27173
91083,563,23368,27413
97782,585,24816,28900
97782,546,22076,26023
109709,561,22717,26803
109709,561,22345,26309
116065,566,22574,26779
116065,565,22354,26225
113952,575,22014,26286
113952,545,22546,26230
117268,580,22516,27045
117268,562,22389,26522
117028,558,22591,26553
117028,576,22096,26212
115639,543,22063,25963
115639,568,22215,26331
118932,556,22515,26502
118932,570,22335,26338
115824,569,21909,25975
115824,555,21779,25875
117269,588,22545,27102
117269,570,22312,26447
118691,532,22539,26288
118691,591,22511,26822
115102,551,21748,25584
115102,568,22823,26943
117991,558,22829,26789
117991,552,22674,26728
117247,574,23030,27082
117247,565,22376,26421
116064,582,22524,27101
116064,569,22922,27059
119173,550,22711,26616
119173,571,22930,27021
115583,564,22142,26164
115583,553,21652,25679
117246,556,22597,26512
117246,566,22287,26459
118450,562,22658,26522
118450,577,22028,26219
116098,583,22008,26516
116098,534,21943,25443
118691,591,22499,27186
118691,552,22502,26487
117006,562,22683,26649
117006,569,22024,26081
116546,541,22159,26146
116546,568,22499,26581
119173,558,22522,26508
119173,570,22372,26393
116306,569,22020,25967
116306,553,21887,26029
117325,588,22624,27208
117325,575,22519,26658
118875,534,22700,26494
118875,592,22555,26884
115178,552,22001,25809
115178,569,22555,26754
117806,552,22490,26369
117806,550,22403,26468
117269,573,22723,26717
117269,567,21983,26050
116361,559,21711,25717
116361,570,22636,26782
118931,583,22876,27417
118931,574,23003,27178
114915,561,22382,26264
114915,560,22597,26706
117565,551,22945,26879
117565,567,22788,26900
118210,563,22852,26749
118210,576,21917,26129
115397,544,21935,26377
115397,576,22147,25715
118473,589,22522,27089
118473,524,22333,26417
116306,594,22567,26594
116306,560,22117,26087
116362,551,21940,25932
116362,570,22518,26630
119195,547,22611,26517
119195,575,22480,26658
115178,566,21751,25665
115178,551,22475,26536
117509,561,23065,27014
117509,559,22726,26858
117969,595,22956,27554
117969,550,22197,25743
115660,567,21888,26270
115660,576,22576,26804
118955,553,22558,26484
118955,549,22452,26527
116787,569,22931,26896
116787,566,21927,26019
116120,552,22205,26106
116120,569,22296,26450
119173,558,22577,26525
119173,572,22554,26671
116120,589,21964,26537
116120,559,21757,25857
117028,550,22489,26422
117028,568,22464,26589
119173,545,22560,26404
119173,580,22595,26761
115638,561,22339,26299
115638,564,22722,26835
118209,565,22598,26550
118209,552,22458,26538
117246,594,22717,27296
117246,580,21883,26060
115583,539,21843,25709
115583,571,22404,26536
118875,550,22595,26563
118875,572,22427,26526
116043,566,22081,26054
116043,553,21795,25865
117247,560,22539,26478
117247,566,22525,26626
119597,585,22722,27315
119597,542,22591,26104
115639,588,21883,26421
115639,554,22573,26570
117991,551,22573,26506
117991,565,22400,26558
117006,564,22635,26600
117006,573,21935,26020
116361,549,22319,26311
116361,567,22497,26557
119413,558,22612,26562
119413,570,22388,26506
116305,595,21977,26642
116305,557,21437,25516
117268,550,22515,26424
117268,566,22386,26507
119413,540,22651,26549
119413,581,22695,26843
115178,560,22136,26057
115178,556,22439,26536
117750,561,22559,26498
117750,560,22409,26490
117969,572,22457,26481
117969,600,22093,26726
115880,547,21830,25810
115880,576,22443,26607
119172,543,22606,26455
119172,561,22551,26606
116120,574,22685,26799
116120,555,21664,25709
117325,558,22583,26506
117325,569,22521,26702
119172,583,22722,27219
119172,543,22681,26180
115157,589,22235,26785
115157,564,22845,27013
117750,550,22829,26710
117750,559,22810,26843
117509,562,23054,27101
117509,576,22254,26341
116142,545,22347,26224
116142,569,22880,27055
119195,556,22850,26758
119195,576,22915,27095
115604,567,22261,26206
115604,582,22343,27057
117806,557,22978,26969
117806,565,22736,26778
118713,544,22834,26717
118713,579,22915,27078
113491,590,24107,28130
113491,563,22057,26179
100439,550,22681,26570
100439,559,23054,27193
93498,543,23533,27461
93498,548,23363,27517
91099,554,23329,27316
91099,557,23334,27403
90857,568,23390,27959
90857,553,23136,27297
89890,537,23454,27330
89890,565,23223,27348
90857,545,23094,26998
90857,553,22977,27138
89649,538,23134,27081
89649,555,23315,27411
90857,556,23393,27334
90857,562,23030,27158
89891,573,23299,27819
89891,585,24574,28750
102543,546,21951,25818
102543,571,22401,26572
113677,539,22637,26479
113677,576,22869,27010
112527,564,22010,25946
112527,562,22580,26742
117269,559,22814,26691
117269,552,22473,26666
116547,597,22991,27546
116547,574,22194,26278
116065,541,22735,26670
116065,572,22479,26651
118932,545,22640,26516
118932,576,22412,26533
115343,561,22243,26102
115343,555,21989,26184
117269,559,22699,26544
117269,566,22487,26677
118209,559,22718,26622
118209,577,22516,26692
115397,582,22131,26621
115397,560,22514,26590
118232,557,22487,26482
118232,550,22380,26498
116787,564,23132,27070
116787,560,22336,26356
116305,557,22567,26565
116305,571,22945,27028
118932,551,22916,26783
118932,580,23142,27306
115342,592,22342,26970
115342,560,22589,26729
117268,549,22921,26828
117268,568,22844,26887
118153,554,22915,26890
118153,583,22230,26408
115157,538,21882,25655
115157,575,22304,26513
118713,559,22463,26408
118713,559,22363,26434
116546,596,22846,27486
116546,564,21831,25862
116602,548,21827,25751
116602,576,22380,26583
118932,532,22597,26360
118932,592,22491,26863
114696,554,21808,25610
114696,560,22539,26691
117991,558,22487,26429
117991,552,22380,26485
117268,571,22858,26871
117268,560,21900,25930
116603,588,22474,27134
116603,535,22504,25935
119195,581,22649,27221
119195,572,22487,26571
115880,557,22271,26190
115880,563,22087,26245
117566,552,22589,26490
117566,565,22463,26555
118210,563,22532,26436
118210,579,21798,26022
115639,547,21751,25633
115639,568,22445,26620
118714,581,22642,27134
118714,557,22489,26570
116602,567,22698,26754
116602,552,22120,26069
116843,558,21999,26030
116843,570,22345,26441
118955,546,22624,26555
118955,582,22720,26827
114937,563,22308,26246
114937,562,22640,26772
117991,562,22501,27126
117991,587,22271,26341
117269,561,22629,26621
117269,577,22033,26119
115824,543,22090,26011
115824,572,22598,26721
118954,551,22513,26384
118954,567,22654,26748
116547,570,22311,26339
116547,554,22068,26159
117028,559,22616,26510
117028,566,22373,26495
119413,576,22534,27038
119413,583,22500,26760
115157,554,22058,25902
115157,562,22260,26459
117969,550,22617,26502
117969,558,22496,26442
118210,572,22666,26784
118210,577,22159,26287
115638,545,21817,25635
115638,569,22410,26615
119173,587,22637,27181
119173,568,22406,26547
116306,563,22044,26037
116306,563,21548,25667
117268,555,22568,26458
117268,568,22467,26620
119356,541,22965,26837
119356,578,22938,27048
115397,566,22430,26412
115397,555,22756,26797
118209,560,22819,26724
118209,558,22808,26964
117246,595,22870,27490
117246,576,21971,26108
115638,534,21799,25592
115638,579,22489,26738
118691,546,22565,26451
118691,572,22449,26544
115824,567,22047,25981
115824,556,21497,25619
117028,560,22489,26481
117028,567,22325,26404
119172,575,22587,27048
119172,559,22706,26325
115398,585,22134,26661
115398,563,22615,26728
117750,553,22276,26239
117750,547,22528,26519
117269,570,22622,26629
117269,573,22015,26122
116120,549,22174,26117
116120,568,22447,26524
119196,557,22560,26536
119196,572,22401,26519
115342,591,21922,26486
115342,559,21933,26004
117566,552,22489,26454
117566,570,22504,26628
118932,538,22543,26351
118932,582,22497,26736
115398,559,21848,25758
115398,564,22665,26837
118232,561,22593,26513
118232,550,22334,26347
117269,604,22708,27407
117269,543,22156,26242
116120,577,21809,25749
116120,568,22570,26659
119172,549,22458,26438
119172,564,22552,26583
116065,566,22188,26196
116065,553,21551,25564
116787,561,22572,26553
116787,569,22309,26447
119116,544,22670,27207
119116,583,22707,26196
115101,591,21955,26543
115101,559,22444,26491
117751,557,22681,26719
117751,550,22447,26388
117487,569,22735,26765
117487,575,22532,26620
116120,546,21834,25714
116120,570,22308,26375
118955,560,22568,26602
118955,566,22534,26649
116306,571,22315,26333
116306,575,21869,26408
116787,557,22615,26649
116787,589,23100,27151
108020,570,23196,27262
108020,556,22342,26414
98265,554,23120,27058
98265,552,22791,26941
92532,541,22952,26799
92532,549,23283,27352
92048,564,23275,27999
92048,557,23031,26446
90373,570,22975,27551
90373,546,22890,26922
89633,544,23258,27228
89633,571,23231,27403
90357,542,23183,27085
90357,554,22917,26982
89407,544,23329,27267
89407,550,23131,27187
90600,564,23267,27242
90600,561,23088,27207
90374,646,22944,27543
90374,1477,11941,16165
76355,1116,10071,14104
76355,876,14717,18971
71519,772,18725,22970
71519,484,4525,8389
71081,532,2391,6642
71081,512,2013,6065
70110,506,2085,6115
70110,520,2235,6294
69867,509,2287,6322
69867,517,2143,6219
69902,502,2014,6015
69902,523,2215,6303
69902,526,2057,6217
69902,517,2232,6301
69671,506,1983,5994
69671,519,2068,6163
69671,503,1966,5977
69671,517,1999,6074
69671,504,2038,6060
69671,519,2225,6290
69671,530,2305,6483
69671,513,2216,6271
69428,508,2092,6135
69428,515,2132,6194
69428,505,2157,6180
69428,516,2186,6268
69428,502,2129,6136
69428,522,2024,6108
69428,529,2243,6417
69428,514,2172,6225
69428,506,2223,6251
69428,517,2316,6401
69428,506,2106,6131
69428,512,2177,6224
63887,514,2011,6051
63887,518,2107,6165
56401,528,2110,6288
56401,512,2075,6124
53511,508,2215,6260
53511,517,2189,6250
52545,507,2245,6284
52545,512,2170,6220
52058,504,2016,6038
52058,522,2311,6399
52058,525,2196,6341
52058,519,2176,6265
52058,506,2174,6193
52058,518,2258,6325
51815,509,2192,6232
51815,515,2245,6314
51808,504,2068,6078
51808,521,2084,6161
51808,528,2031,6198
51808,514,2047,6109
51808,512,2104,6155
51808,517,2153,6206
51808,504,1929,5949
51808,518,2084,6161
51808,504,2152,6165
51808,516,2224,6287
51808,534,2122,6312
51808,514,2127,6190
51808,504,2082,6106
51808,516,2079,6145
51808,508,2092,6129
51808,512,2175,6226
51808,506,2083,6114
51808,518,2146,6205
51808,533,2099,6276
51808,515,2247,6312
51808,507,2178,6213
51808,514,2057,6102
51808,509,2127,6169
51808,514,2033,6094
51808,503,2171,6177
51808,521,2111,6205
51808,525,2091,6234
51808,518,1934,6021
51808,504,2127,6140
51808,519,2278,6355
51808,506,2313,6339
51808,516,2171,6237
51808,503,1906,5926
51808,521,2144,6215
51808,526,2023,6176
51808,520,1966,6045
51815,506,2020,6043
51815,523,2205,6263
50356,509,2078,6117
50356,514,2009,6069
49139,507,2010,6048
49139,516,2014,6075
48896,530,1951,6124
48896,491,1829,5911
48921,528,2025,6030
48921,530,2174,6258
48921,502,1963,5969
48921,519,1972,6056
48921,509,2030,6059
48921,515,2040,6103
48678,527,1979,6140
48678,516,2093,6170
48678,507,2033,6070
48678,515,2004,6071
48678,504,1946,5954
48678,516,1971,6041
48678,506,1921,5947
48678,521,1933,6013
48678,525,1985,6126
48678,519,1932,6018
48678,505,2051,6079
48678,519,1935,6008
48678,502,1938,5947
48678,519,2040,6120
48678,505,2004,6027
48678,515,1995,6062
48678,528,1867,6023
48678,517,1888,5959
48678,506,1951,5987
48678,514,2021,6073
48653,504,1935,5961
48653,517,1849,5925
48653,503,1871,5893
48653,519,1942,6017
48653,505,1922,5951
48653,539,1936,6149
48653,505,1828,5850
48653,522,2102,6178
48653,507,1920,5946
48653,514,2003,6061
48653,506,2004,6028
48653,518,1984,6052
48653,529,1973,6146
48653,515,1962,6028
48653,508,1921,5954
48653,515,1965,6029
48653,504,1953,5964
48653,520,1981,6056
48653,504,1878,5897
48653,518,1873,5948
46001,497,2780,8150
46001,529,2169,14171
31698,510,1927,13657
31698,528,2058,13898
25392,503,1982,13592
25392,520,1938,13735
23438,528,1902,13820
23438,496,2017,13479
22462,521,1945,13782
22462,522,1924,13735
21973,503,1933,13570
21973,522,1912,13686
21982,500,2061,13933
21982,522,1933,13442
21982,517,2066,13887
21982,507,1999,13582
21738,520,2041,13880
21982,508,2012,13709
21982,529,1999,13876
21738,504,1923,13542
21738,524,1896,13697
21738,500,1938,13567
