nvml:nvidia_geforce_gtx_970_0,rapl:ram,rapl:cores,rapl:pkg
21729,688,6648,18265
21738,516,2218,13954
21738,507,2124,13666
21738,523,2033,13903
21738,525,2035,13859
21738,499,2026,13592
21738,525,2033,13837
21982,504,2094,13706
21982,520,2025,13801
21738,528,2027,13928
21738,496,2080,13544
21982,533,2093,14061
21982,519,1990,13754
21982,495,2047,13572
21982,528,2035,13902
21982,500,1951,13530
21982,520,1863,13654
21982,523,1972,13853
21982,497,1922,13404
21738,527,1881,13791
21738,522,1970,13751
21982,493,1907,13408
21982,537,2017,13955
21982,498,2014,13574
21982,526,2072,13918
21982,517,2125,13917
21982,510,2215,13813
21982,520,2189,14001
21982,501,1939,13491
21982,520,1981,13794
21982,537,2071,13956
21982,509,1982,13637
21982,509,2002,13662
21982,509,2104,13762
21982,517,1813,13558
21982,508,2030,13695
21982,537,2048,14076
21982,508,1937,13592
21982,512,1961,13640
21982,513,1903,13612
21982,504,1973,13575
21982,519,1999,13783
21982,514,1979,13670
21982,533,1959,13945
21982,516,2001,13730
21982,509,2133,13808
21982,515,2262,13964
21982,509,2111,13784
21982,512,2132,13836
18323,523,2224,14055
18323,521,2052,13848
18323,493,2353,13803
18323,536,2320,14325
18323,511,2075,13775
18323,512,2235,13881
18323,511,1961,13663
18323,512,2012,13725
18323,509,2057,13725
18323,513,2015,13708
18323,511,1944,13651
18323,538,1943,13937
18323,511,1970,13654
18323,512,1899,13589
18323,512,1965,13677
18323,513,1981,13646
18323,511,1943,13642
18323,515,1881,13582
18323,513,2057,13735
18323,536,2101,14114
18078,497,2022,13499
18078,526,1977,13832
18078,518,2064,13824
18078,512,1979,13680
18078,505,1991,13625
18078,513,2029,13732
18078,536,2085,14090
18078,513,2037,13758
18078,510,1992,13654
18078,511,2054,13747
18078,511,1890,13595
18078,513,1997,13692
18078,510,2175,13827
18078,509,2164,13848
18078,521,2154,13900
18078,525,1977,13851
18078,520,1958,13739
18078,510,1922,13606
18078,511,1998,13697
18078,513,2054,13776
18078,512,2139,13826
18078,530,1935,13842
18078,516,1961,13704
18078,494,2021,13492
18078,532,1868,13817
18078,512,1867,13565
18078,502,1851,13434
18078,519,1808,13607
18078,512,1841,13548
18078,509,1860,13521
18078,511,1815,13522
18078,536,1867,13867
18078,513,1948,13634
18078,508,1987,13637
18078,516,1956,13692
18078,511,1951,13640
18078,511,2023,13726
18078,509,1939,13618
18078,513,1938,13652
18078,535,1853,13865
17840,495,1904,13410
17840,528,1849,13699
17840,513,1893,13600
17840,505,2072,13669
17840,522,1914,13732
17840,508,1977,13636
17840,517,2171,13913
17840,509,1939,13918
17840,533,1952,13615
17840,508,1855,13516
17840,513,2072,13782
17840,512,2041,13739
17840,512,2036,13724
17840,514,1929,13657
17840,524,1916,13793
17840,519,1858,13651
17840,507,2001,13636
17840,513,1988,13706
17840,513,2059,13785
17840,510,1997,13680
18078,514,2021,13711
18078,512,1899,13584
18078,535,1930,13909
18078,513,1937,13653
18078,512,1885,13569
18078,508,2187,13837
18078,515,1978,13716
18078,511,1995,13697
18078,505,1934,13556
18078,515,1926,13666
18078,511,2076,13774
18078,535,2103,14084
18078,516,2177,13894
18078,509,2079,13755
18078,510,2075,13740
18078,512,1984,13700
18078,515,1932,13652
18078,506,1932,13567
18078,517,2136,13866
18078,533,2022,13990
18078,511,2224,13938
18078,513,2229,13892
18078,512,2402,14090
18078,517,2153,13910
18078,505,2235,13858
18078,511,2165,13849
18078,513,2143,14166
18078,535,1909,13611
18078,513,2083,13788
18078,509,2148,13813
18078,513,2008,13722
18078,591,11498,23183
18078,609,21500,33207
18078,594,22018,33643
18078,923,19600,31374
18078,710,19505,31335
18078,680,18268,29927
18078,581,21654,33210
18078,627,21698,33470
18078,738,15867,28081
18067,590,4812,16676
18067,596,43636,54763
18067,658,44744,56983
18067,621,21792,33432
18067,800,20170,31711
18067,710,20635,32573
18067,637,21459,33100
18067,607,21614,33253
18067,1067,20263,32155
22677,816,22569,31968
32637,957,20688,24830
32637,1075,20499,24750
42815,1032,20885,25657
42815,1050,20595,24674
46944,1023,21081,25213
46944,1114,20347,24573
48403,1073,20783,24972
48403,1133,20563,24772
49107,1056,20681,24758
49107,1139,20662,25069
49107,1068,20720,24711
49107,1044,20473,24759
49350,988,20407,24933
49350,1053,20373,24585
49350,1106,20627,24736
49350,1000,20587,25090
49350,975,20718,24629
49350,967,20502,24757
49350,1020,19913,23969
49350,1019,20344,24675
49350,1154,20654,24717
49350,1112,20541,25336
49350,957,23519,27149
49350,904,20881,25069
54421,954,20922,25463
54421,633,20380,24734
69094,532,19960,23700
69094,573,20960,25162
89889,567,21347,25369
89889,564,20797,24874
103991,558,21432,25478
103991,581,21812,25593
112045,554,21273,25348
112045,584,21223,25458
110599,581,21445,25779
110599,548,21303,24936
114214,597,21868,26423
114214,566,20822,24857
112527,562,21421,25352
112527,563,21460,25646
113491,553,22436,26358
113491,570,22232,26413
116065,557,22145,25902
116065,580,22410,26696
112748,567,22256,26246
112748,552,21698,25719
114675,578,22699,27124
114675,585,22610,26954
115342,561,23027,26673
115342,591,21275,25692
113009,535,21875,25608
113009,574,22668,26908
116043,560,22788,26701
116043,563,22664,26799
113898,592,22944,27414
113898,539,22225,25746
113470,588,22631,27304
113470,537,22641,26029
116524,568,22729,27127
116524,581,22516,26735
113952,577,22283,26122
113952,559,21285,25541
115157,558,22863,26622
115157,565,22462,26716
115321,573,23008,27053
115321,577,22304,26422
113009,561,21641,25875
113009,559,22608,26371
116306,586,22756,27351
116306,556,22652,26689
114620,560,23004,26856
114620,578,22256,26445
114193,558,22465,26298
114193,576,21794,26079
116546,583,22669,27065
116546,549,22792,26403
113711,567,22245,26233
113711,552,21860,25921
114861,575,22653,27036
114861,583,22551,26847
116787,541,22872,26749
116787,583,22878,27096
113229,550,22225,25794
113229,565,22392,26819
115879,570,22705,26654
115879,569,21588,25642
115156,596,22410,26922
115156,551,21941,25548
114268,581,22209,26747
114268,540,22629,26109
117325,567,22570,26955
117325,575,22516,26760
114937,564,22402,26363
114937,560,21787,25848
114696,552,21876,25768
114696,571,22706,26861
117028,568,22892,26880
117028,588,21726,25856
113250,588,21760,26229
113250,533,22521,26017
115639,583,22869,27464
115639,578,22331,26545
117007,536,22648,26372
117007,582,22486,26677
113009,565,21857,25807
113009,560,22305,26425
116142,559,22516,26380
116142,556,22492,26669
115102,587,23071,27073
115102,576,21333,25390
114455,576,22181,26638
114455,580,22700,26943
117028,554,22796,26757
117028,568,22649,26692
114434,562,22110,25998
114434,556,21839,25962
115398,561,22809,26740
115398,569,22734,26898
117728,577,23074,27460
117728,553,22845,26444
113711,598,22485,27093
113711,548,21357,25495
115824,568,22525,26219
115824,572,22820,27096
115102,564,23056,27024
115102,577,22145,26249
113732,542,22201,25938
113732,574,22687,27022
117028,562,22973,26832
117028,567,22876,27011
114620,587,22728,27205
114620,572,22171,26306
114675,566,22245,26276
114675,597,21757,25931
117006,536,22507,26214
117006,592,22646,27013
113229,560,21687,25565
113229,556,22853,26984
116064,560,22785,26604
116064,562,22697,26850
116766,596,22824,27452
116766,552,21992,25503
113973,560,21907,26175
113973,591,22118,26511
117028,550,22698,26526
117028,591,21677,25813
114193,567,21854,25790
114193,555,21925,26009
115398,566,22912,26888
115398,571,22856,26948
117488,580,22941,27446
117488,555,22813,26418
113009,588,22133,26625
113009,566,22726,26854
116306,544,22782,26623
116306,564,22759,26888
115583,578,23226,27220
115583,584,21566,25608
114214,549,22134,26029
114214,574,22607,26901
117269,558,22849,26745
117269,571,22655,26805
114379,589,22108,26594
114379,572,21760,25961
115178,551,22486,26398
115178,573,22368,26528
117509,542,22849,26614
117509,576,22642,26809
113973,575,22099,26022
113973,572,21142,25286
116121,592,22576,27086
116121,526,22270,25746
115583,579,22695,26741
115583,577,21774,25885
113973,559,22119,26462
113973,596,22516,26886
117268,547,22609,26457
117268,564,22440,26567
115102,566,22556,26525
115102,571,21803,25861
114455,591,22407,26883
114455,561,21567,25131
117509,584,22519,27001
117509,554,22887,26449
113491,592,21918,26539
113491,562,21869,25944
115583,542,22570,26376
115583,575,22234,26399
117750,553,22602,26543
117750,584,22372,26524
113491,563,21444,25314
113491,604,24186,28347
102301,557,22246,26216
102301,581,22358,26527
93257,561,23021,27397
93257,533,22964,27265
90132,578,23267,27213
90132,563,23250,27332
89649,533,23363,27177
89649,560,23231,27431
88198,550,23668,27593
88198,562,23512,27656
89407,554,23413,27258
89407,557,23213,27470
88198,543,23738,27625
88198,570,22612,26701
88923,572,23426,27872
88923,580,23542,27919
88682,534,23453,27324
88682,548,23125,27162
95610,576,24362,28219
95610,574,22075,26324
108672,566,22505,26428
108672,578,21645,25769
111081,571,21996,26328
111081,550,21697,25381
115824,591,22604,27256
115824,584,21723,25758
113250,557,21800,25696
113250,569,21793,25987
115123,548,22805,26704
115123,567,22698,26765
117488,548,22945,26757
117488,585,22874,27179
113196,566,22368,26265
113196,556,22783,26919
116065,582,22766,27227
117028,545,23097,26926
117028,603,22711,27219
114138,566,21866,25688
114138,570,21865,26055
115343,553,22625,26488
115343,567,22016,26117
117007,575,22571,26746
117007,574,21975,25996
113491,560,22240,26284
113491,563,22506,26436
116787,563,22573,26794
116787,574,22345,26696
115824,556,22724,26640
115824,588,22072,26317
114400,554,21903,25726
114400,570,22488,26589
117751,561,23058,27062
117751,574,22672,26744
114916,570,22328,26400
114916,581,21921,26436
115343,566,22900,26984
115343,539,22666,26161
117969,579,22789,27321
117969,578,22599,26760
113732,562,22010,25921
113732,552,22431,26469
116305,560,22883,26872
116305,561,22743,26755
116306,572,22971,27008
116306,575,22381,26522
114675,577,21917,26391
114675,540,22286,25760
117269,585,22327,26945
117269,564,22765,26851
114861,555,22487,26349
114861,554,22251,26207
115419,565,22926,27023
115419,572,22835,27051
117991,549,22744,26605
117991,579,22654,26736
113436,568,22322,26326
113436,554,22703,26825
116305,593,22837,27453
116305,565,22526,26552
117028,556,22545,26474
117028,580,21928,26096
114214,534,22085,25846
114214,580,22262,26459
117750,557,22658,26600
117750,557,22683,26831
115583,570,22813,26781
115583,559,22289,26383
115157,558,22843,26767
115157,568,22708,26824
117969,587,22814,27482
117969,570,22911,26993
114379,561,22471,26414
114379,562,22017,26121
115824,550,22729,26597
115824,567,22498,26610
117913,553,22666,26573
117913,582,22451,26657
113973,566,21796,25714
113973,555,22536,26628
116787,588,22518,27038
116787,576,22208,26424
116766,550,22514,26358
116766,583,21944,26143
114193,536,21725,25487
114193,574,21764,25975
117565,562,22514,26468
117565,556,22284,26340
115343,571,22612,26556
115343,555,21624,25747
114861,592,22218,26831
114861,539,22265,26402
117969,581,22467,26380
117969,575,22452,26614
114138,567,21853,25805
114138,558,21240,25288
116065,555,22387,26307
116065,567,22185,26289
117672,556,22570,26485
117672,579,22678,26844
113952,596,21977,26538
113952,530,22599,26033
116787,587,22562,27163
116787,549,22436,26384
116065,565,23023,27031
116065,581,22269,26423
114916,541,22555,26455
114916,569,22621,26673
117509,559,22840,26760
117509,567,22578,26729
115343,572,22926,26900
115343,553,22118,26197
115343,592,22360,27026
115343,575,22530,26668
117969,545,22734,26603
117969,565,22800,26767
113677,570,21905,25983
113677,558,22621,26730
116306,559,22830,26711
116306,567,22538,26677
117728,558,22788,26650
117728,583,22381,26662
114214,584,21792,26215
114214,570,22801,27002
117268,550,22333,26244
117268,554,22614,26674
116065,565,22736,26728
116065,569,21864,25891
114937,551,22160,26161
114937,569,22360,26420
117991,557,22601,26562
117991,565,22484,26584
115102,571,22301,26342
115102,550,22055,26083
115364,580,22182,26721
115364,577,22296,26506
117991,539,22486,26303
117991,577,22673,26869
114861,563,22182,26125
114861,553,22010,26087
116603,562,22566,26522
116603,567,22329,26438
117970,581,22702,27235
117970,547,22844,26305
114434,592,22192,26809
114434,555,22534,26576
116787,551,22671,26622
116787,568,22576,26698
116950,556,22462,26343
116950,577,21657,25827
114455,545,21829,25633
114455,574,22415,26656
117510,558,22453,26372
117510,553,22481,26632
115584,597,22990,27578
115584,571,22124,26157
115398,541,22267,26231
115398,572,22488,26647
117991,546,22545,26434
117991,573,22411,26495
114379,570,22001,26000
114379,553,22237,26294
115583,561,22630,26549
115583,568,22561,26730
117913,583,22473,27021
117913,571,24530,27969
103681,560,22861,27358
103681,566,23040,27199
93677,542,23333,27253
93677,562,23260,27342
91763,553,23160,27149
91763,552,23289,27332
89165,542,23366,27317
89165,562,23183,27323
90132,556,23261,27200
90132,551,23174,27305
88682,570,23319,27937
88682,559,23211,27295
89890,548,23298,27220
89890,566,23247,27377
88966,540,23284,27250
88966,549,23201,27269
89406,554,23335,27235
89406,564,23336,27438
97058,568,24377,28284
97058,578,22347,26535
105851,594,22151,26764
105851,559,22188,26267
113250,549,22628,26547
113250,572,22428,26589
116787,534,22579,26337
116787,585,22642,26895
113732,561,22095,25947
113732,552,22677,26814
116065,562,22782,26682
116065,562,22680,26841
116787,591,22690,27304
116787,549,22316,25834
114455,579,22516,26979
114455,567,22734,26883
117269,551,22869,26789
117269,558,22685,26895
116065,556,23154,27021
116065,574,22215,26309
114937,547,22577,26482
114937,567,22633,26774
117750,557,22779,26700
117750,561,22871,26946
115342,595,23111,27767
115342,558,22394,26405
115639,553,22269,26254
115639,568,22687,26809
117969,547,23090,26997
117969,573,23105,27173
114620,567,22467,26503
114620,553,22613,26591
116844,560,22743,26739
116844,564,22619,26739
117970,579,22998,27510
117970,580,22877,27083
113973,558,22630,26505
113973,564,22924,27090
117269,549,22763,26691
117269,562,22607,26722
116547,564,23093,27085
116547,573,22758,26870
114675,545,22187,26032
114675,574,22338,26510
117750,556,22324,26212
117750,554,22689,26885
116065,598,22992,27618
116065,570,22295,26336
115102,542,22340,26290
115102,571,22627,26754
118210,546,22811,26664
118210,569,22732,26816
115102,570,22363,26399
115102,554,21884,25940
116065,560,22728,26665
116065,566,22772,26837
118210,585,22794,27373
118210,550,22830,26372
114139,585,22446,26999
114139,554,22838,26881
116546,554,22771,26728
116546,569,22616,26746
117247,555,22915,26834
117247,577,22249,26445
114379,546,21792,25635
114379,574,22442,26598
117487,559,22508,26444
117487,549,22544,26648
116284,595,22895,27536
116284,575,22086,26216
114861,537,22251,26088
114861,573,22364,26526
117969,546,22383,26221
117969,560,22367,26446
115583,571,22529,26599
115583,552,22132,26094
115584,566,22515,26536
115584,567,22404,26531
117969,583,22447,27035
117969,570,22625,26712
115101,558,22175,26083
115101,563,21814,25995
116065,547,22680,26565
116065,568,22384,26501
118210,547,22611,26534
118210,581,22803,26988
114159,565,22117,25998
114159,553,22506,26612
116788,592,22708,27318
116788,531,22442,25864
118210,568,22712,27143
118210,591,22852,27133
114214,554,22202,26049
114214,562,22754,26899
117028,554,22827,26787
117028,559,22525,26536
116306,573,22566,26606
116306,575,21995,26093
115156,576,22655,27210
115156,536,22669,26078
118232,583,22573,27206
118232,556,22474,26511
115343,566,22596,26636
115343,563,22067,26123
115398,545,22150,26003
115398,574,22415,26635
117991,553,22610,26490
117991,579,22351,26482
114696,567,21744,25766
114696,552,22296,26334
116843,591,22668,27294
116843,567,22348,26431
118232,535,22573,26421
118232,583,22568,26776
114455,559,21917,25832
114455,552,22624,26569
117325,563,22530,26608
117325,556,22375,26397
117247,571,22678,26671
117247,576,22353,26505
114696,576,21884,26342
114696,542,22132,25684
117750,584,22500,27110
117750,549,22448,26484
115824,563,22727,26687
115824,569,22128,26181
115398,546,22141,26082
115398,568,22589,26741
118232,557,22469,26426
118232,561,22499,26557
115583,572,22865,26877
115583,590,22249,26921
115845,554,22209,26200
115845,569,22484,26657
117969,543,22922,26757
117969,576,22758,26881
114861,566,22115,26093
114861,556,22198,26221
116546,560,22426,26366
116546,565,22343,26520
118450,551,22684,26564
118450,577,22748,26842
114675,594,22304,26996
114675,561,22532,26611
117028,550,22607,26523
117028,558,22442,26460
117247,561,22587,26570
117247,579,21958,26135
115156,542,21834,25693
115156,569,22284,26481
118209,557,22550,26458
118209,554,22509,26594
116064,595,22887,27486
116064,572,22135,26163
115156,550,22420,26461
115156,568,22441,26523
117969,552,22461,26424
117969,552,22422,26429
116306,570,22534,26507
116306,557,21992,26026
115639,558,22467,26469
115639,566,22523,26639
118232,556,22617,26559
118232,573,22674,26807
115343,569,22219,26301
115343,582,21869,26546
109876,579,23868,27740
109876,568,22750,26929
98024,534,23152,27039
98024,555,22910,27063
91807,545,23096,27053
91807,563,23221,27323
91340,554,23112,27065
91340,549,23274,27359
89165,541,23246,27847
89165,564,23342,26807
90132,575,23178,27680
90132,559,23240,27455
88682,528,23380,27241
88682,563,23398,27498
90132,546,23357,27292
90132,557,23258,27297
89208,544,23102,27061
89208,550,23261,27416
89890,554,23401,27309
89890,580,23973,28148
103990,583,22488,27004
103990,541,22394,25925
113677,570,22454,26908
113677,580,22639,26838
112527,555,22005,25862
112527,559,22154,26336
116065,557,22521,26427
116065,566,22238,26387
118210,548,22508,26362
118210,582,22639,26849
114214,593,22256,26817
114214,527,22321,25743
116865,582,22679,27259
116865,571,22414,26533
117991,539,22717,26562
117991,577,22629,26762
114214,562,22143,26109
114214,560,22513,26529
117028,560,22526,26548
117028,553,22280,26403
116547,574,22561,26507
116547,567,21523,25616
114937,582,22151,26747
114937,567,22378,26488
118232,542,22480,26328
118232,578,22557,26668
114882,567,22014,26033
114882,554,22072,26118
116065,561,22801,26783
116065,567,22780,26824
118451,549,22918,26933
118451,592,22858,26945
114193,589,22217,26809
114193,561,22759,26846
117268,553,22874,26841
117268,565,22663,26745
118635,544,22980,26825
118635,579,22760,26955
114434,558,22150,26017
114434,563,22909,27083
117509,559,22885,26809
117509,554,22803,26880
116766,577,22877,26927
116766,569,21998,26134
115398,569,22338,26816
115398,571,22736,26856
118209,548,22721,26603
118209,570,22759,26932
115824,571,22624,26620
115824,558,21888,25915
116121,560,22716,26705
116121,568,22443,26550
118451,585,22724,27257
118451,544,22930,26392
114620,589,22343,26968
114620,560,22330,26467
116546,553,22743,26660
116546,562,22575,26613
118691,540,22787,26674
118691,580,22853,26990
114675,562,22188,26123
114675,562,22899,26969
117750,560,22806,26806
117750,549,22559,26657
116766,577,22912,26946
116766,601,22140,26817
115398,543,22061,25986
115398,571,22655,26814
118691,547,22674,26591
118691,563,22697,26717
116065,571,22458,26517
116065,551,22201,26166
116121,564,22391,26373
116121,568,22612,26781
118692,551,22848,26773
118692,578,23079,27217
115101,591,22422,27048
115101,559,22126,26208
116306,543,22859,26668
116306,575,22589,26830
118691,537,22878,26650
118691,581,23010,27222
114159,565,22418,26272
114159,557,22699,26915
117028,563,22760,26689
117028,598,22786,27510
117028,561,22657,26734
117028,577,22344,26428
115178,540,22307,26139
115178,568,22557,26677
118232,551,22837,26767
118232,560,22650,26811
116306,568,22939,26933
116306,562,22266,26256
115583,553,22753,26715
115583,569,22738,26921
118714,583,22782,27310
118714,568,22613,26697
115343,564,22113,26125
115343,559,21851,25964
116546,550,22802,26729
116546,566,22583,26659
118450,543,22886,26737
118450,580,22926,27117
114675,567,22334,26292
114675,556,22670,26711
117487,565,22922,26908
117487,555,22776,26887
116766,593,23101,27675
116766,582,22024,26182
115102,541,22164,26035
115102,570,22545,26668
118450,552,22622,26630
118450,559,22769,26754
116305,569,22816,26801
116305,562,22480,26528
115584,553,22866,26879
115584,568,22793,26914
118635,583,22856,27388
118635,559,22687,26762
116043,564,22493,26499
116043,561,22188,26246
116065,546,22218,26172
116065,568,22720,26829
118876,553,22915,26777
118876,576,22807,26986
115101,566,22269,26205
115101,553,22404,26516
117028,593,22819,27451
117028,536,22668,26076
118394,578,22657,27206
118394,577,22671,26834
114861,554,22873,26788
114861,565,22701,26870
117750,551,22772,26663
117750,549,22664,26731
117028,572,22871,26860
117028,572,22201,26313
115583,549,22478,26356
115583,568,22636,26779
118713,589,22800,27461
118713,553,22821,26813
116065,567,22765,26805
116065,584,21515,25569
116065,550,21681,25597
116065,568,22222,26307
118692,553,22776,26726
118692,580,22905,26962
114138,567,22189,26265
114138,562,22604,26624
117565,594,22837,27462
117565,558,22520,26546
116065,568,22919,27000
116065,571,22035,26067
115102,544,21454,25389
115102,572,22224,26353
118232,552,22291,26291
118232,570,22156,26181
115880,569,21687,25623
115880,555,21815,25939
117084,562,22383,26300
117084,565,22197,26323
118932,584,22479,27120
118932,546,22495,25963
114916,583,22147,26620
114916,601,23924,28069
103267,542,22122,26066
103267,556,22823,26948
94465,536,23308,27091
94465,557,23275,27474
92774,562,23359,27270
92774,562,23555,27733
90615,573,23393,27982
90615,519,22803,26227
90132,579,23359,27983
90132,567,23268,27391
90374,527,23364,27146
90374,566,23099,27330
89165,546,23289,27171
89165,562,23139,27291
90374,556,23199,27127
90374,552,22843,26976
89407,542,23358,27260
89407,560,23308,27460
96110,597,24839,29391
96110,572,22354,26481
110840,558,22592,26554
110840,574,22684,26808
112527,557,22259,26164
112527,559,21885,25907
115583,564,22726,26709
115583,563,22535,26582
117247,589,22817,27387
117247,550,22319,25800
114915,584,22297,26874
114915,536,22272,25778
117487,576,22788,27286
117487,553,22581,26593
115583,574,23006,27081
115583,561,22115,26158
116064,555,22323,26332
116064,567,22638,26715
118634,554,22901,26785
118634,576,22948,27104
115343,568,22593,26607
115343,554,22206,26248
116546,590,22713,27355
116546,566,22581,26661
118393,533,22807,26499
118393,590,22884,27179
114620,560,21988,25898
114620,563,22560,26662
117510,559,22805,26735
117510,551,22485,26582
117006,577,22650,26653
117006,571,21790,25950
115398,579,22291,26860
115398,569,22379,26461
118450,547,22569,26450
118450,569,22499,26672
115824,558,22291,26130
115824,554,21923,26015
116306,565,22262,26313
116306,566,22355,26447
118932,551,22510,26397
118932,580,22394,26555
114937,594,21801,26374
114937,533,22286,25778
117324,581,22620,27147
117324,564,22480,26537
116787,563,22554,26577
116787,578,21930,26056
115178,541,22136,25946
115178,572,22306,26451
118232,561,22609,26586
118232,557,22474,26473
116546,597,22776,27419
116546,570,21979,26111
116362,547,22176,26129
116362,577,22370,26587
118954,541,22691,26490
118954,579,22465,26664
114937,558,21906,25791
114937,556,21694,25788
116843,560,22557,26546
116843,565,22376,26445
118932,582,22723,27257
118932,547,22668,26232
114455,595,22343,26920
114455,527,22506,25937
117587,583,22647,27175
117587,568,22334,26462
117750,549,22327,26200
117750,577,21682,25837
115178,544,21640,25482
115178,572,22219,26387
118473,557,22453,26416
118954,573,22548,26925
118954,566,22524,26266
114861,581,22034,26538
114861,568,22712,26874
117269,550,22664,26584
117269,563,22424,26525
117509,561,22661,26692
117509,574,22087,26175
115178,558,22241,26307
115178,567,22495,26480
118232,567,22731,26907
118232,546,22445,26168
116547,581,22842,27196
116547,549,22132,26546
116306,575,22627,26453
116306,588,22510,26854
118954,537,22670,26431
118954,580,22639,26879
115342,558,21992,25902
115342,553,22285,26346
116547,560,22549,26477
116547,566,22491,26644
118875,544,22681,26610
118875,582,22731,26894
115101,587,22231,26750
115101,565,22536,26713
117750,547,22721,26591
117750,568,22366,26530
117213,555,22776,26697
117213,576,22218,26366
115398,543,22312,26146
115398,573,22077,26314
118473,560,22649,26483
118473,558,22442,26659
116547,568,22847,26736
116547,566,21993,26178
115824,583,22158,26682
115824,539,22219,25734
119173,578,22483,27021
119173,551,22289,26284
116547,566,22632,26606
116547,569,22029,26094
116064,549,22415,26435
116064,568,22492,26580
118954,557,22608,26536
118954,568,22556,26655
115824,569,22529,26571
115824,553,22172,26231
116602,584,22427,26997
116602,571,22390,26513
118932,539,22700,26558
118932,583,22955,27188
114937,560,22379,26314
114937,554,22534,26577
117028,558,22476,26458
117028,564,22463,26548
117751,562,22527,26461
117751,575,21981,26144
115419,585,22005,26556
115419,566,22365,26499
118232,550,22551,26501
118232,553,22442,26560
117084,556,22855,26726
117084,574,21857,26017
115901,548,22193,26058
115901,568,22350,26493
118954,557,22578,26523
118954,559,22469,26451
116362,596,22617,27278
116362,562,22018,26067
116602,551,21941,25933
116602,572,22261,26420
118954,542,22530,26369
118954,582,22373,26585
114937,561,22032,25943
114937,559,22342,26356
117346,561,22707,26749
117346,562,22507,26619
118473,585,22852,27336
118473,577,22738,26872
115178,565,22471,26513
115178,564,22714,26837
117991,546,22781,26650
117991,555,22694,26757
117269,563,22978,26990
117269,574,22306,26375
115879,546,22422,26326
115879,569,22652,26728
118714,558,22707,26660
118714,585,22683,27352
116120,630,23302,27445
116120,577,20336,24289
117084,683,21852,25970
117084,604,23306,27395
103316,530,21767,25617
103316,547,22581,26697
94419,551,23204,27239
94419,556,23195,27231
92290,542,23200,27145
92290,545,23037,27125
90132,553,23326,27332
90132,556,23244,27315
90374,564,23385,27924
90374,549,23275,27398
89407,546,23394,27396
89407,558,23235,27315
90599,533,23329,27157
90599,549,23150,27299
89166,555,23411,27332
89166,558,23216,27361
90358,555,23390,27312
90358,550,23247,27363
97782,608,24488,29142
97782,524,22332,25787
108913,587,23002,27514
108913,572,22037,26128
112768,539,22346,26201
112768,574,22301,26535
117510,552,22631,26533
117510,564,22602,26634
116065,571,22643,26754
116065,553,22241,26161
115880,590,22565,27192
115880,537,22441,25929
118714,582,22695,27265
118714,573,22687,26845
115583,561,22040,26017
115583,556,21897,25921
117565,551,22602,26503
117565,564,22307,26409
119173,552,22798,26679
119173,583,22623,26790
114696,563,21964,25989
114696,560,22512,26516
117269,588,22587,27233
117269,521,22420,26556
117269,594,22495,26406
117269,576,22084,26247
115639,539,22003,25885
115639,574,22520,26677
118473,550,22466,26399
118473,558,22299,26319
116602,571,22674,26642
116602,561,22126,26208
116121,585,22519,27123
116121,535,22647,26123
119195,584,22691,27267
119195,567,22544,26632
115583,565,22184,26150
115583,554,21787,25869
116547,550,22616,26549
116547,566,22410,26454
119173,552,22701,26612
119173,580,22491,26734
115157,566,22084,26048
115157,553,22586,26624
117807,591,22644,27299
117807,563,22321,26401
117750,548,22620,26500
117750,577,22007,26149
115178,537,21824,25595
115178,584,21951,26236
118232,550,22406,26307
118232,565,22436,26509
116306,569,22578,26632
116306,550,22222,26195
116603,564,22539,26573
116603,565,22463,26599
119173,585,22616,27168
119173,575,22551,26725
115178,557,21982,25828
115178,564,22080,26269
117028,549,22802,26697
117028,563,22577,26619
117728,564,22890,26819
117728,577,21995,26186
115102,586,22084,26579
115102,530,21944,25496
118232,589,22529,27111
118232,549,22237,26315
116787,566,22660,26658
116787,571,21774,25840
115824,534,22351,26213
115824,575,22382,26543
118932,552,22451,26399
118932,568,22382,26436
116065,570,22094,26163
116065,554,21733,25783
116546,589,22487,27020
116546,533,22228,25679
118932,582,22680,27270
118932,579,22575,26747
115824,557,21811,25699
115824,559,21889,25999
117510,550,22564,26461
117510,570,22463,26580
118932,553,22656,26465
118932,578,22454,26682
114916,591,22367,26895
114916,530,22602,26089
117750,585,22714,27272
117750,562,22419,26584
117750,557,22788,26704
117750,579,22177,26317
115398,536,22172,26012
115398,571,22185,26345
118714,555,22482,26371
118714,558,22218,26333
116787,570,22493,26498
116787,554,21807,25818
116120,590,22643,27312
116120,539,22285,25751
119173,579,22573,27077
119173,574,22483,26648
115824,560,22002,25941
115824,554,21906,25957
117028,556,22539,26461
117028,565,22258,26333
119172,550,22620,26579
119172,580,22332,26488
114937,565,21841,25814
114937,554,22336,26388
117566,590,22502,27132
117566,555,22297,26304
117269,559,22408,26408
117269,578,21889,26018
115639,538,22176,26064
115639,571,22386,26541
118954,558,22522,26474
118954,554,22201,26282
116547,575,22636,26646
116547,556,22089,26075
116305,587,22166,26774
116305,541,22366,25872
118657,578,22382,26896
118657,580,22506,26704
115639,559,22058,26000
115639,555,21506,25564
117565,553,22405,26339
117565,567,22121,26247
118932,547,22472,26329
118932,586,22501,26711
115157,564,22163,26100
115157,556,22446,26512
117991,587,22583,27151
117991,562,22405,26530
117268,556,22647,26566
117268,583,21882,26087
115824,533,21912,25691
115824,576,22220,26396
118691,554,22554,26471
118691,573,22424,26428
115858,570,22237,26327
115858,553,22619,26712
117325,586,22815,27322
117325,539,22512,26037
119172,576,22817,27355
119172,578,22926,27091
114620,559,22427,26345
114620,559,22600,26723
117728,551,22802,26710
117728,562,22531,26576
117969,569,22754,26774
117969,575,22307,26393
115398,546,22306,26871
115398,574,22447,25900
118691,585,22788,27415
118691,549,22585,26627
116546,563,23026,26992
116546,568,22344,26462
116065,542,22638,26569
116065,569,22605,26685
118691,558,22621,26602
118691,576,22739,26805
116043,567,22609,26579
116043,553,22301,26384
117028,594,22539,27182
117028,532,22284,25684
112768,607,24375,28982
112768,545,22358,26402
98489,541,23296,27222
98489,567,23016,27175
93740,540,23395,27239
93740,550,23066,27163
90841,553,23362,27408
90841,561,23110,27240
91565,581,23012,27556
91565,523,23108,26551
89890,565,23326,27881
89890,557,23329,27418
90857,549,23234,27237
90857,561,23452,27525
89649,536,23543,27439
89649,552,23589,27776
90857,553,23648,27536
90857,561,23440,27555
89950,545,23428,27354
89950,585,23914,28086
106333,586,22560,27166
106333,545,22819,26274
110599,586,22349,26906
110599,562,22274,26398
115178,546,22586,26478
115178,571,22485,26603
118473,549,22790,26698
118473,575,22936,27031
114916,570,22298,26346
114916,554,22550,26531
117269,562,22653,27316
117269,563,22575,26007
118932,573,22705,27148
118932,588,22786,27047
115157,562,22183,26145
115157,553,22576,26622
117269,552,22709,26609
117269,571,22538,26688
119172,549,22642,26432
119172,582,22619,26918
115343,566,22364,26330
115343,555,22444,26529
117268,590,22728,27335
117268,534,22470,25887
119356,575,22657,27209
119356,577,22929,27049
116064,558,22292,26204
116064,557,22174,26303
117028,554,22595,26474
117028,567,22386,26529
119414,554,22687,26563
119414,580,22817,27044
115824,565,22374,26325
115824,558,22234,26275
117510,588,22973,27564
117510,571,22701,26862
118875,534,22878,26637
118875,592,23030,27332
115343,556,22651,26523
115343,558,22656,26829
117969,555,22739,26628
117969,568,22735,26855
119356,546,22925,26883
119356,582,22834,27003
115824,587,22259,26744
115824,534,22368,25885
117509,579,22731,27274
117509,570,22501,26625
119597,543,22711,26634
119597,584,22662,26868
115102,558,22201,26063
115102,553,22270,26346
117728,561,22506,26429
117728,568,22438,26491
119334,577,22629,27162
119334,554,22613,26218
115343,587,22169,26745
115343,563,22548,26672
117487,547,22590,26470
117487,568,22449,26576
119414,542,22804,26625
119414,585,22625,26913
115583,564,22278,26213
115583,555,22604,26688
117487,559,22809,26711
117487,567,22549,26647
119654,583,22680,27297
119654,546,22631,26130
115824,588,22229,26797
115824,561,21827,25935
117510,550,22652,26581
117510,561,22329,26402
119413,556,22780,26734
119413,578,22697,26823
116065,572,22802,26721
116065,555,22230,26287
117028,560,22797,26742
117028,568,22518,26678
119414,575,22786,27245
119414,580,22539,26782
115583,559,22289,26222
115583,557,22382,26463
117325,551,22735,26663
117325,569,22545,26663
119654,551,22674,26560
119654,581,22507,26728
116065,565,22262,26208
116065,551,22481,26509
117269,588,22778,27374
117269,540,22629,26110
119654,577,22818,27322
119654,576,22662,26819
116065,560,22141,26106
116065,559,22524,26594
117565,575,22280,26170
117565,565,22140,26216
119115,550,22613,26612
119115,584,22977,27133
115343,591,22287,26836
115343,527,22106,25538
117806,594,22686,27396
117806,563,22575,26602
119173,542,22569,26501
119173,581,22953,27116
115343,555,22321,26213
115343,559,22337,26449
117750,557,22680,26637
117750,564,22443,26554
119356,550,22535,26452
119356,583,22631,26800
115343,566,22374,26313
115343,553,22233,26300
117509,586,22640,27264
117509,570,22488,26573
119115,539,22681,26532
119115,583,22893,27101
115583,560,22380,26263
115583,558,22499,26663
117269,559,22514,26381
117269,566,22450,26606
119654,550,22622,27210
119654,583,22725,26227
116064,591,22560,27157
116064,560,22217,26297
117269,545,22592,26434
117269,576,22502,26703
119654,542,22600,26493
119654,577,22765,26881
116766,562,22396,26261
116766,558,22352,26479
117509,561,22681,26637
117509,565,22434,26575
119597,581,22866,27375
119597,579,22653,26834
116525,560,22158,26088
116525,558,21978,26087
117028,546,22771,26633
117028,576,22667,26862
119116,551,22767,26684
119116,572,22866,26915
116547,567,22215,26199
116547,555,21996,26034
116787,580,22581,27083
116787,546,22490,26132
119413,577,22704,27206
119413,576,22578,26747
116065,560,22188,26133
116065,555,22012,26102
117268,552,22668,26553
117268,570,22484,26669
119357,556,22633,26556
119357,573,22693,26784
116306,567,22471,26438
116306,557,22110,26209
116788,585,22688,27219
116788,573,22648,26864
119356,543,22984,26852
119356,577,23210,27341
116064,560,22755,26731
116064,559,22692,26788
116787,553,23007,26867
116787,568,22823,26958
119654,558,23040,26945
119654,572,23072,27223
114193,622,23681,28316
114193,532,22391,26483
99695,568,23404,27353
99695,548,23275,27390
93257,541,23497,27393
93257,568,23417,27534
92049,540,23468,27313
92049,556,23142,27373
89649,555,23439,27366
89649,564,23345,27476
90857,554,23412,27320
90857,550,23170,27334
89934,570,23596,28058
89934,572,23384,27671
90857,546,23385,27298
90857,556,23170,27296
89890,526,23233,27063
89890,571,23456,27678
90857,550,23534,27388
90857,590,23543,27703
102543,567,21803,25808
102543,554,22028,26007
111617,563,22638,26658
111617,564,22550,26656
117269,582,22784,27369
117269,576,22763,26927
114379,560,22263,26160
114379,557,21791,25858
116546,553,22691,26630
116546,570,22553,26708
117431,563,22795,26677
117431,576,22482,26644
115157,557,22707,26659
115157,567,22970,27093
117991,588,22971,27591
117991,565,22885,26972
118473,550,22881,26715
118473,584,21902,26119
115419,548,21752,25578
115419,565,22634,26806
117991,556,22633,26552
117991,560,22490,26563
117488,568,22761,26693
117488,573,22245,26437
116120,583,22326,26833
116120,537,22536,26078
118691,576,22718,27185
118691,560,22610,26803
117191,557,22767,26668
117191,585,22093,26263
115824,540,22288,26039
115824,574,22541,26878
118932,555,22632,26480
118932,553,22735,26858
116787,571,22972,26945
116787,568,22387,26583
115583,577,22655,27088
115583,576,22744,26960
118714,542,22823,26629
118714,563,22676,26913
117728,556,22946,26819
117728,578,22109,26258
116120,544,22532,26404
116120,567,22421,26570
118932,559,22791,26747
118932,553,22590,26693
117453,596,22974,27587
117453,545,22387,25873
115824,574,22577,27099
115824,572,22529,26652
118932,548,22665,26590
118932,550,22664,26663
117247,570,23169,27147
117247,571,22625,26836
116120,551,22797,26678
116120,568,22915,26991
119173,559,23034,27047
119173,553,22938,27044
117269,597,23267,27866
117269,575,22269,26409
115879,543,22552,26473
115879,568,22628,26744
118932,548,22760,26650
118932,558,22676,26871
117509,563,22997,26883
117509,574,22356,26430
116361,545,22270,26162
116361,576,22323,26524
118473,586,22687,27258
118473,524,22735,26188
117487,592,22887,27477
117487,573,22188,26272
115880,546,22670,26632
115880,574,22605,26731
118932,546,22833,26728
118932,551,22542,26578
117510,571,22953,26943
117510,578,22106,26258
115880,547,22230,26088
115880,571,22329,26519
118714,587,22646,27260
118714,524,22488,25943
117969,587,22927,27437
117969,576,22463,26580
116121,542,22534,26410
116121,573,22446,26573
118714,556,22660,26615
118714,553,22476,26532
118210,572,23028,27010
118210,578,22329,26406
115639,578,22200,26752
115639,571,22312,26481
118932,552,22932,26888
118932,553,22879,26958
117028,561,23159,27090
117028,570,22407,26450
116065,548,22891,26889
116065,572,22728,26886
118932,562,22943,26837
118932,550,22685,26750
117488,571,23228,27215
117488,572,22332,26521
116361,574,22077,26545
116361,570,22566,26726
118932,549,22701,26630
118932,556,22589,26644
117191,564,22872,26862
117191,577,22226,26373
116064,542,22436,26201
116064,581,22388,26611
118932,562,22591,26500
118932,552,22607,26767
117006,595,22985,27595
117006,573,22106,26187
116064,545,22416,26365
116064,570,22479,26637
118932,541,22808,26623
118932,561,22662,26745
116546,576,22797,26849
116546,570,22156,26337
116306,547,22352,26143
116306,570,22617,26761
119195,559,22736,26707
119195,552,22685,26840
116972,592,23036,27559
116972,578,21860,25981
115824,548,22389,26389
115824,568,22580,26699
118714,544,22695,26546
118714,559,23011,27160
117728,567,23200,27124
117728,567,22643,26780
116064,554,22863,26787
116064,570,22911,26982
118932,559,23018,27018
118932,584,22875,27596
117028,566,23198,27189
117028,574,22417,26525
116305,541,22676,26620
116305,571,22559,26683
118955,546,22676,26515
118955,558,22488,26605
117269,572,22613,26683
117269,569,21961,26050
116362,550,22238,26139
117028,587,22764,27327
117028,544,22462,26052
119413,575,22858,27310
119413,580,22878,27088
116065,566,22544,26565
116065,558,22113,26180
117269,559,22792,26838
117269,558,22491,26484
119654,553,22726,26772
119654,573,22896,26817
116065,580,22614,26969
116065,539,22423,26110
117268,569,22813,27145
117268,561,22430,26868
119654,568,22866,26637
119654,584,22696,26929
115363,556,22381,26238
115363,560,22445,26635
117509,552,22806,26759
117509,601,24233,28387
106333,552,23337,27267
106333,550,23043,27092
95627,555,23222,27243
95627,559,23416,27513
93257,585,23559,28207
93257,521,23144,26575
90599,570,23689,28199
90599,564,23581,27769
91324,542,23344,27169
91324,555,23428,27575
89890,542,23586,27550
89890,564,23354,27502
91083,555,23558,27431
91083,552,23286,27426
89875,574,23498,27995
89875,533,23404,26981
91324,575,23571,28054
91324,559,23511,27716
93498,560,24766,28650
93498,572,22729,26896
109877,547,22839,26727
109877,561,23023,27041
113711,570,22719,26783
113711,567,22324,26495
114861,554,22200,26064
114861,570,22589,26745
118691,586,22738,27322
118691,550,22594,26584
116469,570,22870,26915
116469,567,22235,26310
116306,538,22333,26197
116306,573,22493,26645
118932,556,22733,26704
118932,554,22728,26812
116972,570,22955,26967
116972,574,22489,26573
116065,579,22599,27084
116065,537,22110,25573
118932,586,22704,27338
118932,551,22624,26704
117509,560,22870,26802
117509,581,22204,26376
115824,534,22380,26102
115824,575,22296,26571
118932,561,22788,26681
118932,555,22570,26743
117728,569,22985,26939
117728,570,22357,26489
115824,577,22207,26663
115824,572,22368,26580
118714,548,22665,26545
118714,551,22619,26674
117750,564,22661,26665
117750,581,21988,26095
115901,541,22520,26331
115901,575,22339,26596
118955,556,22757,26619
118955,550,22713,26799
117693,596,22836,27516
117693,549,22211,25726
115824,562,22541,26844
115824,581,22431,26720
118932,546,22687,26615
118932,556,22572,26691
117269,566,23013,26969
117269,574,22287,26405
116120,545,22426,26296
116120,573,22415,26587
118450,558,22633,26538
118450,551,22655,26767
117269,592,23023,27624
117269,580,22371,26546
115583,541,22199,26080
115583,577,22352,26501
118691,544,22590,26472
118691,547,22524,26454
117728,577,22811,26907
117728,574,22435,26559
116120,545,22943,26804
116120,599,22790,27490
118450,535,23004,26473
118450,582,22988,27759
117487,564,23053,27085
117487,574,22490,26577
116065,536,22052,25903
116065,574,22854,27017
118932,550,22994,26826
118932,558,22613,26774
117247,572,23009,27070
117247,569,22294,26414
115824,547,22686,26492
115824,568,22727,26914
118692,590,22909,27541
118692,550,22588,26661
117729,558,22840,26715
117729,583,22158,26372
116065,532,22142,25874
116065,575,22205,26444
118932,555,22474,26432
118932,550,22404,26443
117913,573,22914,26862
117913,574,22188,26345
115584,583,22470,26982
115584,537,22521,26043
118691,584,22579,27147
118691,554,22437,26498
117728,560,22763,26756
117728,582,22398,26526
116065,543,22187,26066
116065,568,22286,26420
118691,557,22466,26382
118691,551,22497,26597
117431,594,22935,26962
117431,574,21687,25766
115584,577,22298,26820
115584,543,22425,25964
118875,581,22635,27181
118875,553,22511,26560
117672,559,22767,26729
117672,581,22158,26309
115824,542,22388,26233
115824,571,22491,26632
118393,558,22627,26547
118393,549,22540,26589
117432,603,22705,27398
117432,546,22023,25503
115824,571,22084,26579
115824,574,22313,26471
119172,549,22790,26716
119172,549,22825,26901
117247,563,23187,27114
117247,577,22848,26962
116306,549,22451,26493
116306,570,22845,26919
119172,557,22830,26754
119172,553,22899,26996
117247,571,23305,27303
117247,573,22521,26660
116120,567,22528,26954
116120,576,22577,26786
118691,550,23044,26938
118691,554,22967,27124
117750,567,23093,27083
117750,573,22291,26199
116121,549,22967,26941
116121,569,22923,27097
118692,588,22997,27616
118692,549,22901,26980
117007,566,23191,27187
117007,571,22585,26637
115824,544,22751,26743
115824,566,22913,26954
118932,553,22839,26840
118932,554,22560,26646
117028,572,23072,27029
117028,572,22680,26842
116361,549,22822,26713
116361,567,22835,26964
118955,589,23027,27618
118955,519,22831,26291
117693,591,23302,27849
117693,578,22725,26853
116121,543,21972,25922
116121,563,22628,26653
118932,557,22596,26561
118932,551,22558,26710
117729,570,22896,26837
117729,574,22409,26469
116065,551,22719,26696
116065,565,22729,26863
118932,559,22865,26792
118932,583,22684,27424
117432,557,22776,26734
117432,578,22190,26313
115824,541,22570,26465
115824,573,22498,26653
118932,553,22673,26518
118932,552,22551,26774
117728,571,22908,26860
117728,578,22481,26572
116064,578,22541,27020
116064,539,22468,26035
118634,582,22657,27208
118634,598,24185,28281
107467,550,22992,26884
107467,560,23294,27376
96046,541,23434,27407
96046,547,23451,27474
93437,564,23471,27482
93437,560,23437,27589
91324,573,23544,28077
91324,517,23380,26899
91264,579,23514,28005
91264,538,23384,26965
90599,561,23576,28056
90599,549,23556,27668
89831,547,23527,27506
89831,566,23428,27545
90357,536,23617,27418
90357,550,23681,27944
89633,553,23605,27460
89633,558,23333,27501
93936,573,24629,28574
93936,552,22099,26859
108190,597,22856,26844
108190,577,22286,26381
112266,539,22275,26103
112266,579,22691,26906
117247,548,22507,26376
117247,551,22792,26896
116710,574,23079,27095
116710,576,22650,26715
115824,583,22402,26924
115824,537,22547,26072
118210,583,22877,27450
118210,558,22745,26867
117247,560,23143,27103
117247,575,22869,26987
115824,538,22587,26404
115824,578,22665,26864
118691,555,22935,26822
118691,551,22826,26920
117431,573,23071,27115
117431,577,22437,26519
115879,583,22795,27308
115879,536,22854,26384
118450,583,23067,27664
118450,555,22901,26961
117487,557,23131,27044
117487,581,22679,26851
115879,547,22784,26622
115879,566,22989,27166
118450,558,22755,26674
118450,560,22542,26616
118210,593,22828,27430
118210,551,22261,25804
115879,577,22151,26592
115879,571,22715,26904
118473,550,22648,26609
118473,550,22656,26559
117969,568,22820,26882
117969,577,22734,26863
115639,554,22248,26115
115639,573,23048,27262
118288,559,22821,26774
118288,557,22931,26967
118450,573,23086,27767
118450,577,22297,25789
115824,577,21756,26206
115824,566,22482,26633
118232,551,22837,26768
118232,561,22505,26577
118153,563,22887,26898
118153,575,22225,26334
115343,549,22135,26013
115343,572,22559,26630
118473,559,22727,26717
118473,551,22622,26726
117510,600,22982,27630
117510,575,22468,26516
115824,546,22161,26074
115824,574,22244,26424
118450,546,22758,26641
118450,555,22647,26743
117672,573,23032,27049
117672,575,22141,26265
116305,545,22652,26462
116305,573,22581,26761
118875,588,22689,27320
118875,552,22599,26676
117913,557,23094,27008
117913,582,22539,26710
115824,540,21774,25563
115824,576,21941,26156
118634,552,22652,26567
118634,551,22660,26733
117672,570,22869,26809
117672,575,22380,26538
116064,577,22430,26922
116064,543,22675,26202
118634,583,22605,27169
118634,554,22649,26771
117432,554,23015,26898
117432,585,22376,26589
115824,536,22342,26102
115824,573,22637,26893
118932,556,22971,26856
118932,554,22776,26981
117191,570,23334,27243
117191,574,22726,26851
116121,570,22610,27075
116121,580,22716,26968
118691,547,22951,26860
118691,556,22928,27048
117728,556,23305,27192
117728,579,22596,26719
116361,544,22611,26487
116361,568,22985,27098
118691,560,23081,27044
118691,552,22780,26919
117510,574,23071,27058
117510,602,22257,27000
116065,540,22024,25895
116065,576,22636,26760
118932,548,22778,26696
118932,558,22519,26687
117509,566,22890,26833
117509,572,22201,26275
116121,549,22516,26488
116121,568,22528,26676
118714,557,22618,26480
118714,553,22402,26577
117728,596,22991,27603
117728,575,22019,26106
116120,538,22215,26039
116120,574,21941,26096
118932,551,22657,26593
118932,551,22502,26633
117728,572,22761,26791
117728,576,22401,26433
115879,580,22427,26898
115879,541,22715,26242
118932,585,22911,27520
118932,551,22846,26886
116972,568,23072,27080
116972,575,21887,25990
116064,542,22495,26438
116064,569,22660,26742
119173,556,22755,26703
119173,556,22573,26753
116972,569,22826,26688
116972,567,22088,26173
116306,554,22496,26476
116306,568,22546,26680
119172,587,22698,27314
119172,549,22556,26595
116972,558,22941,26844
116972,580,22255,26405
116305,537,22334,26198
116305,575,22554,26699
118450,559,22749,26698
118450,549,22581,26610
117488,573,22943,26983
117488,574,22290,26361
115824,580,21705,26327
115824,572,22695,26832
118634,549,22973,26886
118634,547,22734,26780
117006,566,23178,27173
117006,572,22111,26200
115824,545,22258,26172
115824,571,22634,26751
118932,558,22670,26623
118932,551,22579,26656
117728,571,23033,27043
117728,574,22252,26355
116120,575,22093,26620
116120,573,22163,26359
118955,545,22708,26590
118955,550,22568,26589
117487,570,22771,26846
117487,574,22081,26159
115879,544,22245,26095
115879,577,22507,26691
118932,560,22777,26672
118932,551,22649,26798
117006,595,22961,27563
117006,586,23736,27812
107298,547,22701,26580
107298,557,23869,28047
97540,545,23880,27777
97540,568,23707,27904
93016,535,23268,27026
93016,552,23366,27675
91807,553,23498,27400
91807,563,23444,27543
91083,573,23594,28193
91083,515,23434,26844
90132,576,23499,28090
90132,566,23400,27526
90373,539,23506,27504
90373,546,23449,27489
89649,546,23573,27478
89649,565,23506,27664
90417,548,23552,27439
90417,553,23468,27604
91565,579,24733,28760
91565,575,21757,25784
105902,579,22134,26702
105902,570,22086,26257
114675,549,22697,26613
114675,552,22609,26728
115824,561,23009,26933
115824,579,22232,26354
115638,542,22311,26188
115638,571,22569,26690
118932,561,22739,26798
118932,548,22594,26612
117488,570,22956,26937
117488,578,22190,26253
115639,582,22217,26797
115639,570,22763,26920
118451,548,22975,26894
118451,561,22907,26997
117728,563,23305,27212
117728,572,22037,26145
115879,551,21709,25595
115879,571,22729,26899
118691,559,22714,26662
118691,554,22576,26608
118209,593,22736,27321
118209,579,22041,26203
115879,543,21964,25800
115879,578,22268,26527
118691,548,22726,26649
118691,551,22588,26667
117028,569,22964,26930
117028,575,22609,26708
115824,581,22548,27019
115824,536,22131,25671
118691,589,22679,27275
118691,519,22599,26030
117728,591,23131,27701
117728,581,22272,26398
116305,537,22396,26278
116305,572,22705,26822
118634,550,22785,26731
118634,555,22720,26811
117488,571,22988,27010
117488,571,22324,26329
116064,549,22380,26360
116064,569,22604,26680
118691,587,22708,27351
118691,549,22682,26762
117247,563,22785,26753
117247,572,22309,26356
116305,540,22157,26081
116305,611,21934,26114
118932,557,21810,25641
118932,577,23074,27230
116064,569,22512,26528
116064,554,22583,26519
116787,587,22936,27626
116787,539,22746,26213
118875,583,23078,27627
118875,575,22993,27120
116284,564,22365,26346
116284,560,22367,26472
116787,551,23020,26923
116787,568,22878,26961
119356,557,22745,26720
119356,573,22702,26760
116546,571,22193,26223
116546,555,21603,25660
117566,587,22677,27252
117566,570,22664,26752
119414,545,22731,26669
119414,580,22539,26695
115639,561,22063,25963
115639,558,22394,26505
117510,559,22645,26602
117510,569,22543,26648
119654,549,22645,26564
119654,582,22695,26865
115398,592,21862,26401
115398,566,22459,26598
117510,550,22728,26600
117510,572,22569,26727
119173,537,22710,26547
119173,588,22648,26880
114861,561,21697,25562
114861,560,22565,26736
117991,561,22721,26613
117991,559,22531,26597
117969,599,22723,27379
117969,553,22151,25668
115639,588,22312,26848
115639,568,22599,26716
118450,549,22792,26677
118450,555,22731,26767
117487,571,22860,26920
117487,578,22207,26257
115824,550,22433,26309
115824,576,22946,27128
118932,563,22968,26895
118932,560,22982,27100
117247,600,23340,28007
117247,577,22493,26578
115824,546,23083,27033
115824,572,23105,27190
118932,548,23170,27011
118932,558,22917,27079
117247,572,23275,27233
117247,578,22593,26740
116305,548,22851,26690
116305,572,22679,26834
119173,590,22791,27389
119173,524,22714,26168
117488,595,23083,27676
117488,580,22171,26298
116065,532,22426,26237
116065,585,22609,26848
118932,550,22670,26503
118932,565,22644,26769
117006,576,22791,26782
117006,569,22337,26459
116524,552,22755,26647
116524,571,22682,26854
118875,593,22755,27390
118875,555,22624,26704
116950,562,22979,26897
116950,579,22282,26369
116065,546,22709,26659
116065,573,22768,26892
119115,556,22837,26783
119115,555,22675,26749
116951,571,23124,27068
116951,576,22343,26463
115824,585,22426,27005
115824,538,22601,26019
118932,588,22792,27420
118932,553,22639,26684
117969,564,22828,26795
117969,579,22235,26316
116602,545,22138,26101
116602,571,22634,26727
119413,562,22734,26653
119413,560,22672,26762
116951,573,22916,26921
116951,568,22413,26501
116306,578,22692,27189
116306,578,22848,27012
118691,558,22802,26808
118691,553,22798,26880
116787,564,23133,27028
116787,578,22256,26381
116064,550,22823,26765
116064,570,22629,26783
118473,560,22781,26694
118473,553,22642,26744
117488,596,23038,27595
117488,553,22632,26158
115824,571,22368,26814
115824,578,22500,26723
118932,547,22631,26516
118932,551,22576,26694
116787,570,23041,27025
116787,574,22451,26531
116120,546,22644,26551
116120,568,22497,26690
118932,556,22719,26594
118932,551,22555,26730
109206,604,23929,28464
109206,560,22777,26950
98265,541,23229,27139
98265,552,23173,27295
93016,525,23207,27055
93016,560,23416,27579
92065,551,23273,27220
92065,549,23225,27307
90374,537,23418,27302
90374,569,23697,27871
91565,555,23748,27707
91565,583,23801,28561
90132,533,23919,27831
90132,565,23624,27787
91324,545,23614,27527
91324,553,23651,27747
89890,536,23710,27645
89890,562,23484,27611
88682,557,25303,28968
88682,578,22808,27222
108209,561,23306,27191
108209,551,23226,27395
112934,599,23549,28203
112934,574,22992,27021
114434,545,22745,26665
114434,577,22995,27162
117969,544,23232,27082
117969,561,22939,27066
117431,571,23514,27491
117431,576,22819,26954
115583,549,23003,26859
115583,577,23133,27263
118451,588,23043,27598
118451,525,22846,27074
117431,596,23061,26932
117431,582,22361,26535
115584,547,22406,26261
115584,566,22680,26797
118210,557,22711,26631
118210,558,22653,26768
117672,574,23051,27015
117672,579,22429,26530
115824,592,22523,27130
115824,530,22915,26347
118691,583,22734,27271
118691,563,22663,26784
117913,561,22816,26822
117913,581,22409,26542
115584,549,22264,26121
115584,564,22674,26756
118232,560,22751,26697
118232,561,22480,26574
118451,571,22853,26861
118451,577,22320,26388
115397,590,22557,27154
115397,565,22763,26926
118232,549,22820,26656
118232,560,22570,26616
118209,569,22991,27071
118209,580,22380,26489
115638,552,22126,26028
116843,590,23045,27569
116843,542,22667,26294
119414,586,22976,27472
119414,543,22788,26255
117006,593,22509,27156
117006,565,22381,26418
116546,557,22527,26601
116546,566,22693,26697
119173,560,22969,27008
119173,554,22777,26705
116787,590,22377,26681
116787,537,21801,25495
116602,579,22667,27026
116602,552,22650,26349
119654,572,22880,27246
119654,584,22809,27153
116546,551,22310,26121
116546,570,22033,26265
117084,552,22558,26521
117084,569,22600,26676
119173,550,22751,26721
119173,571,22720,26748
116546,571,22609,26639
116546,551,22289,26306
117028,560,22791,26817
117028,564,22639,26734
119654,584,22837,27362
119654,562,22671,26792
116306,656,22602,26631
116306,551,20756,24783
117325,682,22591,26575
117325,563,20902,24966
117028,568,21956,25949
117028,575,22242,26361
115398,587,22360,26839
115398,531,23084,26568
118714,588,22949,27600
118714,551,22890,26972
117268,563,23204,27158
117268,576,22395,26487
115660,542,22189,26137
115660,572,22931,27058
118988,550,23129,26996
118988,553,22827,26981
117487,573,22926,26901
117487,572,22367,26406
116142,584,22052,26599
116142,537,21924,25462
118473,585,22533,27055
118473,559,22466,26673
117269,563,22840,26756
117269,578,21821,25940
115638,538,22147,26005
115638,567,22421,26505
118691,561,22699,26652
118691,550,22386,26474
117728,578,22738,26808
117728,574,22096,26144
116121,581,22093,26582
116121,542,22076,25631
118451,582,22587,27111
118451,554,22381,26461
117431,568,22835,26837
117431,573,22170,26298
115824,540,22299,26077
115824,574,22477,26684
118450,562,22537,26486
118450,550,22320,26410
117728,578,22667,26702
117728,571,21968,26045
115879,579,21454,25943
115879,568,22098,26253
118714,551,22186,26109
118714,562,22084,26241
118451,559,22368,26274
118451,573,21921,26043
115638,559,21854,25720
115638,563,22147,26274
117991,563,22697,26687
117991,553,22237,26323
118451,600,22411,27005
118451,576,21589,25722
115639,551,21633,25449
115639,568,22217,26412
117991,549,22125,26047
117991,555,21951,25915
117268,577,22590,26671
117268,574,22012,26115
115660,549,21758,25659
115660,571,21998,26136
118473,563,22116,26119
118473,552,22107,26273
117728,589,22474,26965
117728,578,21805,25892
115880,542,21614,25506
115880,580,22029,26308
118692,546,22180,26046
118692,551,22025,26074
117509,576,22229,26271
117509,577,21632,25752
115880,584,22140,26594
115880,533,21892,25390
118473,591,22307,26942
118473,548,22190,26150
117728,562,22413,26445
117728,575,21853,25964
115879,540,21561,25381
115879,574,21703,25917
118473,560,22486,26428
118473,551,22525,26649
117510,573,22959,26960
117510,575,21731,25817
115879,577,21716,26207
115879,538,21853,25368
118932,584,22110,26651
118932,550,21980,26095
117269,564,22421,26425
117269,575,21664,25716
115879,543,21575,25501
115879,570,22034,26156
117991,558,22330,26210
117991,550,22121,26224
117269,575,22381,26443
117269,584,24638,28683
101820,576,23054,27597
101820,568,22912,27089
95609,541,22566,26434
95609,562,23036,27247
91566,540,23196,27087
91566,562,22954,27085
91566,550,22499,26403
91566,552,22952,27040
89891,548,22937,26902
89891,566,22921,27101
90840,580,23053,27572
90840,519,23044,26488
89933,576,23188,27751
89933,564,23022,27144
90615,536,23167,27050
90615,553,22600,26725
89649,551,23015,26993
89649,795,21987,26096
80868,1432,9979,14523
80868,1028,10353,14194
72974,900,15518,20040
72974,720,17491,21394
71762,504,3091,7259
71762,523,2407,6528
70596,507,2333,6356
70596,521,2319,6402
70110,529,2218,6382
70110,518,2295,6375
69868,505,2247,6264
69868,521,2188,6271
69902,505,2213,6234
69902,514,2181,6233
69868,507,2164,6199
69868,516,2228,6294
69659,534,2250,6440
69659,514,2354,6396
69659,508,2201,6232
69659,517,2253,6318
69659,505,2233,6248
69659,519,2174,6259
69659,505,2110,6129
69659,519,2248,6322
69671,528,2155,6318
69671,515,2187,6252
69671,509,2317,6359
69671,517,2157,6222
69429,508,2250,6286
69429,514,2278,6339
69429,504,2184,6205
69429,520,2001,6067
69429,530,2278,6455
69429,516,2084,6153
69429,507,2147,6172
69429,522,2154,6219
59553,506,2180,6195
59553,523,2263,6357
54971,503,2134,6140
54971,537,2241,6429
53032,510,2306,6353
53032,520,2302,6385
52302,505,2084,6110
52302,506,2243,6249
52059,517,2260,6344
52059,516,2202,6269
52059,509,2324,6352
52059,533,2234,6392
51815,519,2221,6308
51815,518,2220,6287
51815,503,2168,6184
51815,507,2268,6282
51815,517,2211,6301
51815,517,2020,6097
51815,504,2145,6156
51815,532,2115,6272
51815,518,2119,6202
51815,520,2018,6100
51815,507,2037,6068
51815,514,2041,6115
51815,507,2307,6334
51815,513,2076,6134
51815,504,2110,6135
51815,518,2120,6195
51815,528,2117,6293
51815,515,2205,6264
51815,507,2353,6378
51815,519,2404,6474
51815,508,2274,6295
51815,519,2314,6402
51808,505,2243,6257
51808,518,2334,6408
51808,527,2327,6479
51808,519,2143,6230
51808,505,2179,6204
51808,516,2040,6103
51808,507,2198,6218
51808,517,2326,6392
51808,507,2217,6244
51808,518,2002,6062
51808,531,1952,6138
51808,515,2014,6075
51808,504,2106,6136
51808,517,2123,6188
51808,507,2193,6229
51808,515,2078,6146
51808,505,2111,6138
51808,519,2050,6123
51329,540,2338,6504
51329,519,2378,6462
49626,505,2114,6136
49626,515,2344,6395
49140,509,2280,6330
49140,513,2163,6218
48896,504,2370,6394
48896,517,2427,6476
48678,532,2384,6555
48678,522,2344,6440
48678,506,2338,6365
48678,517,2372,6428
48678,507,2100,6123
48678,523,2227,6314
48685,503,2093,6099
48685,519,2214,6274
48678,531,2318,6501
48678,518,2373,6448
48685,507,2308,6324
48685,519,2387,6452
48685,510,2299,6337
48685,515,2267,6331
48678,507,2238,6265
48678,542,2321,6512
48678,510,2264,6324
48678,516,2276,6339
48678,505,2306,6331
48678,518,2138,6200
48678,501,2351,6341
48678,522,2299,6405
48678,508,2333,6370
48678,513,2359,6408
48678,533,2263,6450
48678,516,2450,6520
48678,506,2339,6374
48678,515,2401,6453
48678,509,2407,6443
48678,515,2362,6421
48678,506,2353,6376
48678,518,2460,6518
48678,531,2390,6568
48678,519,2377,6460
48678,507,2398,6430
48678,518,2420,6485
48678,504,2387,6401
48678,520,2209,6300
48678,503,2280,6286
48678,521,2365,6447
48678,527,2203,6352
48678,521,2207,6297
48678,505,2330,6348
48678,519,2276,6361
48678,505,2409,6418
48678,495,2882,8012
38019,522,2487,14758
38019,537,2418,14108
28060,494,2341,13856
28060,529,2428,14311
24171,496,2400,14243
24171,535,2448,13984
22959,520,2359,14172
22959,504,2337,13915
22226,516,2310,14099
22226,531,2325,14199
21982,495,2319,13843
21982,528,2378,14269
21982,517,2215,14007
21982,507,2305,13878
21982,520,2378,14205
21982,499,2380,13905
21982,525,2269,14152
21982,522,2267,14065
21738,502,2280,13869
21738,523,2240,14060
21738,518,2167,13979
