nvml:nvidia_geforce_gtx_970_0,rapl:ram,rapl:cores,rapl:pkg
21738,782,5517,16737
21982,535,2234,14323
21982,512,1951,13614
21982,515,2061,13839
21982,511,2202,13786
21738,519,2072,13878
21738,502,2056,13613
21982,517,1933,13727
21982,530,2037,13935
21982,495,1919,13453
21982,523,2032,13863
21982,517,2021,13810
21982,514,2125,13754
21738,518,1957,13774
21738,501,2098,13641
21982,521,2037,13886
21982,507,2118,13710
21982,513,2120,13877
21982,526,2151,14010
21738,519,2115,13947
21738,505,2135,13709
21738,516,1954,13752
21738,501,1939,13491
21982,522,1970,13838
21982,526,2092,13938
21738,498,2007,13567
21738,520,1920,13724
21982,516,1984,13781
21982,509,1952,13554
21982,519,2011,13853
21982,497,1897,13414
21494,521,2147,13898
21494,536,1991,13920
21494,512,2011,13728
21494,510,1888,13580
21494,511,2088,13787
21494,513,1971,13669
21494,510,1964,13647
21494,510,2007,13718
21494,526,1970,13855
21494,495,2256,13749
21494,533,2151,14129
21494,511,1953,13647
21494,515,1964,13712
21494,504,2264,13869
21494,509,2032,13704
21494,514,1866,13604
21494,511,2014,13712
21494,513,1967,13658
21494,534,1890,13891
21494,506,1888,13543
18323,516,1921,13704
18323,509,1975,13592
18323,512,1825,13544
18323,508,1848,13518
18323,512,1873,13589
18323,511,1955,13660
18323,534,1931,13918
18323,507,1963,13623
18323,512,1841,13556
18323,509,1965,13647
18323,513,1895,13616
18323,506,1907,13550
18323,513,1988,13716
18323,532,2182,14135
18323,505,2046,13663
18323,517,1947,13727
18323,511,2025,13716
18323,513,2018,13717
18323,512,1865,13576
18323,507,1913,13579
18078,514,2058,13805
18078,511,2034,13683
18078,511,1844,13550
18078,534,1811,13799
18078,508,1849,13541
18078,513,1905,13584
18078,510,1908,13608
18078,507,1845,13507
18078,511,1863,13590
18078,513,1961,13672
18078,530,1925,13859
18078,510,1901,13589
18078,514,1826,13582
18078,516,1956,13623
18078,512,2026,13718
18078,512,1901,13613
18078,510,1839,13549
18078,511,1904,13620
18078,508,1845,13502
18078,536,1859,13889
17840,489,1908,13365
17840,539,2009,13956
17840,511,1873,13572
17840,504,1838,13460
17840,512,1921,13638
17840,511,2000,13698
17840,532,1931,13901
17840,548,2263,13965
17840,511,2022,13706
17840,516,1964,13705
17840,510,2046,13683
17840,513,2045,13744
17840,513,1990,13706
17840,512,2134,13827
17840,538,2249,14226
17840,511,2111,13814
17840,512,1953,13637
17840,515,1942,13644
17840,508,1904,13558
17840,512,1929,13634
18084,523,2013,13842
18084,520,2003,13783
18084,519,1922,13697
18084,513,1942,13657
18084,505,1884,13520
18084,514,2027,13714
18084,520,2044,13841
18084,506,2016,13649
18084,514,1952,13667
18084,509,1991,13669
18084,537,2017,14017
18084,489,1983,13408
18084,533,1907,13862
18084,518,2070,13790
18084,507,1991,13650
18084,513,2017,13718
18084,512,2145,13844
18084,513,1952,13639
18084,511,1955,13649
18084,535,1984,13965
17834,493,1998,13502
17834,532,2090,14001
17834,515,2123,13847
17834,512,2009,13695
17834,509,2000,13663
17834,512,1972,13660
17834,511,2098,13794
17834,537,1971,13961
17834,511,1977,13676
17834,512,2034,13718
17834,511,2014,13704
17834,511,1986,13673
17834,512,1981,13682
17834,532,2262,14183
17834,493,2001,13765
17834,536,1912,13593
17834,513,1988,13687
17834,513,2022,13699
17834,505,1981,13602
17834,517,1927,13684
18078,517,1911,13712
18078,507,1986,13589
18078,531,1878,13824
18078,509,1921,13586
18078,513,1933,13655
18078,512,1955,13640
18078,513,1987,13686
18078,509,1978,13654
18078,530,1934,13851
18078,571,10980,22343
18078,615,21404,33115
18078,591,21848,33477
18078,907,19087,30831
18078,704,19067,30855
18078,693,17704,29313
18078,607,21240,33726
18078,628,21234,32996
18078,715,16788,28394
18078,634,31905,43825
18078,593,52393,63062
18038,673,26148,38878
18038,774,20906,32285
18038,630,20302,32047
18038,729,21100,32705
18038,627,21575,33347
18038,815,21233,33519
18038,1013,23345,34953
28510,839,19579,24801
36771,968,20939,25065
36771,1122,20714,25084
44519,1085,20692,24673
44519,1107,20599,24970
47430,1066,20850,24845
47430,965,20489,24825
48646,1163,20273,24793
48646,1129,20715,24456
49107,1067,20827,25665
49107,965,20693,24896
49107,978,20540,24532
49107,1061,19653,23808
49107,994,20575,24699
49107,1180,20378,24648
49350,1040,20844,24900
49350,979,20638,24953
49350,1044,20575,24732
49350,986,20746,24916
49350,1030,20799,25424
49350,1160,20637,24957
49350,1173,20598,24852
49350,1034,20432,24665
49350,844,23484,27386
49350,975,20812,25034
58056,745,20980,25051
58056,569,19939,24017
70987,572,21134,25162
70987,562,20892,24962
77477,552,21594,25506
77477,593,21838,26044
82749,581,21003,25538
82749,574,21714,25849
90131,568,22168,26199
90131,579,20887,24899
103508,546,20895,24770
103508,574,22045,26132
111082,580,21536,25495
111082,587,21876,26021
109930,564,21775,25719
109930,568,22385,26479
114193,565,22664,26595
114193,588,22336,27060
112748,572,22760,26804
112748,577,21523,25639
112768,548,22035,25996
112768,573,22522,26604
115583,558,22760,26722
115583,577,22960,27089
112045,594,21499,25535
112045,555,21314,25354
114620,567,22835,26825
114620,570,22691,26750
115803,565,22945,26872
115803,581,22589,26781
112527,594,22367,26905
112527,567,22735,26871
115343,558,22702,26650
115343,564,22365,26437
114138,563,22871,26772
114138,586,21806,25993
113250,567,21530,25421
113250,572,21436,25545
116284,558,22581,26534
116284,582,22997,27158
112045,570,22329,26328
112045,556,22181,26164
114620,599,23010,27709
114620,535,22708,26123
116525,574,22842,27272
116525,579,22633,26803
112768,565,21981,25991
112768,561,22952,27012
115824,585,22398,26419
115824,562,21575,25516
113897,576,22494,26582
113897,554,22025,26005
114193,565,22429,26467
114193,569,22613,26683
116788,587,22740,27365
116788,574,22603,26727
113009,562,22143,26066
113009,548,22313,26271
114696,566,22738,26818
114696,566,22524,26607
115343,588,22008,25945
115343,578,21439,25582
112768,582,21801,26242
112768,539,22027,25521
116305,591,22684,27326
116305,553,22518,26557
114138,563,22968,26882
114138,576,22391,26526
114214,543,22626,26554
114214,571,22730,26852
116788,558,22745,26590
116788,574,22426,26589
112768,595,20935,24972
112768,556,21333,25413
115157,595,22566,27179
115157,571,22383,26477
116525,539,22644,26441
114434,568,22780,26778
114434,559,21835,25960
114193,560,22782,26704
114193,573,22488,26748
117028,560,22794,26688
117028,577,22695,26781
113732,570,22138,26269
113732,581,22530,26472
115398,566,22011,26198
115398,587,22599,27100
115101,551,22942,26625
115101,595,22283,26751
113952,536,22018,25776
113952,571,22675,26882
116787,564,22566,26407
116787,570,22566,26740
114379,569,22217,26233
114379,596,22247,26902
114675,558,21965,26038
114675,561,22300,25771
116525,576,21435,25859
116525,587,22187,26401
112988,618,21881,25795
112988,697,22994,27185
116064,544,20187,24043
116064,582,21360,25447
112527,574,21557,25607
112527,564,22351,26425
116065,564,22358,26347
116065,587,22275,26955
115102,567,22771,26793
115102,592,21229,25371
114434,552,21366,25237
114434,575,22166,26336
117247,545,22420,26304
117247,578,22410,26546
112988,566,21806,25692
112988,558,21592,25767
115583,561,22419,26333
115583,566,22336,26491
116284,589,22331,26799
116284,558,21593,25189
113952,576,21567,26042
113952,597,21421,25581
116788,553,21576,25461
116788,577,22593,26714
112768,565,22007,25995
112768,556,22031,26065
115880,565,22641,26655
115880,560,22539,26588
115583,572,22868,26809
115583,575,22250,26406
113250,577,21667,26202
113250,577,22537,26720
116546,552,22517,26424
116546,599,22644,26780
113470,562,21450,25426
113470,557,21424,25485
115156,559,22514,26423
115156,568,22353,26473
117028,551,22596,26496
117028,583,22510,26662
113470,596,21982,26556
113470,528,22417,25856
115824,594,22626,27269
115824,566,22381,26422
115824,552,22333,26202
115824,605,21050,25214
113973,549,21522,25379
113973,573,22517,26721
117269,561,22689,26595
117269,581,22795,26937
113711,568,22174,26143
113711,556,21809,25899
115397,585,22495,26969
115397,543,22287,25881
117006,576,22527,26987
117006,587,22270,26496
113491,554,21513,25368
113491,591,21843,26017
116787,556,21445,25313
116787,574,22433,26533
114620,572,22223,26238
114620,558,22182,26260
115156,594,22750,27364
115156,538,22712,26144
117487,576,22856,27390
117487,574,22702,26789
113250,564,21963,25880
113250,557,22686,26770
109227,592,24024,28035
109227,588,22461,26559
97782,560,22333,26282
97782,561,23462,27584
91566,550,23505,27459
91566,549,23309,27401
88682,581,23720,28280
88682,566,23587,27750
89407,549,23372,27294
89407,557,23399,27569
88440,531,23574,27463
88440,566,23742,27869
89633,557,23579,27488
89633,587,23091,27274
88681,545,22407,26319
88681,548,23314,27408
87957,558,23721,27700
87957,560,23581,27677
88440,571,23509,28100
88440,595,24930,29115
104354,537,22696,26439
104354,591,22462,26733
108725,552,21936,25712
108725,570,22966,27188
114379,560,22655,26583
114379,591,22472,26610
113416,574,21682,25654
113416,556,21448,25498
114620,597,22357,27015
114620,535,22649,26733
116951,573,22666,26464
116951,595,22774,27103
113470,557,21589,25417
113470,567,22601,26728
116305,561,22704,26579
116305,557,22517,26707
114861,573,22969,26956
114861,581,21082,25035
114675,571,21292,25347
114675,570,21918,26058
117247,579,22481,26963
117247,580,22299,26463
113470,568,21394,25341
113470,558,22112,26105
116065,564,22129,26146
116065,554,22555,26600
114620,580,22613,26664
114620,570,21948,25939
114434,555,22207,26148
114434,598,22562,26785
116788,593,22002,26605
116788,546,22788,26243
113952,592,21731,26294
113952,561,21803,25879
115880,557,22529,26452
115880,575,22347,26504
117247,549,22558,26370
117247,584,22427,26719
113732,561,21378,25200
113732,571,22528,26687
116602,564,22331,26235
116602,555,22387,26504
115583,601,22552,27167
115583,584,21804,25928
114455,537,22131,25975
114455,579,22399,26597
117509,554,22493,26369
117509,572,22454,26591
114916,570,21877,25832
114916,558,21740,25821
115397,563,22438,26329
115397,573,22342,26553
117487,579,22380,26901
117487,558,22507,26062
113250,585,21805,26264
113250,568,22277,26448
116603,556,22286,26208
116603,559,22504,26574
115583,570,22593,26483
115583,583,21825,26059
114434,549,21983,25900
114434,571,22364,26444
117488,560,22575,26557
117488,569,22579,26655
114861,600,22074,26733
114861,567,21636,25765
115639,554,22315,26194
115639,568,22340,26456
117728,548,22630,26588
117728,577,22498,26548
113250,570,21600,25560
113250,557,22388,26429
116306,569,22512,26495
116306,554,22365,26464
115583,606,22623,27209
115583,579,21574,25711
113973,545,21742,25651
113973,578,22356,26488
117487,551,22400,26326
117487,574,22430,26477
114380,572,21829,25880
114380,558,21609,25639
115583,566,22398,26327
115583,568,22308,26429
117672,588,22627,27222
117672,549,22554,26038
113416,595,21512,26114
113416,560,22424,26471
116305,550,22563,26414
116305,573,22499,26654
116284,564,22496,26452
116284,578,21862,25999
114434,549,21925,25793
114434,574,22190,26347
117247,564,22461,26418
117247,573,22364,26442
114861,594,21828,26412
114861,569,21258,25427
116120,554,22054,25960
116120,567,22325,26410
117728,546,22501,26336
117728,587,22324,26583
113491,564,21435,25290
113491,564,22511,26631
116787,562,22596,26579
116787,555,22621,26682
116065,602,22922,27567
116065,544,21954,25394
114675,576,22022,26504
114675,576,22567,26731
117509,553,22822,26774
117509,576,22628,26739
114138,566,21703,25662
114138,555,21459,25494
115880,567,22767,26757
115880,572,22532,26619
117565,587,22795,27357
117565,548,22735,26229
113491,590,22290,26813
113491,564,22771,26917
116362,555,22619,26550
116362,563,22457,26576
116065,563,22912,26876
116065,578,22221,26329
114214,547,21563,25445
114214,571,22181,26275
117751,561,22455,26389
117751,569,22340,26490
115343,598,22086,26689
115343,555,21461,25341
115398,566,21904,26052
115398,571,22297,26426
117488,535,22579,26300
117488,590,22527,26810
113250,561,21891,25795
113250,561,22468,26586
116844,565,22439,26395
116844,552,22527,26579
115583,577,22449,26517
115583,572,22039,26138
114675,579,21967,26582
114675,573,22498,26585
117751,548,22557,26393
117751,561,22380,26503
115584,564,22484,26450
115584,569,22012,26070
115398,554,22140,26131
115398,569,22537,26668
117969,558,22564,26479
117969,573,22629,26761
114379,595,21984,26570
114379,557,22099,26185
115583,550,22601,26508
115583,574,22338,26460
117453,540,22597,26434
117453,588,22506,26745
114434,563,21902,25742
114434,562,22483,26625
116787,561,22448,26396
116787,554,22479,26605
116305,578,22720,26735
116305,575,22050,26127
114916,575,21807,26367
114916,564,22518,26518
117729,562,22450,26532
117729,596,25054,29124
106092,555,21756,25652
106092,565,23036,27184
95609,544,23524,27467
95609,552,23276,27428
92487,555,23540,27462
92487,564,23314,27413
90132,574,23227,27822
90132,522,23156,26583
89165,583,23663,28279
89165,564,23304,27383
89407,530,23756,27610
89407,560,23438,27584
88681,547,23530,27469
88681,564,23348,27470
89450,546,23621,27569
89450,553,23448,27523
88440,556,23512,27515
88440,559,23304,27394
92774,605,25354,30003
92774,551,22086,25908
106092,568,22425,26519
106092,587,22158,26395
110915,537,22251,26096
110915,573,22541,26659
116121,556,22604,26555
116121,561,22461,26481
115157,577,22788,26836
115157,557,21840,25838
115178,575,22439,26470
115178,567,22505,26592
117750,586,22759,27349
117750,576,22668,26832
114214,557,22006,25911
114214,558,21864,25915
116362,557,22646,26589
116362,568,22448,26508
117991,553,22663,26526
117991,583,22473,26742
113973,596,22014,26551
113973,529,22587,26073
116787,588,22669,27227
116787,561,22392,26510
116547,562,22795,26764
116547,575,22175,26270
114455,541,21850,25761
114455,574,22498,26623
117509,554,22658,26549
117509,581,22389,26489
115102,575,22089,26108
115102,557,21899,25957
115419,597,22403,27036
115419,537,22421,25851
117750,582,22640,27219
117750,569,22649,26691
115157,565,22097,26069
115157,561,21980,26083
115880,555,22471,26358
115880,569,22404,26611
117728,583,22646,27046
117728,553,22506,26142
113491,593,22057,26564
113491,536,22716,26195
117268,589,22549,27202
117268,553,22555,26553
116065,557,22641,26530
116065,582,21980,26186
114696,541,22338,26225
114696,579,22497,26691
117991,553,22561,26409
117991,562,22392,26461
115102,574,22806,26896
115102,556,21995,26033
115398,587,22638,27195
115398,544,22577,26127
117968,585,22664,27212
117968,574,22498,26588
114379,559,22108,26023
114379,555,21999,26092
116362,558,22533,26510
116362,568,22351,26429
117913,556,22552,26381
117913,582,22614,26817
113678,561,22249,26277
113678,565,22556,26617
116546,592,22576,27184
116546,557,22433,26507
116306,562,22637,26605
116306,582,22297,26465
114916,541,22009,25886
114916,569,22495,26581
117750,559,22687,26673
117750,559,22461,26512
116065,570,22655,26623
116065,566,22107,26183
115157,559,22152,26116
115157,578,22778,26942
118232,584,22900,27420
118232,570,22809,26890
115398,562,22426,26397
115398,559,22249,26307
115824,560,22761,26645
115824,569,22655,26783
117969,554,22738,26698
117969,585,22825,27037
113973,564,22152,26129
113973,559,22829,26782
116788,593,22993,27664
116788,560,22817,26898
116306,558,23142,27054
116306,578,22498,26641
114916,537,22449,26305
114916,577,22265,26446
117510,560,22717,26671
117510,560,22564,26486
115824,576,23024,27120
115824,554,22562,26631
115398,595,22518,27172
115398,567,22667,26748
117991,552,22711,26659
117991,569,22777,26823
114159,561,22475,26455
114159,554,21963,25989
116142,563,22606,26591
116142,566,22414,26491
117969,561,22656,26571
117969,580,22061,26263
114696,592,22025,26589
114696,533,22438,25901
117991,585,22572,27144
117991,551,22422,26499
115824,573,22757,26763
115824,572,22230,26295
115419,541,21981,25886
115419,570,22513,26640
117991,564,22616,26554
117991,575,22572,26675
115398,567,21958,25963
115398,554,21942,25954
116362,594,22594,27251
116362,538,22387,25791
117969,581,22435,27040
117969,578,22597,26722
114193,554,22022,25842
114193,568,22643,26832
116546,552,22575,26459
116546,559,22248,26310
116305,574,22637,26707
116305,579,22090,26203
115157,551,22127,26042
115157,570,22284,26380
117969,587,22609,27251
117969,565,22608,26650
115583,562,22456,26364
115583,555,22202,26207
115824,564,22394,26456
115824,570,22362,26491
118210,550,22622,26531
118210,581,22544,26705
114434,567,21943,25853
114434,557,22458,26574
116787,593,22671,27300
116787,565,22445,26518
118153,542,22621,26454
118153,586,22467,26685
114675,554,21720,25629
114675,562,22437,26425
117247,563,22454,26539
117247,551,22211,26239
115343,579,22411,26478
115343,570,21750,25835
115343,552,22314,26204
115343,569,22518,26606
118210,584,22485,27066
118210,570,22417,26461
115102,572,21878,25962
115102,557,22168,26206
116361,554,22318,26225
116361,569,22249,26398
118450,552,22559,26461
118450,582,22609,26726
114379,571,22329,26243
114379,555,22460,26656
116788,590,22703,27259
116788,564,22453,26495
116765,579,25006,28881
116765,573,21793,26019
100149,542,22612,26504
100149,551,23247,27354
92774,540,23294,27222
92774,562,23123,27305
91807,552,23383,27299
91807,555,23199,27209
89408,546,22928,26983
89408,545,23257,27349
90116,580,23354,27890
90116,565,23330,27461
89451,539,23344,27292
89451,549,23323,27421
88725,549,23488,27474
88725,561,23439,27472
89692,545,23603,27520
89692,554,23275,27428
88440,557,23523,27515
88440,578,25483,29556
101578,596,22231,26904
101578,549,22092,25539
108744,570,21958,26523
108744,562,22528,26478
115639,557,22591,26568
115639,564,22397,26506
114139,574,22909,26909
114139,554,22263,26214
115122,565,22795,26864
115122,567,22439,26561
117913,584,23027,27528
117913,550,22845,26396
114434,586,22309,26848
114434,561,22698,26817
116822,561,22742,26743
116822,564,22554,26594
117488,556,22716,26567
117488,582,21650,25873
114916,545,21546,25289
114916,577,21984,26272
117991,560,22294,26212
117991,560,22505,26620
116065,599,22803,27464
116065,562,21818,25780
115584,552,22010,25994
115584,575,22390,26561
117728,544,22548,26400
117728,584,22553,26773
114861,560,21907,25702
114861,557,22057,26245
116547,563,22699,26614
116547,569,22473,26582
116951,580,22580,27081
116951,584,22399,26615
114916,547,22265,26099
114916,578,22540,26824
117510,543,22428,26238
117510,560,22354,26517
116525,566,22916,26862
116525,573,21946,26037
115398,548,22091,25973
115398,573,22435,26604
118210,560,22643,26603
118210,571,22494,26599
115824,586,22052,26561
115824,567,22022,26187
116361,548,22658,26547
116361,572,22424,26550
118473,547,22510,26396
118473,581,22456,26628
113732,569,21556,25482
113732,566,22570,26677
117268,561,22821,27392
117268,555,22524,25980
116547,601,22980,27603
116547,577,22289,26370
115157,537,22431,26243
115157,584,22666,26906
117969,548,22663,26527
117969,575,22479,26576
115639,570,21840,25904
115639,556,21637,25588
116362,564,22509,26496
116362,569,22368,26502
118691,581,22591,27144
118691,576,22275,26446
114214,563,21726,25685
114214,559,22279,26359
116843,549,22479,26336
116843,561,22504,26558
116065,573,22537,26583
116065,576,22184,26264
115178,550,22284,26238
115178,568,22370,26442
118210,559,22543,26504
118210,602,22441,27236
115398,562,22126,26086
115398,560,21793,25913
116602,551,22626,26534
116602,571,22354,26477
118691,544,22639,26577
118691,579,22523,26625
114455,568,21928,25817
114455,559,22554,26681
116843,561,22419,26336
116843,558,22387,26489
116788,600,22510,27170
116788,579,21743,25879
115178,540,22041,25914
115178,565,22467,26502
117991,559,22580,26595
117991,561,22452,26425
115583,573,22223,26308
115583,553,22133,26090
116121,567,22236,26269
116121,569,22281,26395
118473,579,22544,27080
118473,582,22601,26779
113973,560,22015,25923
113973,561,22853,26936
117269,553,22551,26541
117269,556,22288,26306
117269,571,22494,26460
117269,578,22126,26323
114937,547,21646,25502
114937,568,22383,26506
117991,560,22460,26407
117991,588,22403,27147
116305,561,22766,26678
116305,572,21917,26043
116121,544,22100,25969
116121,581,22267,26478
118691,549,22539,26412
118691,575,22745,26905
115101,566,22158,26099
115101,557,22247,26291
116547,568,22609,26596
116547,565,22304,26401
117190,581,22821,27336
117190,587,22537,26755
114916,545,21943,25759
114916,574,22633,26863
117750,552,22782,26672
117750,562,22577,26738
116525,567,23055,26993
116525,570,22305,26334
115397,553,22622,26560
115397,572,22662,26857
118450,589,22778,27359
118450,559,22785,26776
116064,565,22623,26627
116064,559,21945,25955
116362,557,21852,25852
116362,569,22398,26478
118473,553,22549,26476
118473,583,22762,26963
113918,567,22150,26078
115157,571,23108,27494
115157,556,22614,26325
118473,580,22947,27479
118473,580,22659,26837
114882,559,22039,25923
114882,571,22032,26273
116843,551,22668,26557
116843,566,22334,26363
117509,573,22511,26687
117509,570,22162,26066
114916,565,21984,26075
114916,563,22454,26384
117565,570,22193,26492
117565,550,22423,26172
116121,583,22611,27027
116121,582,22051,26253
115660,539,22445,26300
115660,573,22607,26797
118232,559,22493,26481
118232,575,22743,26833
115398,567,22057,26024
115398,551,22255,26277
116844,567,22512,26525
116844,567,22453,26578
118451,572,22552,26991
118451,587,22756,27001
114696,559,22033,25889
114696,563,22548,26653
117565,578,23013,26914
117565,573,22526,26717
102351,554,22415,26399
102351,548,22935,26994
93982,540,23234,27204
93982,563,23313,27428
92290,580,23270,27803
92290,559,22923,27098
89891,530,23365,27239
89891,567,23344,27509
90616,545,23196,27020
90616,557,23202,27375
89165,538,23427,27279
89165,552,23342,27457
90374,563,23430,27389
90374,561,23402,27554
89165,575,23494,28121
89165,520,23127,26574
90132,572,23432,27838
90132,580,25830,30050
99907,561,22387,26447
99907,569,22513,26600
112045,543,22588,26501
112045,577,22337,26500
111804,564,21773,25635
111804,556,22604,26722
116065,564,22589,26532
116065,558,22288,26406
116306,571,22592,27233
116306,577,21706,25193
114379,559,21840,26166
114379,581,22241,26531
117991,551,22508,26467
117991,558,22452,26470
116065,572,22537,26570
116065,550,21820,25727
116065,567,22563,26625
116065,569,22424,26538
118691,551,22739,26693
118691,583,22821,27585
114434,586,22272,26187
114434,567,22944,27150
117028,555,23039,26996
117028,557,22739,26741
117509,561,22752,26714
117509,578,22068,26202
114937,567,21506,25410
114937,571,22350,26468
118232,558,22503,26422
118232,563,22605,26756
116065,598,22537,27162
116065,558,22058,25987
116362,554,21867,25885
116362,577,22476,26651
118473,540,22662,26495
118473,578,22792,26907
113973,566,22349,26305
113973,560,22721,26855
117566,562,22850,26770
117566,551,22600,26685
116546,579,22851,26875
116546,571,22204,26318
115419,576,22341,26886
115419,565,22647,26691
118473,553,22847,26804
118473,565,22622,26717
115604,569,22416,26412
115604,552,22000,26027
115901,562,22783,26763
115901,568,22692,26841
118232,555,22803,26727
118232,579,22770,26899
115157,590,22091,26651
115157,565,22135,26313
116788,554,22485,26398
116788,560,22299,26332
117269,557,22499,26419
117269,579,21809,26010
115178,549,21833,25753
115178,570,22262,26313
117750,563,22452,26468
117750,562,22374,26455
115639,573,22626,26625
115639,585,21905,26527
115879,554,22104,26132
115879,576,22297,26463
118473,548,22533,26433
118473,575,22378,26532
114696,557,21961,25818
114696,559,21860,26048
117325,559,22464,26383
117325,566,22416,26539
118232,557,22620,26506
118232,583,22582,26788
114696,592,21867,26401
114696,530,22580,26031
117510,583,22498,27101
117510,555,22466,26522
115824,559,22330,26265
115824,570,21672,25753
115343,549,22172,26116
115343,571,22474,26621
118714,561,22382,26332
118714,573,22622,26747
115102,591,22073,26624
115102,530,21782,25221
116305,586,22569,27170
116305,568,22392,26476
117969,542,22717,26568
117969,582,22509,26718
114455,557,21875,25751
114455,563,22505,26647
117509,559,22586,26477
117509,553,22570,26688
116788,576,22876,26868
116788,567,21996,26105
115364,584,22528,27133
115364,570,22533,26664
118473,552,22747,26662
118473,563,22469,26463
115102,566,22016,26023
115102,555,21684,25697
116361,563,22900,26921
116361,564,22537,26621
118154,551,22796,26721
118154,582,22943,27086
114916,596,22380,26976
114916,530,22684,26168
117750,581,22695,27215
117750,559,22559,26658
116546,568,22697,26776
116546,568,21967,25916
115639,544,22481,26474
115639,570,22733,26759
118714,562,22791,26806
118714,565,22686,26776
115901,570,22893,26848
115901,553,22098,26163
116142,596,22088,26799
116142,537,22511,26598
118714,578,22792,26662
118714,575,23032,27158
115157,560,22266,26134
115157,557,22092,26253
116546,559,22448,26377
116546,565,22452,26559
117509,565,22564,26494
117509,577,21682,25870
115419,579,21745,26303
115419,537,21935,25417
118288,583,22572,27095
118288,566,22658,26778
116065,563,22304,26232
116065,558,21971,26091
116624,552,22798,26691
116624,570,22598,26755
118954,553,22767,26618
118954,578,22990,27177
114696,569,22126,26100
114696,552,22122,26194
116843,596,22929,27589
116843,565,22814,26845
118232,549,22890,26770
118232,580,22770,26945
114696,556,22551,26475
114696,560,22643,26685
118047,563,22680,26693
118047,551,22697,26717
116547,579,23168,27185
116547,573,21941,26110
115639,581,21953,26501
115639,537,22354,25808
118451,585,22395,26982
118451,569,22435,26483
115343,570,22094,26111
115343,553,21836,25897
116306,555,22678,26573
116306,567,22567,26679
118451,557,22772,26593
118451,581,22677,26959
114159,560,22096,25962
114159,564,22910,27084
117269,585,22719,27259
117269,562,22353,26477
116787,565,22690,26690
116787,569,22046,25999
110673,586,23935,27891
110673,550,22432,26547
97300,541,23031,26980
97300,546,22786,26940
93678,556,23257,27178
93678,557,23225,27401
90841,542,23141,27708
90841,548,22807,26235
90116,576,23250,27744
90116,567,23167,27325
90374,538,23385,27233
90374,564,23088,27335
88923,547,23027,26966
88923,560,23253,27403
90374,555,23275,27191
90374,550,23031,27148
89166,578,23282,27778
89166,529,23024,26570
90374,592,23424,28020
90374,556,24834,28290
103940,575,22013,26479
103940,578,22350,26563
114138,546,22636,26519
114138,568,22244,26263
113437,569,21735,25768
113437,555,21774,25840
115824,565,22670,26625
115824,566,22476,26580
117028,594,22631,27235
117028,550,21694,25191
114675,579,21801,26322
114675,573,22092,26296
118232,543,22459,26292
118232,553,22503,26616
116787,568,22873,26854
116787,572,22130,26193
115639,551,22024,25984
115639,568,22316,26401
118473,561,22623,26573
118473,572,22543,26623
115639,591,22258,26836
115639,563,22123,26293
116361,552,22420,26332
116361,570,22460,26580
118473,545,22615,26468
118473,581,22785,26906
114696,568,21879,25814
114696,555,22046,26170
117084,566,22457,26417
117084,559,22227,26238
116547,575,22358,26454
116547,572,21948,26041
115178,574,21958,26498
115178,568,22553,26639
118232,557,22752,26708
118232,572,22506,26642
115343,563,21994,25918
115343,554,21947,25925
116624,564,22550,26637
116624,570,22795,26888
118691,580,22827,27305
118691,548,22821,26360
114400,592,22332,26930
114400,561,22372,26501
117268,554,22719,26628
117268,562,22319,26366
117509,560,22571,26501
117509,576,21871,26015
115398,553,21623,25552
115398,568,22419,26453
118713,562,22644,26669
118713,573,22426,26477
115101,598,21963,26623
115101,526,21997,25442
116844,586,22523,27078
116844,571,22369,26496
118933,546,22697,26621
118933,578,22580,26671
114916,564,22172,26077
114916,558,22559,26664
117509,564,22585,26550
117509,560,22395,26479
117672,569,22596,26574
117672,574,21770,25890
115157,583,21933,26469
115157,569,22206,26356
117991,553,22487,26448
117991,539,22418,26342
116306,573,22725,26782
116306,569,22100,26145
115824,552,22259,26240
115824,571,22414,26529
118153,561,22487,26384
118153,575,22612,26771
115562,592,22104,26695
115562,532,21788,25919
116787,584,22485,26391
116787,567,22296,26376
118394,544,22469,26327
118394,589,22352,26606
114937,555,21652,25501
114937,567,22524,26626
118288,559,22482,26430
118288,552,22475,26629
117028,597,22714,27298
117028,578,21854,25940
115879,539,22098,26011
115879,578,22533,26741
118692,546,22603,26459
118692,571,22548,26635
115342,567,22080,26111
115342,553,21852,25835
116788,565,22739,26724
116788,566,22325,26440
118897,583,22581,27141
118897,547,22691,26207
114937,590,22255,26792
114937,560,22551,26633
117510,555,22651,26616
117510,568,22399,26496
116787,561,22559,26512
116787,573,22147,26249
115178,547,21882,25687
115178,573,22101,26328
118472,561,22412,26367
118472,559,22641,26671
116306,595,22860,27513
116306,572,22054,26099
115845,546,22366,26366
115845,569,22456,26542
118713,549,22651,26583
118713,577,22424,26533
115880,564,22232,26221
115880,554,21697,25748
116787,563,22621,26566
116787,566,22519,26634
118932,580,22741,27246
118932,551,22621,26160
115157,586,22065,26577
115157,570,22561,26765
117750,551,22319,26212
117750,550,22561,26592
117028,570,22476,26502
117028,571,21759,25766
115419,550,22340,26334
115419,570,22462,26603
118954,558,22506,26428
118954,564,22526,27284
115824,591,22591,26535
115824,565,22175,26298
116362,553,22741,26696
116362,572,22617,26701
118691,545,22741,26645
118691,581,22748,26880
114455,568,21976,25932
114455,554,22862,26848
117269,566,22882,26923
117269,557,22704,26731
117487,596,22765,27404
117487,555,22156,25658
115398,569,21708,26189
115398,571,22021,26180
118691,555,22512,26475
118691,550,22513,26549
116305,571,22551,26508
116305,563,21890,26016
115824,557,22152,26047
115824,570,22363,26524
118932,559,22527,26478
118932,575,22636,26830
115802,572,22002,25979
115802,555,22056,26770
117269,586,22420,26365
117269,568,22282,26404
118635,540,22627,26395
118635,585,22457,26701
115157,554,22148,25987
115157,565,22644,26802
117750,561,22555,26507
117750,554,22554,26645
116250,596,22887,27459
116250,531,21823,25322
116064,580,22452,26937
116064,576,22527,26730
118875,558,22650,26533
118875,636,23701,27974
104454,531,21771,25610
104454,552,22612,26695
94902,553,22864,26898
94902,564,23307,27414
92774,555,22850,26739
92774,554,23037,27182
90615,576,23416,28015
90615,559,23296,27333
91082,553,23298,27298
91082,566,23136,27298
89649,535,23138,27021
89649,547,22936,26982
89890,555,23368,27400
89890,563,23286,27331
90132,547,23206,27157
90132,550,23184,27293
88982,554,23388,27392
88982,565,23392,27460
95385,615,23878,28539
95385,598,22001,25975
107851,557,21477,25459
107851,577,22111,26326
115639,538,22851,26648
115639,585,22613,26815
113250,570,21544,25510
113250,561,22441,26477
117084,565,22595,26516
117084,562,22441,26591
116547,578,22522,26578
116547,568,21589,25616
115102,580,22259,26839
115102,570,22461,26550
118175,553,22658,26619
118175,568,22522,26568
115583,566,21741,25692
115583,555,21582,25614
116546,567,22730,26754
116546,567,22173,26291
118451,550,22380,26284
118451,582,22360,26494
114400,592,22192,26759
114400,567,22301,26418
117269,555,22465,26395
117269,561,22295,26414
116787,566,22250,26212
116787,577,21541,25632
115879,550,21776,25661
115879,573,22314,26431
118691,560,22268,26205
118691,575,22234,26377
115824,572,21919,25924
115824,588,21381,26097
117084,557,22521,26506
117084,575,22330,26453
118394,543,22433,26322
118394,575,22524,26574
114620,567,21821,25812
114620,558,22360,26388
117751,565,22345,26327
117751,555,22410,26458
116787,580,22478,26493
116787,569,21773,25910
115879,585,22222,26806
115879,567,22449,26496
118691,550,22402,26290
118691,579,22333,26495
115102,566,21516,25524
115102,555,21533,25543
117268,565,22336,26300
117268,572,22193,26341
118954,584,22420,26909
118954,550,22509,26001
114937,596,21779,26376
114937,535,22471,25965
117969,584,22585,27110
117969,557,22348,26389
117247,565,22686,26696
117247,576,21821,25890
115639,546,21494,25379
115639,572,22250,26436
118692,561,22431,26357
118692,570,22391,26440
115880,595,21667,26273
115880,533,21440,24930
117325,587,22524,27082
117325,573,22457,26580
118232,553,22613,26498
118232,583,21859,25998
115639,543,22005,25865
115639,578,21827,26047
118692,563,22302,26173
118692,573,22564,26674
115880,571,22050,26115
115880,557,21937,25966
116843,597,22565,27221
116843,569,22504,26588
118691,537,22769,26578
118691,586,22776,26989
114455,560,21919,25827
114455,559,22658,26747
117509,561,22612,26533
117509,556,22414,26536
117028,576,22649,26662
117028,572,21705,25760
115638,556,22091,26062
115638,568,22249,26365
118691,581,22357,26886
118691,569,22254,26344
115639,565,21886,25881
115639,565,21713,25844
116603,555,22402,26340
116603,567,22349,26431
118932,546,22607,26437
118932,587,22827,27045
114696,567,22067,26050
114696,555,22580,26673
117566,586,22586,27104
117566,571,22357,26490
117565,554,22540,26469
117565,578,21924,26062
115639,544,21857,25768
115639,569,22380,26423
118473,560,22414,26335
118473,571,22300,26464
116065,573,22143,26123
116065,587,21649,26329
117084,563,22469,26499
117084,539,22192,25685
118692,567,22531,26909
118692,587,22388,26643
115157,563,21338,25301
115157,563,22464,26569
117991,554,22415,26331
117991,555,22424,26515
116546,573,22933,26933
116546,563,21865,25913
115824,557,22246,26202
115824,570,22410,26510
118932,585,22629,27254
118932,578,22399,26577
115584,556,21758,25643
115584,556,22116,26146
117488,560,22540,26581
117488,564,22351,26330
117672,566,22400,26379
117672,578,21840,25944
115398,584,21653,26200
115398,535,21986,25475
118232,563,22470,26436
118232,589,22397,27087
116306,564,21926,25927
116306,562,21679,25797
116547,550,22543,26442
116547,567,22259,26339
119173,552,22517,26369
119173,580,22404,26658
114937,566,21670,25599
114937,556,22416,26472
117509,563,22448,26416
117509,600,22366,27147
117487,555,22486,26399
117487,575,21924,26037
115638,544,21681,25553
115638,577,22261,26486
118932,555,22499,26373
118932,565,22465,26543
116065,572,22523,26485
116065,555,21836,25983
116306,592,22480,27049
116306,539,22155,25653
118932,577,22348,26857
118932,582,22428,26592
114696,560,21932,25854
114696,564,22574,26653
117784,551,22378,26223
117784,558,22406,26606
116787,571,22436,26370
116787,576,21611,25751
115342,549,22281,26143
115342,573,22458,26668
118473,589,22512,27120
118473,570,22609,26695
115584,557,22102,25985
115584,566,21609,25765
117084,572,23523,27326
117084,577,21990,26178
101819,549,22688,26556
101819,556,22757,26937
93740,544,23132,27057
93740,573,23180,27357
92532,584,23008,27600
92532,522,23180,26606
90417,567,23457,28036
90417,562,23166,27259
91324,541,23285,27139
91324,567,23157,27388
89890,540,23382,27291
89890,551,23184,27332
90857,556,23376,27244
90857,562,23227,27393
89890,547,23448,27447
89890,549,23282,27360
89890,647,24452,28891
89890,589,23319,27542
100148,665,24036,28064
100148,557,20248,24328
109468,560,21577,25483
109468,568,21623,25707
113250,552,22228,26137
113250,570,22737,26910
117750,556,22809,26655
117750,581,22764,26975
114138,569,22363,26383
114138,556,21896,25944
116546,583,22718,27236
116546,572,22389,26547
117672,552,22622,26484
115824,568,22115,26055
115824,566,22134,26390
115604,560,22749,26701
115604,568,22476,26562
118451,558,22980,26961
118451,578,22882,26976
115342,567,22336,26393
115342,556,22547,26525
117028,568,22837,27024
117028,588,22463,26992
118875,534,22566,26141
118875,592,22493,26968
114138,561,21732,25457
114138,565,22528,26791
117509,561,22463,26368
117509,554,22434,26573
116547,575,22668,26692
116547,562,21881,25964
115824,579,22312,26867
115824,574,22339,26495
118932,551,22554,26477
118932,576,22294,26460
115584,559,21831,25720
115584,556,21925,26001
116305,562,22388,26265
116305,568,22161,26319
118875,585,22464,26953
118875,550,22467,26039
114916,597,22079,26695
114916,558,22733,26762
117991,554,22652,26614
117991,558,22568,26652
116787,559,22938,26879
116787,574,22186,26217
115342,550,22302,26253
115342,570,22573,26649
118713,562,22688,26710
118713,574,22778,26870
115102,590,22510,27071
115102,526,22314,26447
116787,584,22649,26554
116787,568,22710,26825
118691,542,23007,26887
118691,586,22611,26800
114455,561,21984,25863
114455,561,22777,26913
117991,562,22774,26722
117991,554,22666,26717
116788,579,22506,26556
116788,572,21839,26000
115880,575,22027,26473
115880,576,22518,26678
118473,547,22533,26415
118473,563,22401,26484
117028,566,22468,26451
117028,559,21750,25798
116546,564,21899,25813
116546,568,22078,26247
118932,585,22483,27016
118932,546,22683,26172
114641,594,22018,26671
114641,560,22206,26287
117268,553,22596,26551
117268,558,22554,26528
117487,562,22628,26586
117487,585,22018,26278
115879,541,21915,25726
115879,572,22433,26619
118209,561,22606,26491
118209,571,22536,26632
115824,595,22153,26773
115824,527,21977,25406
116546,586,22543,27112
116546,576,22131,26301
118692,537,22599,26445
118692,581,22641,26827
114400,563,21640,25559
114400,556,22624,26669
117509,562,22576,26507
117509,559,22373,26453
117006,575,22549,26575
117006,576,21789,25896
115638,576,21790,26377
115638,574,22281,26422
118450,545,22569,26406
118450,562,22512,26671
117006,564,22646,26541
117006,565,21962,26018
116546,559,22332,26335
116546,567,22282,26401
119173,556,22489,26379
119173,575,22579,26737
115583,594,21721,26337
115583,558,21698,25775
117028,551,22564,26481
117028,567,22450,26566
118875,538,22631,26408
118875,587,22700,26983
115101,563,22259,26116
115101,555,22439,26542
117510,563,22429,26353
117510,559,22251,26361
117269,601,22480,27147
117269,548,21719,25172
115639,570,21930,26409
115639,576,22223,26422
118692,548,22396,26288
118692,560,22450,26527
116547,571,22517,26494
116547,558,21607,25630
116064,561,22212,26180
116064,569,22497,26631
118932,554,22596,27180
118932,581,22640,26154
115880,587,22143,26638
115880,562,22066,26228
117269,552,22560,26448
117269,571,22242,26406
118875,544,22648,26492
118875,580,22323,26499
114696,563,21821,25693
114696,566,22504,26635
117991,562,22493,26457
117991,553,22461,26550
117028,605,22744,27421
117028,573,21946,25979
115880,536,22279,26128
115880,582,22515,26713
119173,550,22569,26432
119173,570,22559,26649
116065,573,22104,26133
116065,556,22212,26286
116602,562,22538,27069
116602,568,22395,25901
118932,578,22595,27102
118932,581,22471,26682
115102,563,21705,25623
115102,553,22303,26379
117269,553,22574,26486
117269,570,22288,26429
118691,556,22596,26412
118691,580,22353,26557
114916,560,22246,26137
114916,567,22610,26796
117991,593,22467,27073
117991,554,22366,26401
117028,559,22677,26641
117028,578,21956,26047
115584,544,22195,26097
115584,574,22395,26572
119173,555,22564,26513
119173,569,22685,26770
116305,570,22171,26243
116305,597,23795,27812
102543,544,23112,27661
102543,549,22977,26409
95367,587,23322,27928
95367,564,23200,27322
92049,536,23235,27157
92049,552,22904,27027
90555,547,23406,27281
90555,560,23184,27242
90840,546,23207,27211
90840,548,23100,27153
89166,559,23327,27313
89166,559,23208,27274
90357,578,23386,27996
90357,561,23195,27374
89649,534,22944,26765
89649,564,22854,27001
90841,551,23037,27041
90841,571,23370,27381
97959,580,24227,28264
97959,561,22112,26094
108913,557,22334,26367
108913,595,22234,26831
116065,536,22744,26261
116065,602,22817,27544
114861,561,21882,25791
114861,561,22028,26148
116765,554,22389,26351
116765,572,22270,26392
118634,541,22546,26335
118634,584,22511,26742
114861,568,22054,25952
114861,556,22228,26365
117510,563,22643,26575
117510,562,22399,26518
117728,593,22518,27068
117728,585,22116,26342
114861,537,21895,25640
114861,583,22009,26271
118209,550,22501,26432
118209,561,22311,26425
116766,571,22699,26678
116766,562,21916,25980
116305,556,22419,26343
116305,570,22294,26467
118932,588,22581,27134
118932,542,22552,25997
115824,593,22145,26745
115824,559,21957,26032
116787,547,22502,26386
116787,576,22324,26489
118714,546,22415,26205
118714,584,22510,26744
115178,567,21910,25933
115178,558,22601,26588
117751,565,22694,26665
117751,553,22448,26551
117006,603,22844,27465
117006,579,22132,26274
115638,544,21874,25783
115638,569,22518,26604
118691,549,22529,26457
118691,561,22496,26473
116306,575,22618,26692
116306,557,22035,26059
116120,560,22539,26524
116120,571,22427,26575
118932,587,22451,27001
118932,545,22668,26174
115583,587,22097,26649
115583,564,22201,26322
116787,554,22590,26508
116787,566,22570,26649
118875,545,22695,26507
118875,583,22571,26827
114916,565,21878,25818
114916,562,22429,26479
117728,562,22554,26517
117728,554,22418,26500
116787,601,22433,27100
116787,577,21730,25815
115639,540,22062,25909
115639,566,22531,26500
118451,564,22709,26790
118451,562,22724,26712
117028,573,22998,27098
117028,554,22444,26467
116305,564,22627,26597
116305,569,22685,26861
118932,587,22710,27294
118932,547,22985,27127
115343,590,22101,26053
115343,559,22186,26222
117006,554,23041,26996
117006,566,22453,26538
118634,553,22878,26641
118634,582,22660,26949
115102,560,22196,26170
115102,566,22830,26870
118210,562,22851,26843
118210,551,22643,26766
117488,594,23093,27583
117488,579,22342,26500
116099,539,22138,26023
116099,577,22605,26788
118932,554,22711,26655
118932,569,22408,26442
115824,571,22077,26107
115824,556,21890,25915
117084,564,22316,26958
117084,566,22298,25669
119173,585,22588,27207
119173,578,22361,26541
114620,561,22127,26004
114620,560,22527,26606
117750,560,22795,26675
117750,562,22339,26457
117007,573,22776,26783
117007,576,22149,26266
115343,546,22070,26625
115343,570,22359,25754
118450,584,22600,27164
118450,564,22506,26588
116305,566,22310,26282
116305,559,21420,25520
116603,554,22521,26482
116603,571,22503,26626
118932,553,22626,26513
118932,577,22556,26746
115342,566,22031,25945
115342,555,22298,26410
117509,564,22560,27165
117509,568,22301,25729
119172,569,22498,26957
119172,613,22713,27009
115157,550,21207,25051
115157,571,22448,26609
117969,553,22455,26336
117969,559,22401,26518
117247,571,22450,26457
117247,576,21808,25865
115639,579,22131,26679
115639,538,22375,25831
118473,591,22499,27123
118473,557,22275,26279
116305,569,22450,26492
116305,557,22166,26168
116305,556,21965,25944
116305,571,22390,26534
118932,547,22590,26453
118932,594,22918,27131
114455,570,21794,25744
114455,557,22750,26801
117084,593,22748,27375
117084,564,22701,26729
117750,555,22823,26743
117750,585,21994,26204
115639,539,21873,25720
115639,572,22538,26664
118451,557,22649,26500
118451,565,22496,26583
116547,573,22651,26664
116547,555,21839,25903
116065,600,22128,26807
116065,536,22337,25770
118932,581,22629,27199
118932,577,22812,26977
114620,557,22082,25934
114620,558,22127,26241
117028,557,22504,26415
117028,570,22316,26506
118635,554,22655,26440
118635,581,22596,26847
114916,593,21918,26452
114916,536,22680,26210
117969,592,22519,27079
117969,554,22533,26610
116469,561,22851,26783
116469,576,22134,26257
116065,550,22430,26349
116065,568,22434,26485
118634,564,22652,26630
118634,568,22665,26696
116284,576,22590,26605
116284,555,22231,26291
111563,634,23934,28623
111563,558,23063,27090
98247,543,23436,27474
98247,548,23087,27129
93212,543,23548,27438
93212,563,23348,27391
91324,549,23392,27489
91324,547,23272,27332
90599,556,23396,27359
90599,560,23385,27331
90841,549,23420,27519
90841,547,23177,27203
89633,579,23658,28248
89633,559,23153,27191
90841,548,23389,27431
90841,552,23201,27324
89649,547,23525,27480
89649,565,23238,27332
90374,564,23819,27520
90374,580,24240,28598
103267,567,22487,26404
103267,563,22502,26651
113732,562,22699,26650
113732,553,22508,26616
115102,601,22706,27308
115102,577,22271,26351
114750,540,21699,25551
114750,576,22501,26650
117992,555,22585,26421
117992,567,22430,26597
116064,574,22529,26565
116064,550,21810,25751
116361,570,22409,26440
116361,570,22431,26579
118932,580,22563,27102
118932,573,22751,26877
115343,562,22179,26135
115343,560,21990,26041
116787,555,22542,26508
116787,566,22339,26390
118394,553,22702,26573
118394,584,22509,26711
115157,562,22073,26034
115157,565,22652,26748
117750,590,22589,27211
117750,565,22452,26587
117509,554,22425,26301
117509,575,21945,26028
115639,545,22182,26150
115639,572,22560,26649
118473,564,22880,26827
118473,554,22601,26642
116306,573,22999,27005
116306,554,22229,26300
116362,594,22709,27368
116362,571,22580,26656
118932,548,22832,26704
118932,577,22779,26942
115583,562,22350,26315
115583,549,21976,25944
116788,562,22647,26565
116788,568,22425,26616
118635,546,22669,26592
118635,584,22534,26685
115157,594,22200,26786
115157,530,22480,25900
117509,587,22669,27288
117509,560,22340,26355
117268,555,22561,26446
117268,589,22010,26269
115639,541,21900,25773
115639,569,22442,26530
118473,560,22586,26512
118473,555,22490,26630
117247,572,22650,26607
117247,601,21946,26662
116065,549,22422,26452
116065,573,22375,26513
119172,548,22601,26482
119172,556,22449,26474
116306,570,22570,26577
116306,554,21857,25740
116306,568,21937,26066
116306,570,22464,26585
119356,556,22532,26406
119356,603,22424,27177
116065,567,22055,26089
116065,563,21651,25777
117268,553,22535,26448
117268,560,22434,26427
119173,551,22773,26725
119173,581,22746,26934
115102,571,22433,26420
115102,555,22478,26485
117750,563,22858,26905
117750,567,22640,26663
118875,584,22742,27305
118875,551,22630,26194
114675,589,21888,26425
114675,556,22382,26424
117991,559,22609,26604
117991,566,22398,26486
118932,550,22651,26511
118932,579,22566,26731
115178,566,22336,26260
115178,561,22453,26494
117509,564,22434,26442
117509,561,22352,26454
117751,593,22553,27100
117751,584,21815,25973
115880,538,22024,25838
115880,579,22447,26646
118507,557,22592,26567
118507,558,22484,26598
116788,571,22665,26664
116788,565,21973,25912
115880,554,22536,26575
115880,571,22489,26550
118932,592,22620,27266
118932,558,22596,26623
116306,565,22643,26649
116306,565,21957,26076
116602,552,22609,26536
116602,563,22515,26548
119172,557,22713,26665
119172,578,22431,26545
115660,572,22039,26004
115660,554,22225,26212
117106,572,22964,27006
117106,568,22201,26364
118714,575,22698,27186
118714,580,22621,26820
114916,559,22267,26120
114916,565,22756,26897
117751,554,22581,26525
117751,555,22770,26793
117028,575,22979,27006
117028,573,22158,26243
115879,555,22335,26259
115879,569,22802,26928
118932,589,22838,27440
118932,559,22756,26798
116524,562,22924,26841
116524,555,22282,26257
116284,563,22130,26241
116284,568,22644,26725
119093,550,22806,26662
119093,582,22900,27052
115156,572,22253,26231
115156,556,21721,25775
117728,590,22429,27053
117728,568,22236,26319
118450,547,22620,26501
118450,585,21996,26168
115638,547,22109,25984
115638,575,22539,26737
118450,555,22622,26531
118450,555,22480,26533
116469,573,23029,26995
116469,567,22112,26197
115824,588,22517,27167
115824,540,22484,25926
118635,579,22710,27238
118635,557,22523,26524
116765,565,22787,26809
116765,565,21933,25979
116546,558,22121,26160
116546,568,22545,26625
118954,559,22698,26647
118954,577,22697,26792
115178,569,22257,26221
115178,554,22059,26136
117028,592,22901,27529
117028,570,22716,26836
118634,538,23039,26847
118634,583,22737,26921
114861,558,22207,26079
114861,566,22936,27128
117750,560,23120,27071
117750,556,22888,26970
117729,574,23145,27146
117729,575,22349,26415
115639,573,22667,27172
115639,573,22554,26710
118692,570,23255,27127
118692,576,23529,27732
102785,544,23460,27380
102785,552,23303,27314
94465,544,23085,27069
94465,549,22807,26947
93015,556,23335,27265
93015,557,23322,27377
91098,577,23249,27927
91098,518,23175,27256
90841,578,23319,27232
90841,562,23274,27362
90374,540,23395,27343
90374,552,23292,27423
89649,551,23529,27448
89649,561,23400,27477
90132,545,23476,27485
90132,551,23426,27475
89407,583,23806,28403
89407,535,25925,30070
100613,589,21663,25602
100613,572,22551,26672
112286,537,22899,26726
112286,586,22613,26814
112527,562,22061,25994
112527,561,22597,26699
116546,559,22498,26452
116546,556,22572,26625
116546,572,22915,26927
116546,577,22019,26174
115397,572,22102,26571
115397,543,22480,26014
118450,579,22718,27202
118450,560,22532,26615
116305,569,22638,26642
116305,565,22015,26070
116120,550,22415,26350
116120,571,22426,26580
118691,563,22734,26690
118691,575,22739,26825
115584,567,22280,26294
115584,552,22033,26066
117269,583,22578,27148
117269,575,22223,26384
118634,534,22691,26502
118634,586,22475,26688
115398,563,21692,25617
115398,555,22432,26514
117509,559,22685,26541
117509,563,22365,26531
117750,570,22447,26417
117750,575,22010,26101
115102,579,22087,26613
115102,574,22137,26327
118209,549,22454,26371
118209,553,22639,26685
116525,569,22837,26865
116525,568,21885,25928
115824,551,22338,26296
115824,569,22475,26558
118875,559,22588,26564
118875,563,22612,26655
116306,596,22482,27154
116306,554,21820,25749
116546,562,22025,26088
116546,577,22446,26610
118875,541,22539,26356
118875,580,22720,26887
114620,564,21816,25729
114620,558,22661,26729
117509,563,22860,26847
117509,561,22600,26716
118154,586,23015,27494
118154,557,22249,25863
114861,583,21920,26373
114861,565,22626,26789
117991,553,22542,26542
117991,550,22494,26485
117028,571,22361,26428
117028,570,21563,25574
116121,552,22034,26003
116787,575,22838,27152
116787,551,22287,26059
118691,589,22835,27314
118691,559,22479,26119
114696,580,22081,26468
114696,578,22490,26738
117750,554,22498,26463
117750,552,22318,26357
117247,570,22743,26819
117247,566,22007,25900
115639,555,22282,26469
115639,566,22613,26456
118473,571,22539,26878
118473,591,22494,26879
116306,550,22013,25809
116306,575,21853,26173
116843,545,22592,26330
116843,580,22397,26683
119172,545,22596,26477
119172,580,22631,26778
114937,571,21964,25930
114937,556,22313,26417
117269,562,22574,26497
117269,563,22438,26555
117750,591,22455,27019
117750,579,21847,25975
115178,544,21986,25851
115178,573,22230,26414
118714,552,22590,26511
118714,550,22761,26838
116546,590,23606,27545
116546,560,22090,26168
116361,560,22295,26222
116361,570,22704,26891
118691,589,23101,27696
118691,541,22876,26323
116065,585,22346,26833
116065,565,22129,26291
117565,549,22508,26386
117565,571,22511,26676
119173,547,22609,26519
119173,581,22647,26773
114861,569,21918,25871
114861,555,22486,26588
117728,564,22563,26479
117728,597,22418,27177
117912,558,22749,26774
117912,575,22224,26314
115638,545,21941,25801
115638,564,22149,26256
118450,555,22665,26601
118450,551,22621,26740
116524,574,22954,26950
116524,564,22065,26061
116065,558,22309,26331
116065,568,22595,26684
118932,586,22616,27218
118932,563,22570,26580
115824,569,21932,25978
115824,559,22091,26204
116787,554,22627,26549
116787,565,22463,26505
119172,551,22683,26731
119172,576,22855,26882
114861,569,22262,26205
114861,554,22291,26315
117510,564,22574,26617
117510,563,22471,26590
117969,587,22529,27036
117969,575,21985,26092
115398,543,21902,25767
115398,578,22100,26340
118232,555,22499,26443
118232,552,22456,26504
117028,571,22884,26793
117028,567,22012,26165
115824,586,22222,26787
115824,568,22436,26517
118932,557,22541,26564
118932,558,22537,26499
115824,564,22021,26003
115824,560,21802,25895
116844,556,22583,26498
116844,569,22315,26498
119173,551,22634,26530
119173,580,22508,26692
114937,570,22145,26066
114937,553,22573,26665
117325,589,22644,27231
117325,565,22437,26517
117750,552,22539,26431
117750,580,21897,26066
115419,542,22217,26092
115419,576,22225,26389
118473,556,22602,26549
118473,550,22546,26593
117028,575,22769,26735
117028,571,22088,26154
115901,588,22438,27101
115901,536,22483,25919
119173,582,22598,27163
119173,576,22486,26608
115419,559,22055,25957
115419,562,22020,26118
116787,579,23721,27556
116787,577,22212,26450
101646,541,23512,27437
101646,546,22936,27044
94177,555,23398,27346
94177,560,23120,27261
92065,573,23486,28074
92065,549,23246,27379
90132,541,23572,27409
90132,567,23344,27510
90857,537,23505,27371
90857,548,23419,27564
89890,556,23478,27446
89890,558,23310,27374
90901,553,23428,27969
90901,550,23066,26570
89692,579,23512,28091
89692,566,23312,27445
90841,544,23065,26980
90841,587,25895,30031
99231,544,21384,25247
99231,577,22060,26237
112045,554,22632,26541
112045,555,22585,26775
114214,573,22853,26757
114214,567,22003,26061
114696,552,22162,26118
114696,566,22571,26651
118210,590,22617,27289
118210,558,22415,26458
116306,557,22683,26578
116306,565,22120,26218
115824,552,22191,26153
115824,569,22567,26674
118635,560,22637,26588
118635,575,22794,26924
115343,568,22309,26252
115343,556,21821,25894
116546,589,22573,27144
116546,574,22376,26551
118691,544,22637,26547
118691,576,22835,26962
114916,556,22160,26058
114916,559,22570,26676
117269,558,22567,26519
117269,569,22564,26611
117968,564,22560,26488
117968,577,21822,26037
115123,584,21917,26391
115123,540,22464,26007
118232,581,22607,27118
118232,555,22538,26693
117028,563,22755,26689
117028,576,21989,26048
116121,545,22065,25996
116121,570,22306,26486
118954,560,22705,26561
118954,575,22503,26661
115583,569,22053,25992
115583,554,21966,26113
116568,593,22618,27205
116568,568,22469,26551
118714,546,22502,26412
118714,580,22647,26781
114937,561,22116,26015
114937,561,22472,26630
117807,559,22626,26537
117807,563,22497,26622
117510,571,22606,26583
117510,577,22098,26208
115638,577,22218,26677
115638,543,22243,25794
118714,587,22649,27183
118714,557,22508,26587
116843,565,22821,26787
116843,567,22224,26310
116361,552,22266,26211
116361,570,22336,26450
118932,559,22594,26552
118932,576,22478,26557
115398,575,21784,25788
115398,555,21585,25667
117806,585,22564,27071
117806,572,22333,26490
119172,546,22763,26644
119172,587,22544,26759
114937,556,22196,26046
114937,564,22550,26721
117751,563,22652,26641
117751,552,22389,26449
117028,575,22662,26600
117028,575,21920,26099
115639,581,21962,26524
115639,572,22496,26580
118932,549,22516,26426
118932,555,22614,26662
116305,567,22417,26368
116305,564,21978,26063
116361,555,22063,26031
116361,570,22593,26707
118691,563,22649,26578
118691,576,22773,26969
115419,591,22275,26774
115419,533,22180,25672
117325,588,22948,27508
117325,572,22759,26887
118932,536,23058,26816
118932,596,22839,27153
114882,559,22039,25896
114882,567,22978,27158
117750,559,22989,26864
117750,557,22846,26968
117432,575,23332,27285
117432,579,22589,26716
115638,572,22436,26932
115638,582,22252,26503
118932,548,23145,27017
118932,565,23146,27265
116305,564,22961,26896
116305,562,21962,26011
116305,560,22631,26578
116305,570,22984,27067
118932,556,23056,26978
118932,581,23256,27421
115824,596,22287,26939
115824,560,22081,26154
117247,552,22943,26856
117247,573,22671,26833
118634,544,23012,26832
118634,580,22784,26968
114916,564,22133,26091
114916,561,23039,27148
117991,563,22983,26940
117991,554,22962,27019
117269,577,23181,27163
117269,574,22173,26264
115398,578,22315,26917
115398,571,22926,27045
118473,552,23040,26959
118473,561,22939,27021
116788,567,22982,26916
116788,557,21921,25879
116602,568,22311,26354
116602,570,22825,26968
119413,558,23024,26921
119413,579,23118,27229
115880,589,22601,27187
115880,565,22228,26373
117269,551,22913,26799
117269,573,22953,27122
118932,539,23272,27095
118932,581,23126,27286
114696,570,22343,26321
114696,560,22991,27060
117991,565,22766,26768
117991,554,22802,26934
117028,599,23021,27550
117028,552,22324,25829
115178,571,22394,26879
115178,578,22578,26776
118232,553,23072,26957
118232,554,22877,26884
116843,574,22820,26864
116843,558,21964,25922
116843,565,22696,26769
116843,567,22897,26867
119195,558,23043,27105
119195,581,23077,27195
115639,590,22257,26792
115639,562,22851,26964
117806,558,22927,26927
117806,567,22783,26853
118932,549,23102,26999
118932,577,23065,27196
114916,562,22312,26185
114916,565,23082,27226
117991,564,23054,27025
117991,551,22884,26983
117487,601,23167,27805
117487,575,22114,26198
116120,542,22098,25974
116120,573,23064,27169
118932,553,22948,26903
118932,559,22813,26887
116524,573,23061,26996
116524,576,24581,28477
107298,567,21359,25481
107298,548,22875,27063
97541,587,23281,27913
97541,563,23269,27357
92773,539,23366,27309
92773,550,23261,27343
91324,546,23495,27456
91324,561,23449,27504
91082,543,23488,27455
91082,551,23197,27342
89875,556,23507,27439
89875,562,23384,27457
90841,547,23465,27390
90841,548,23295,27446
89632,583,23466,28080
89632,567,23340,27427
90599,540,23202,27084
90599,561,22918,27088
87574,930,20567,24571
87574,1378,9595,13834
75399,1038,11980,15995
75399,821,17321,21425
71762,752,16030,20644
71762,471,2837,6726
70838,521,2409,6541
70838,517,2288,6372
70110,507,2265,6283
70110,516,2372,6453
69867,528,2256,6435
69867,514,2325,6376
69867,510,2243,6265
69867,514,2191,6255
69867,507,2218,6233
69867,511,2309,6334
69660,519,2289,6371
69660,509,2238,6283
69625,533,2314,6499
69625,516,2231,6302
69671,507,2141,6158
69671,516,2116,6198
69671,504,2123,6140
69671,516,2207,6284
69671,508,2093,6108
69671,514,2160,6225
69671,531,2149,6345
69671,515,2127,6182
69671,510,2154,6200
69671,511,1943,5988
69671,507,2050,6080
69671,515,2035,6105
69428,524,2048,6201
69428,493,2009,5932
63644,535,2271,6441
63644,520,2194,6271
57131,503,2276,6289
57131,519,2129,6218
54728,503,2029,6037
54728,518,2118,6189
53997,504,2043,6069
53997,516,2054,6127
53511,529,2190,6350
53511,522,2283,6365
53268,507,2174,6208
53268,514,2315,6374
53268,503,2272,6291
53268,521,2360,6462
53268,504,2339,6348
53268,511,2193,6398
53268,530,2253,6293
53268,510,2383,6417
53268,508,2350,6397
53268,516,2347,6421
53268,507,2418,6443
53268,518,2270,6346
53268,504,2202,6216
53268,515,2316,6387
53268,528,2232,6405
53268,515,2160,6233
53024,506,2309,6334
53024,514,2356,6416
53268,501,2188,6200
53268,516,2278,6328
53024,510,2213,6270
53024,516,2225,6291
53032,529,2085,6252
53032,514,2091,6160
53268,541,2333,6362
53268,520,2366,6460
53268,504,2198,6205
53268,519,2333,6400
52996,508,2259,6286
52996,517,2238,6317
52996,530,2211,6373
52996,520,2241,6301
53240,507,2260,6291
53240,519,2265,6348
53240,507,2281,6313
53240,514,2236,6287
53268,508,2134,6168
53268,515,2062,6124
53240,532,2201,6373
53240,520,2118,6194
53240,505,2132,6154
53240,517,2251,6326
53024,505,2329,6351
53024,527,2368,6447
50842,503,2159,6168
50842,517,2300,6372
49626,532,2103,6290
49626,516,2124,6177
49139,503,2124,6123
49139,517,2044,6118
48921,509,2156,6189
48921,520,2216,6282
48921,529,2203,6368
48921,496,2053,5997
48921,530,2132,6290
48921,519,2114,6193
48928,505,2118,6109
48928,524,2284,6397
48921,505,2211,6222
48921,519,2191,6257
48921,506,2259,6416
48921,519,2126,6058
48921,531,2241,6411
48921,515,2283,6330
48921,508,2262,6298
48921,517,2209,6281
48921,508,2199,6233
48921,519,2263,6340
48921,507,2278,6290
48921,516,2221,6277
48921,534,2329,6528
48921,516,2315,6369
48921,507,2372,6408
48921,516,2370,6428
48678,505,2385,6409
48678,523,2365,6464
48678,504,2235,6240
48678,514,2205,6270
48678,533,2275,6456
48678,490,2219,6281
48678,530,2231,6256
48678,515,2200,6254
48678,508,2257,6300
48678,515,2199,6251
48678,507,2168,6193
48678,515,2212,6285
48678,531,2196,6369
48678,516,2136,6200
48678,507,2252,6273
48678,515,2182,6249
48678,510,2285,6318
48678,521,2211,6298
48653,503,2307,6312
48653,519,2235,6310
48653,507,2240,6266
48653,522,2250,6339
46001,510,3162,8973
46001,524,2478,14307
31217,499,2435,14007
31217,528,2444,14284
25387,521,2248,14101
25387,504,2269,13829
23438,515,2339,14115
23438,506,2363,14259
22218,523,2348,13924
22218,522,2215,14017
21973,497,2347,13881
21973,530,2225,14096
21973,521,2132,13977
21973,497,2138,13648
21973,522,2248,14078
21973,504,2135,13994
21982,520,2183,13724
21982,526,2114,13961
21973,496,2178,13724
21973,530,2144,14016
21973,519,2014,13812
21973,501,2000,13545
21982,521,2106,13927
21982,524,2097,13896
