nvml:nvidia_geforce_gtx_970_0,rapl:ram,rapl:cores,rapl:pkg
21738,687,6071,17046
21738,524,2338,14178
21738,527,2036,13890
21738,498,2303,13831
21738,529,2177,14040
21738,497,1966,13508
21738,527,2097,13967
21738,516,1979,13772
21738,506,1946,13518
21738,518,1876,13708
21738,524,1890,13741
21738,496,1955,13503
21738,529,1916,13800
21738,494,1948,13464
21738,527,1931,13827
21738,520,2196,13983
21738,507,2243,13816
21738,519,2083,13901
21738,498,1954,13490
21738,519,1969,13795
21738,519,1953,13708
21738,504,2032,13669
21738,527,1995,13839
21738,522,2033,13872
21738,497,2005,13482
21738,517,1972,13780
21738,532,1918,13853
21738,493,1882,13379
21738,513,1951,13632
21738,511,1924,13637
21738,528,1999,13886
20516,522,2075,13857
20516,504,1927,13498
20516,512,1945,13673
20516,533,1820,13802
20516,502,1879,13474
20516,521,1844,13659
20516,508,1916,13593
20516,510,1888,13569
20516,510,1835,13536
20516,510,1975,13632
20516,515,1897,13642
20516,509,1892,13576
20516,533,1900,13816
20516,516,1869,13614
20516,510,1956,13648
20516,510,1934,13629
20516,509,1891,13567
20516,509,1907,13576
20516,515,1833,13580
20516,533,1844,13825
18085,495,1948,13455
18085,530,1884,13762
18085,511,1878,13557
18085,511,1842,13557
18085,512,2014,13715
18085,510,1929,13592
18085,532,1852,13826
18085,513,1954,13670
18085,512,1920,13624
18085,512,1868,13561
18085,511,1920,13615
18085,515,1903,13630
18085,504,1943,13545
18085,516,1922,13665
18085,508,1851,13539
18085,511,1822,13831
18085,535,1893,13583
18085,511,1938,13601
18085,512,1832,13565
18085,511,1871,13562
18078,512,1945,13657
18078,511,1885,13542
18078,510,1838,13534
18078,533,1892,13842
18078,515,1973,13720
18078,513,1940,13622
18078,508,1831,13503
18078,515,1845,13599
18078,500,1835,13423
18078,515,1930,13681
18078,508,1836,13513
18078,512,1937,13656
18078,528,1911,13791
18078,524,2016,13800
18078,512,1813,13527
18078,509,1974,13652
18078,512,1859,13557
18078,510,1898,13553
18078,517,2087,13795
18078,512,2029,13747
18078,514,1928,13666
18078,534,1958,13902
18078,513,1933,13648
18078,510,1812,13513
18078,514,1930,13644
18078,512,2021,13709
18078,507,1826,13479
18078,533,1815,13785
18078,512,1817,13547
18078,509,1861,13529
18078,511,1880,13588
18078,513,1964,13659
18078,512,1844,13536
18078,509,1939,13609
18078,511,1916,13623
18078,535,1927,13914
18078,510,1866,13578
18078,512,1925,13616
18078,511,1824,13537
18078,509,1845,13529
17834,515,1916,13708
17834,506,1951,13528
17834,511,1821,13526
17834,532,1835,13803
17834,489,1887,13321
17834,536,2029,13982
17834,512,1851,13563
17834,511,1835,13551
17834,507,1866,13528
17834,509,1942,13609
17834,512,1889,13597
17834,532,1844,13830
17834,515,2007,13710
17834,512,1916,13609
17834,510,1915,13615
17834,509,1829,13515
17834,510,1846,13545
17834,511,1884,13556
17834,512,1887,13625
18078,525,1941,13873
18078,518,1864,13564
18078,510,1859,13542
18078,513,1842,13544
18078,508,1870,13544
18078,514,1967,13688
18078,509,1941,13602
18078,512,1827,13543
18078,533,1963,13936
18078,504,1923,13550
18078,521,1950,13739
18078,514,1858,13597
18078,508,1946,13571
18078,518,1893,13654
18078,510,1951,13586
18078,532,1873,13838
18078,490,1973,13415
18078,533,2004,13977
18078,513,2035,13742
18078,502,1929,13527
18078,510,1999,13742
18078,519,1886,13626
18078,510,1911,13582
18078,512,1914,13641
18078,509,1901,13573
18078,534,1953,13930
18078,517,1944,13670
18078,513,1832,13554
18078,510,1824,13529
18078,508,1861,13522
18078,572,6230,18044
18078,605,20869,32330
18078,601,21313,32891
18078,854,19809,31522
18078,769,18787,30601
18078,722,16902,28578
18078,557,20957,32628
18078,609,21179,32843
18078,791,20625,33106
18078,584,17017,28062
18026,589,52028,63538
18026,672,34491,47046
18026,627,21466,33176
18026,782,19674,31422
18026,761,20578,32331
18026,602,21539,33097
18026,614,21504,33242
18026,1034,14961,27027
22920,810,21651,31219
22920,1102,21139,25484
38943,983,21043,25126
38943,1020,20477,24791
45241,1022,20517,24606
45241,1037,20693,24842
47892,1064,20873,25103
47892,1138,19896,24226
48621,1052,20159,24301
48621,1063,19170,23312
48864,1075,20423,24933
48864,1015,20179,24649
49351,1076,20448,24499
49351,1091,20003,24305
49351,1058,20088,24009
49351,1125,19933,24394
49351,944,20388,24415
49351,1081,20291,24559
49351,1110,20466,24544
49351,1052,20257,24463
49351,1039,20444,25109
49351,1025,20423,24167
49351,1021,20894,25458
49351,984,23412,27806
49351,878,20668,24602
49351,985,20470,24575
62346,632,20941,25126
62346,583,19964,24134
71956,550,19514,23379
71956,561,19654,23762
79133,573,19652,23654
79133,563,19840,23909
87289,590,20524,25112
87289,549,20966,24494
99907,573,20379,24841
99907,575,20049,24232
110359,545,21137,25038
110359,579,20790,24919
109227,567,20381,24190
109227,582,19851,24122
114193,552,20401,24290
114193,583,21788,25992
111135,555,20746,24664
111135,571,21640,25734
115157,588,21472,26007
115157,578,21711,25847
111322,562,21522,25408
111322,561,21694,25799
114194,556,22043,25998
114194,563,21695,25755
110840,597,20423,24414
110840,558,20691,24760
114379,560,22002,25956
114379,564,21547,25652
112935,572,22314,26321
112935,554,21626,25718
113416,591,22321,26937
113416,565,22095,26138
114861,549,21942,25829
114861,582,21076,25235
112748,541,21585,25480
112748,571,22039,26186
115803,580,21763,25709
115803,578,22439,26564
111804,565,21621,25537
111804,561,22329,26460
115102,584,22509,26996
115102,561,22357,26517
113973,565,22609,26574
113973,556,21756,25801
113732,554,22320,26249
113732,569,22194,26340
115342,558,22430,26333
115342,578,21957,26156
112989,568,21001,24857
112989,570,21710,25826
115583,589,22344,26971
115583,545,22421,25969
112045,591,21421,25931
112045,562,22291,26369
115342,551,22272,26239
115342,556,22226,26261
113656,567,22256,26219
113656,555,21402,25498
114434,561,22472,26401
114434,568,22307,26374
114138,593,21221,25308
114138,552,21069,25054
113732,589,22124,26725
113732,575,22310,26485
116766,544,22328,26202
116766,577,22483,26606
112768,552,21897,25804
112768,563,22549,26622
116306,584,22587,26564
116306,573,21153,25305
112527,567,21808,25761
112527,555,21886,25983
115639,587,21665,25626
115639,556,22073,26201
114379,593,22884,27461
114379,558,21743,25730
114675,560,21792,25854
114675,568,22179,26301
117006,548,22681,26479
117006,581,22466,26706
113250,545,21910,25692
113250,575,22340,26579
117063,558,22719,26643
117063,573,22519,26680
113009,612,21484,26009
113009,565,21502,25665
115879,550,22444,26319
115879,555,22321,26422
114379,565,22649,26644
114379,560,21677,25737
114214,557,22302,26266
114214,567,22434,26560
116787,550,22451,26312
116787,582,22499,26708
112768,552,21882,26444
112768,576,22338,25858
116065,609,21291,25822
116065,576,21852,26021
112527,561,21623,25554
112527,564,22232,26336
115583,550,22838,26731
115583,555,22499,26607
114620,569,23097,27042
114620,557,22312,26368
114455,560,22470,26453
114455,567,22639,26741
117247,549,22795,27447
117247,583,22973,26394
113491,593,21297,25763
113491,571,21688,25852
116787,553,22435,26366
116787,577,22518,26675
112955,567,21566,25476
112955,556,22237,26309
116065,564,22568,26522
116065,551,22325,26401
114138,573,22655,26642
114138,554,21820,25918
115102,586,22495,27042
115102,573,22245,26409
114861,583,21611,25588
114861,572,21464,25498
113952,540,21970,25844
113952,571,22468,26654
116787,558,22703,26582
116787,575,22687,26842
112768,566,22059,26039
112768,558,22709,26763
116065,586,22864,27388
116065,530,22611,26177
114379,590,23021,27511
114379,555,21970,25981
115102,582,21133,25134
115102,567,21638,25806
114620,564,22507,26464
114620,563,21451,25463
114193,555,22409,26315
114193,570,22379,26599
116787,584,22506,26994
116787,554,22367,25925
113009,585,21742,26264
113009,565,22510,26623
117084,551,22228,26161
117084,561,22323,26372
113491,592,21557,25561
113491,555,21549,25635
116121,562,22780,26738
116121,557,22529,26576
115342,575,22462,26520
115342,595,21852,26479
114434,550,22352,26354
114434,568,22354,26442
117784,547,22479,26375
117784,578,22569,26735
113042,562,21731,25710
113042,557,22387,26429
116843,587,21339,25315
116843,569,22079,26160
113711,569,21637,25648
113711,553,21630,25671
115342,591,22444,27075
115342,568,22197,26326
115824,557,22491,26445
115824,572,21864,25904
114434,542,22297,26157
114434,570,22271,26422
117028,559,22204,26148
117028,574,22561,26686
111081,615,23695,27691
111081,555,21577,25626
98265,579,22311,26874
98265,564,22711,26850
91824,532,22872,26747
91824,551,22913,27063
88725,546,23258,27192
88725,562,23098,27201
89891,556,22838,26743
89891,561,22923,27078
88440,545,23087,26965
88440,550,22926,27086
87274,601,22884,27392
87274,519,22766,26278
88924,592,23552,28168
88924,562,23365,27545
88725,534,23541,27305
88725,559,22975,27172
87715,534,23706,27603
87715,579,25637,29771
98459,573,21891,25904
98459,555,21749,25824
108932,564,22749,26647
108932,567,22360,26503
112232,615,21448,26035
112232,573,21266,25351
112955,547,21756,25718
112955,569,22258,26374
117007,549,22270,26155
117007,574,22342,26433
113009,568,21694,25704
113009,558,22189,26281
116306,562,22228,26184
116306,558,22284,26347
114379,572,22572,26543
114379,554,22019,26155
115101,619,21449,26108
115101,556,21786,25782
114860,556,22340,26254
114860,572,21533,25605
114675,546,22057,26012
114675,570,22139,26270
117509,556,22323,26254
117509,580,22373,26579
112768,564,21772,25632
112768,562,22491,26612
116120,586,22495,27012
116120,557,22311,26464
113952,584,22177,26154
113952,556,21528,25554
115157,554,22638,26574
115157,568,22334,26493
115342,570,22787,26745
115342,572,21937,26017
114675,549,22208,26146
114675,569,22498,26586
117247,591,22609,27235
117247,543,22733,26245
113250,587,22107,26606
113250,564,22657,26743
116306,549,22374,26261
116306,565,22243,26367
113973,569,22181,26189
113973,557,21378,25472
115419,561,22300,26190
115419,559,22272,26353
115123,574,22421,26457
115123,601,21920,26623
114214,545,22056,26040
114214,569,22264,26348
117268,547,22477,26345
117268,581,22211,26416
113732,554,21613,25520
113732,565,22435,26534
116844,561,22283,26269
116844,566,22288,26282
114214,574,22038,26105
114214,553,21887,25963
115901,565,22424,27060
115901,588,22133,26121
115101,565,22268,26300
115101,569,21534,25551
114455,543,21797,25719
114455,574,22166,26324
117028,547,22425,26308
117028,580,22457,26585
113491,551,21874,25769
113491,575,22617,26823
116787,595,22437,27023
116787,565,22268,26295
113470,564,21747,25763
113470,560,21774,25855
116121,551,22681,26473
116121,564,22569,26797
114620,567,22528,26477
114620,555,21980,26006
114916,570,22476,26471
114916,567,22401,26556
116710,583,22701,27189
116710,555,22461,25973
113952,570,22364,26776
113952,583,22069,26374
117269,547,22573,26412
117269,577,22514,26688
113470,560,22124,26038
113470,557,22269,26361
116065,561,22463,26401
116065,553,22256,26400
114620,574,22789,26769
114620,553,21840,25805
114861,598,21851,26589
114861,567,22054,26133
116731,545,22411,26213
116731,583,22007,26172
113657,542,21986,25911
113657,568,22139,26230
117007,563,22318,26300
117007,574,22293,26409
113250,568,21849,25768
113250,559,22095,26190
116306,594,22271,26916
116306,554,22163,26240
114379,566,22716,26708
114379,553,21761,25760
114861,555,22470,26407
114861,571,22193,26346
116065,558,22324,26168
116065,580,21833,26059
114193,548,21602,25414
114193,570,22123,26321
117268,590,22503,27086
117268,544,22295,25772
113732,582,21870,26330
113732,571,22299,26488
116306,543,22301,26132
116306,563,22522,26693
113711,607,21466,25472
113711,558,21228,25288
115639,559,22654,26529
115639,556,22544,26723
114675,577,22937,26907
114675,552,21943,25999
115178,597,22441,27083
115178,575,22619,26761
117268,543,22650,26489
117268,583,22473,26649
113491,537,21816,25666
113491,574,22622,26812
117028,557,22679,26585
117028,576,22731,26894
113250,569,22176,26020
113250,553,22538,26659
116844,593,22728,27336
116844,524,22630,26115
114916,596,22905,27514
114916,550,22124,26082
115178,555,22478,26400
115178,576,22583,26778
115824,559,22747,26659
115824,577,21927,26010
114455,551,21834,25802
114455,570,22452,26615
117028,582,22586,27114
117028,549,23022,26542
113491,578,21675,26103
113491,549,22286,25917
117325,580,22058,26599
117325,576,22442,26566
113732,559,21859,25712
113732,565,22086,26282
116121,554,22424,26285
116121,554,22239,26351
114861,576,22621,26647
114861,556,21929,25939
114916,594,22194,26756
114916,542,22365,25881
116306,578,22412,26890
116306,592,21909,26235
113973,531,21543,25243
113973,583,22319,26592
117028,543,22756,26564
117028,586,22746,27045
113250,556,21688,25484
113250,570,22828,26909
116787,561,22586,26606
116787,573,22543,26677
113897,594,22205,26815
113897,593,23464,27545
106815,554,23980,27916
106815,555,22970,27091
95368,529,23075,26913
95368,547,23119,27259
91521,556,23360,27360
91521,562,23021,27181
90358,550,23180,27141
90358,549,23099,27197
88682,539,23039,27009
88682,545,23152,27235
88880,585,23184,27793
88880,563,22934,27068
89165,544,23028,26900
89165,556,23145,27272
88198,536,23282,27240
88198,550,23239,27290
88923,558,23264,27195
88923,561,23180,27354
89165,564,23398,27152
89165,588,24477,28723
102301,583,21383,26029
102301,537,22243,25671
113009,587,22339,26948
113009,568,22392,26432
111322,561,21937,25880
111322,567,22011,26152
115639,555,22000,25949
115639,553,22123,26184
114916,573,22627,26646
114916,553,21989,25980
114937,562,22377,26353
114937,568,22328,26431
116787,579,22498,27015
116787,559,22060,26326
113732,557,21776,25452
113732,590,21777,26101
117269,547,22097,25970
117269,576,22415,26562
113711,566,22135,26082
113711,553,22235,26248
115824,566,22642,26709
115824,551,22562,26604
114620,601,22854,27507
114620,558,22015,25940
115398,563,22193,26296
115398,568,22327,26452
117028,544,22657,26527
117028,577,22355,26431
114214,546,21896,25776
114214,574,22253,26460
117509,559,22572,26566
117509,575,22659,26744
113952,567,22174,26191
113952,552,21772,25805
116306,589,22511,27087
116306,552,22353,26350
115343,566,22632,26664
115343,565,21940,25930
114937,548,22162,26199
114937,570,22315,26430
117487,549,22173,26069
117487,581,22708,26781
113973,550,21975,25939
113973,574,22270,26420
117268,591,22026,26670
117268,549,22264,26052
114138,576,21788,25941
114138,555,22061,26098
115583,558,22227,26276
115583,555,22315,26299
115583,571,22398,26413
115583,570,21775,25831
114916,551,22170,26141
114916,566,22289,26337
117970,589,22458,27147
117970,543,22482,26615
113491,581,21852,25670
113491,563,22297,26398
117028,552,22309,26279
117028,562,22243,26352
114696,570,22636,26607
114696,552,22386,26391
115880,565,22805,26775
115880,567,22571,26745
116950,582,22927,27400
116950,552,22483,25997
114138,579,22304,26931
114138,573,22547,26721
117509,547,22574,26409
117509,577,22628,26795
113491,559,22237,26103
113491,556,22208,26321
116306,562,22340,26340
116306,549,22271,26295
115342,579,22532,26587
115342,553,21861,25859
114861,591,22243,26861
114861,569,22435,26523
117728,543,22354,26313
117728,572,22666,26750
113491,552,21922,25828
113491,569,22479,26661
117488,555,22413,26297
117488,570,22259,26341
114434,569,21904,25965
114434,553,21979,25992
116602,593,22450,27064
116602,526,22357,25799
115584,593,22538,27105
115584,573,22033,26128
114916,539,22182,26097
114916,576,22454,26655
117509,545,22582,26449
117509,576,22824,26982
113491,566,22282,26164
113491,554,22437,26495
116383,563,22592,26636
116383,549,22289,26319
115102,595,22816,27426
115102,570,22055,26102
114937,541,22096,26056
114937,575,22334,26508
117268,537,22364,26160
117268,584,22546,26848
113732,547,21876,25663
113732,571,22492,26719
117028,558,22392,26302
117028,570,22397,26484
114434,571,21878,25958
114434,552,21582,25661
115901,579,22487,26928
115901,574,22209,26459
115398,554,22384,26269
115398,571,21739,25849
114675,545,22387,26245
114675,571,22224,26450
117509,551,22311,26182
117509,581,22264,26442
113732,590,21774,26243
113732,533,22516,26029
117269,591,22418,27038
117269,555,22245,26286
115343,566,22401,26401
115343,553,21760,25799
115398,553,22473,26373
115398,566,22067,26229
116064,570,22438,26411
116064,575,21984,26030
114214,548,21947,25917
114214,567,22211,26340
117510,589,22311,26919
117510,576,22282,26371
113250,644,21883,25819
113250,565,20665,24810
117028,666,22295,26221
117028,579,20723,24799
113009,561,21559,25442
113009,566,22696,26851
116787,561,22310,26277
116787,557,22284,26361
114620,575,22694,26708
114620,596,22142,26815
115397,552,21947,25899
115397,576,22118,26280
118209,540,22329,26174
118209,583,22638,26845
113973,556,22355,26229
113973,565,22468,26547
117510,563,22244,26222
117510,557,22327,26400
115584,571,22664,26686
115584,554,21991,26024
116121,593,22316,26938
116121,537,22180,25702
118211,565,22474,26823
118211,590,22414,26704
114214,540,21719,25511
114214,576,22384,26643
117991,555,22554,26428
117991,573,22444,26573
114434,570,22207,26191
114434,553,21954,26032
116843,593,22464,27054
116843,564,22155,26241
116065,554,22441,26350
116065,573,22013,26060
115178,568,23339,27250
115178,580,21788,26006
100680,544,22672,26588
100680,551,22779,26922
93076,538,22910,26846
93076,546,23019,27036
91340,592,23174,27823
91340,529,23103,26569
89692,573,23187,27771
89692,554,23071,27186
88741,531,23172,27006
88741,568,23057,27238
90132,545,23069,26941
89209,550,23358,27249
89209,557,23027,27374
88483,570,23478,27824
88483,521,23186,26679
89890,563,23340,27424
89890,560,23140,27252
89407,596,23906,28579
89407,569,23211,27207
102320,567,22185,26270
102320,547,22556,26434
112527,551,22491,26213
112527,577,22163,26519
112768,586,21942,26322
112768,535,21382,25043
115419,588,22437,26996
115419,525,22312,25777
115660,597,22530,27152
115660,572,21787,25841
115419,549,22190,26217
115419,568,22243,26322
118267,545,22613,26515
118267,577,22451,26580
114028,558,21754,25563
114028,565,22428,26671
117269,560,22367,26295
117269,556,22402,26485
115398,572,22715,26725
115398,587,21859,26576
115419,551,22498,26410
115419,572,22273,26394
117028,544,22399,26209
117028,582,22137,26399
114455,544,21722,25581
114455,569,22172,26333
117751,562,22562,26481
117751,572,22715,26875
114916,591,22400,26900
114916,529,21993,25465
116306,588,22880,27495
116306,562,22588,26684
115583,557,22947,26901
115583,568,22076,26152
114882,542,22633,26531
114882,570,22577,26738
117750,551,22845,26711
117750,580,22785,26942
113437,556,22259,26172
113437,567,22832,26949
116788,591,22770,27405
116788,552,22509,26545
115101,560,22987,26916
115101,559,22188,26342
116121,553,22939,26805
116121,567,22543,26651
117248,559,22890,26748
117248,578,22221,26466
114916,547,22114,26004
114916,567,22522,26670
118232,582,22813,27350
118232,548,22905,26446
114214,586,22463,26996
114214,557,22539,26618
116788,554,22801,26750
116788,549,22595,26631
115824,573,22830,26794
115824,559,21879,25946
115178,558,22563,26562
115178,566,22578,26683
117750,581,22934,27453
117750,549,22921,26468
114214,575,22342,26763
114214,571,22757,26933
117028,548,22592,26496
117028,567,22556,26638
114641,568,22262,26242
114641,554,22055,26165
116142,562,22523,26447
116142,558,22228,26354
116306,575,22692,26700
116306,600,21729,26444
115178,544,22424,26292
115178,581,22370,26623
117750,540,22566,26413
117750,580,22501,26659
113973,558,22031,25944
113973,560,22418,26531
117268,560,22548,26500
117268,552,22290,26397
115880,569,22810,26745
115880,551,22157,26225
115879,592,22644,27290
115879,568,22151,26236
118770,544,22553,26410
118770,588,22529,26710
114455,553,21498,25369
114455,564,22550,26660
117806,561,22442,26455
117806,561,22280,26347
115639,572,22526,26581
115639,550,22003,26006
116362,593,22540,27180
116362,537,22081,25518
117269,575,22412,26828
117269,587,21867,26147
114455,536,22003,25793
114455,579,22218,26468
117509,550,22301,26158
117509,573,22356,26475
114159,571,22576,26575
114159,553,22068,26111
116361,561,22714,26657
116361,558,22395,27175
116546,590,22733,26612
116546,580,21643,25799
114916,540,21847,25805
114916,572,22168,26243
117991,552,22395,26308
117991,575,22597,26724
114214,566,22040,25987
114214,554,22473,26542
117324,561,22434,26400
117324,552,22193,26335
115583,598,22778,27424
115583,561,21869,25862
115584,551,22093,26046
115584,571,22227,26393
117934,534,22582,26390
117934,583,22595,26810
114214,550,22098,25970
114214,572,22403,26549
117750,558,22560,26491
117750,568,22455,26521
114861,598,22418,27088
114861,559,21669,25748
116064,555,22410,26400
116064,562,22211,26211
116305,556,22596,26521
116305,574,21770,25910
115157,548,22360,26286
115157,568,22457,26537
117969,553,22508,26439
117969,580,22653,26835
113973,589,22011,26512
113973,536,22515,25995
117269,589,22512,27165
117269,546,22367,26330
115102,564,22780,26777
115102,562,22214,26335
116120,553,22658,26558
116120,568,22251,26373
117934,555,22530,26438
117934,576,22683,26842
114455,590,22307,26835
114455,531,22500,26026
118232,584,22518,27042
118232,563,22497,26615
115398,556,22319,26191
115398,565,21471,25648
116603,549,22504,26386
116603,566,22461,26600
116788,565,22701,26648
116788,573,22018,26117
115178,549,22364,26309
115178,570,22297,26453
117991,590,22671,27260
117991,569,22538,26617
114214,561,22131,26076
114214,557,22363,26442
117269,552,22374,26334
117269,549,22396,26443
115583,568,22904,26897
115583,552,21945,25985
115660,568,22073,26049
115660,566,22373,26490
116305,592,24984,28956
116305,560,22589,26722
100439,578,22627,27178
100439,550,22978,27053
93015,543,23287,27288
93015,543,23249,27248
90374,553,23407,27423
90374,558,23317,27333
90615,557,23346,27353
90615,551,22936,27004
89209,543,23440,27430
89209,546,23347,27407
89890,584,23333,27929
89890,533,23314,26793
90176,583,23429,28090
90176,551,23043,27123
88967,523,23318,27129
88967,559,23293,27394
90176,555,23339,27276
90176,562,25794,29832
99472,565,21686,25787
99472,566,22308,26414
110118,564,22503,26431
110118,576,22029,26149
112045,579,21888,26536
112045,537,22357,25800
116787,576,22792,27273
116787,576,22896,27021
113712,558,22319,26253
113712,554,22350,26421
116547,562,22837,26793
116547,552,22636,26741
115342,570,23084,27038
115342,551,22222,26284
115880,596,22786,27435
115880,534,22600,26014
117913,577,22915,27463
117913,579,22928,27136
113973,553,22588,26408
113973,566,22769,26916
117268,555,22637,26597
117268,564,22743,26773
115583,569,23003,26990
115583,554,22128,26239
116121,560,22635,26601
116121,565,22389,26473
117970,578,22615,27131
117970,581,22520,26727
114696,545,21764,25657
114696,571,22093,26252
118451,548,22385,26273
118451,574,22603,26698
114916,569,22639,26639
114916,552,22484,26544
117084,562,22890,26840
117084,558,22571,26668
116306,600,22787,27426
116306,570,22211,26244
115639,545,22613,26530
115639,582,22769,26928
118691,545,22896,26801
118691,586,23070,27229
114455,553,22067,25838
114455,566,22878,27077
117750,559,22837,26765
117750,557,22688,26821
116065,573,23184,27182
116065,585,22093,26812
116065,551,22618,26527
116065,574,22573,26742
117751,543,22876,26699
117751,585,22887,27113
114696,538,22081,25797
114696,576,22633,26946
117991,559,22685,26540
117991,575,22663,26850
114455,568,22474,26404
114455,554,22309,26429
117084,592,22741,27364
117084,555,22637,26767
115583,571,23320,27211
115583,566,21572,25676
115660,549,22836,26692
115660,577,22530,26766
117751,552,22886,26681
117751,580,22881,27090
114696,550,22373,26261
114696,573,22280,26445
117991,588,22737,27297
117991,546,22506,26689
114434,588,21760,25631
114434,557,22090,26134
117028,556,22422,26456
117028,544,22432,26356
115824,577,22536,26621
115824,556,21736,25703
115660,569,22216,26279
115660,566,22422,26512
117509,583,22755,27300
117509,553,22442,26014
114696,572,22079,26535
114696,577,22420,26620
117992,548,22465,26345
117992,578,22414,26586
114675,561,22011,25948
114675,554,22077,26114
116787,562,22438,26374
116787,561,22411,26520
116043,572,22486,26525
116043,601,21835,26412
115638,552,22135,26213
115638,540,22385,25880
117968,572,22597,27043
117968,582,22736,26933
114193,555,22134,25979
114193,568,22601,26734
117565,560,22423,26361
117565,567,22356,26383
114916,573,22297,26326
114916,557,21785,25932
116603,567,22743,26704
116603,591,22403,27017
115824,569,22501,26611
115824,575,22118,26207
115157,535,22371,26223
115157,574,22525,26668
117991,553,22671,26614
117991,576,22808,26944
114193,565,22253,26145
114193,562,22489,26557
117269,564,22570,27238
117269,557,22549,25974
115342,597,22870,27543
115342,551,22052,25995
116065,557,22851,26813
116065,571,22403,26485
117269,556,22663,26611
117269,576,21872,25963
115178,553,21958,25967
115178,568,22385,26435
118232,559,22509,26494
118232,574,22521,26595
114214,595,21929,26588
114214,564,22395,26478
117268,555,22440,26398
117268,548,22424,26457
115845,562,22959,26883
115845,565,22049,26124
115419,556,22463,26463
115419,569,22407,26483
118209,550,22842,26764
118209,582,22721,26886
114696,593,22457,26993
114696,564,22673,26795
117807,557,22642,26632
117807,558,22523,26606
115583,558,22758,26619
115583,559,21853,25944
116361,559,22525,26456
116361,568,22636,26757
117487,563,22636,26527
117487,579,22036,26220
114916,578,22379,26956
114916,537,22321,25816
117991,584,22653,27203
117991,569,22584,26662
113973,563,21966,25930
113973,555,22319,26403
116788,555,22487,26418
116788,551,22354,26360
115824,577,22616,26676
115824,552,21890,25914
115824,564,22500,26461
115824,567,22467,26628
118473,578,22658,27168
118473,556,22912,27135
114159,575,22495,26382
114159,558,22789,26805
117510,558,22699,26672
117510,567,22690,26745
114379,572,22247,26310
114379,559,22072,26105
116787,564,22767,26717
116787,549,22649,26737
115583,601,23041,27645
115583,571,22239,26327
115638,546,22585,26583
115638,601,24904,28968
105368,537,22602,26560
105368,549,22942,27058
95126,545,23339,27259
95126,555,23228,27302
92971,551,22973,26957
92971,551,23036,27126
90599,544,23222,27202
90599,541,23179,27229
89649,577,23296,27917
89649,562,23107,27276
90357,539,23283,27119
90357,555,23209,27325
88924,532,23302,27188
88924,554,23222,27431
89150,553,23363,27230
89150,557,23223,27292
90358,556,23399,27461
90358,549,23280,27401
90358,606,25539,30125
90358,555,21386,25378
105870,556,22346,26298
105870,579,22298,26553
113898,543,22474,26322
113898,577,22524,26645
113250,541,21942,25775
113250,574,21878,26112
117510,559,22218,26173
117510,574,22561,26646
113677,568,22013,26578
113677,555,22330,25812
116547,590,22717,27272
116547,548,22483,26505
115398,572,22724,26788
115398,555,22123,26114
115639,558,22101,26120
115639,567,22370,26465
118692,551,22679,26569
118692,580,22749,26963
114696,546,21950,25774
114696,575,22469,26688
117991,561,22581,27215
117991,597,22479,26514
114620,568,21920,25907
114620,559,21839,25961
116843,550,22607,26448
116843,561,22511,26621
117028,565,22530,26504
117028,571,22027,26107
115419,550,22475,26394
115419,569,22496,26673
117991,558,22527,26427
117991,577,22794,26936
114214,589,22247,26801
114214,566,22531,26657
117028,550,22579,26424
117028,561,22595,26752
115824,560,22946,26853
115824,557,22163,26282
115901,563,22016,25935
115901,566,22434,26584
117269,584,22664,27130
117269,552,22307,25896
114915,573,22185,26656
114915,545,22342,26606
118450,575,22585,26380
118450,579,22569,26801
115156,558,22352,26241
115156,558,22213,26339
117028,556,22969,26772
117028,554,22742,26904
115824,576,22917,26904
115824,552,22165,26200
115879,596,22866,27528
115879,538,22871,26324
118209,571,22952,27416
118209,582,23077,27289
114193,551,22574,26438
114193,564,22980,27090
118210,561,22935,26950
118210,556,22729,26701
116065,572,23206,27178
116065,554,22282,26417
116547,563,22957,26914
116547,566,22774,26898
118154,577,22886,27414
118154,579,22702,26897
114620,547,21903,25767
114620,573,22073,26294
117912,547,22644,26503
117912,573,22728,26820
114861,570,22197,26176
114861,553,21868,25938
116766,565,22684,26618
116766,553,22344,26431
115528,605,22851,27528
115528,568,22084,26118
115583,537,22518,26398
115583,572,22481,26593
118451,544,22687,26623
118451,583,22716,26972
114434,552,21859,25647
114434,567,22639,26770
118210,562,22697,26689
118210,564,22573,26629
116065,595,22693,27332
116065,557,22070,26151
116306,563,22652,26685
116306,572,22495,26634
117672,540,22674,26444
117672,578,22511,26654
115102,548,21967,25919
115102,569,22714,26826
118232,558,22701,26653
118232,573,22707,26757
114861,569,22441,26485
114861,553,22321,26392
117028,592,22725,27360
117028,555,22589,26577
116065,559,22994,26915
116065,569,22124,26193
115605,548,22556,26580
115605,566,22541,26591
118691,554,22733,26715
118691,577,22916,27033
114434,560,22559,26458
114434,563,22877,26953
118047,594,22621,27311
118047,553,22799,26878
115879,563,22993,26942
115879,557,22303,26382
116843,560,22931,26932
116843,565,22664,26714
118473,558,22779,26675
118473,577,22522,26657
115233,548,22561,26404
115233,573,22581,26802
118232,560,22698,26622
118232,572,22844,26979
114379,590,22347,26897
114379,561,21532,25678
116546,548,22457,26315
116546,563,22247,26353
116306,562,22417,26386
116306,564,21730,25817
115419,553,22216,26122
115419,568,22338,26429
118210,546,22536,26544
118210,583,22818,26944
114455,584,22245,26733
114455,565,22705,26851
117750,551,22521,26433
117750,559,22413,26510
115583,565,22641,26620
115583,552,21940,25952
116086,563,22520,26553
116086,566,22525,26655
117934,550,22685,26563
117934,578,22829,26923
114455,592,22105,26719
114455,533,22385,25908
117509,586,22402,26972
117509,549,22379,26303
115824,570,22634,26681
115824,554,21715,25795
116306,561,22444,26464
116306,571,22324,26368
116306,566,22490,26441
116306,576,21927,26108
115398,579,22065,26595
115398,534,22409,25834
118451,580,22579,27085
118451,579,22610,26856
114434,564,21906,25867
114434,552,22480,26443
117509,557,22176,26152
117509,551,22443,26602
116305,571,22961,26929
116305,550,22226,26131
116361,568,22668,26712
116361,567,22544,26726
117969,577,22898,27389
117969,582,22987,27204
114675,550,22418,26262
114675,566,22729,26835
117991,549,22851,26750
117991,573,22470,26613
112955,593,23537,27546
112955,556,21890,25956
99183,552,22572,26539
99183,561,22819,26901
92774,545,23282,27257
92774,576,23301,27991
90132,549,23397,27403
90132,570,23296,27512
90615,542,23004,26791
90615,554,23306,27397
89692,545,23289,27303
89692,550,23194,27277
88967,556,23512,27440
88967,558,23244,27319
90176,557,23367,27344
90176,550,23220,27363
89209,571,23487,28082
89209,539,23547,27543
89890,547,23649,27593
89890,589,25314,29518
102060,553,21393,25284
102060,573,21660,25707
109226,549,22028,26033
109226,569,22464,26579
116121,558,22626,26512
116121,573,22814,26917
113250,592,22123,26748
113250,565,22401,26527
117324,552,22509,26426
117324,553,22367,26444
115880,561,22843,26785
115880,558,22080,26089
116362,567,22048,26053
116362,565,22296,26370
118932,553,22614,26528
118932,582,22676,26905
114696,588,21848,26410
114696,532,22577,26030
117991,580,22602,27116
117991,567,22690,26772
115157,560,22063,26035
115157,564,21702,25841
116602,551,22546,26395
116602,561,22664,26737
116305,571,22849,26900
116305,566,22013,26069
115583,579,22428,26936
115583,545,22573,26125
118232,581,22784,27363
118232,576,22990,27163
114455,545,22465,26225
114455,577,22845,27138
117991,546,22649,26529
117991,585,23036,27138
115824,568,22225,26121
115824,558,22238,26404
116361,561,22819,26711
116361,567,22946,27100
118932,581,23177,27721
118932,578,23014,27189
114915,562,22289,26249
115397,536,23191,26887
115397,584,22699,27063
118153,547,23199,26926
118153,583,23249,27665
115102,567,22529,26451
115102,557,23126,27120
117488,564,22884,26983
117488,554,22444,26501
117487,577,22969,27189
117487,595,22153,26587
115398,530,22395,26026
115398,596,22561,27127
118450,539,22721,26422
118450,576,22670,26918
115343,568,22232,26144
115343,557,22118,26297
116787,559,22644,26540
116787,565,22583,26661
117729,568,22578,27286
117729,576,21957,25363
115178,571,22116,26627
115178,573,22420,26575
118932,555,22889,26838
118932,560,22915,26905
115824,571,22525,26539
115824,554,22115,26151
117028,564,23003,26997
117028,566,22786,26901
118634,580,22937,27423
118634,551,22986,26592
115157,583,22414,26818
115157,569,22835,27075
117991,556,22905,26908
117991,546,22791,26760
116547,566,23023,27064
116547,571,22386,26443
115879,547,22956,26807
115879,572,22856,27085
118691,559,22836,26701
118691,572,22633,26803
115824,567,22543,26542
115824,553,22304,26375
116787,587,22716,27297
116787,568,22391,26473
119172,540,22885,26706
119172,585,22813,27096
114675,557,21901,25682
114675,564,22853,27045
117991,560,22677,26602
117991,554,22496,26574
116546,575,22877,26912
116546,562,22165,26256
115824,584,22560,27144
115824,573,22515,26691
118691,545,22628,26465
118691,584,22545,26675
115102,558,22185,26133
115102,557,22273,26370
117566,562,22630,26550
117566,569,22461,26563
117991,563,22750,27295
117991,577,22333,25869
115364,583,22376,26859
115364,540,22444,26704
118713,578,22901,26729
118713,557,22876,26916
115824,570,22705,26743
115824,556,22534,26581
116844,558,23014,26944
116844,569,22978,27124
118932,549,23202,27070
118932,580,23196,27405
114455,597,22618,27223
114455,528,23168,26611
117510,582,22962,27474
117510,562,22887,27065
117006,559,23040,26991
117006,569,22395,26427
116065,543,22983,26936
116065,570,22783,26943
119173,557,23086,27030
119173,574,23137,27222
116284,568,22683,26697
116284,554,21946,25979
117247,589,22687,27256
117247,542,22398,25923
119094,565,22787,27171
119094,587,22616,26865
115157,556,21903,25741
115157,569,22787,26987
117991,555,22625,26515
117991,555,22631,26771
116306,573,22960,26968
116306,559,22307,26333
116065,560,22800,27440
116065,569,22525,25989
118393,583,22723,27304
118393,575,22717,26847
114861,557,22242,26130
114861,556,22442,26523
117510,555,22814,26753
117510,559,22432,26521
117005,595,22805,27270
117005,553,22243,25850
115638,547,22532,26444
115638,571,22623,26775
118209,586,22878,27416
118209,548,22815,26998
115343,583,22291,26165
115343,553,22500,26534
117269,561,22788,26798
117269,558,22729,26743
116765,571,22887,26944
116765,571,21986,26056
115879,551,22402,26300
115879,569,22541,26694
118691,589,22653,27273
118691,543,22849,26308
115342,589,22332,26900
115342,558,21985,26062
117302,556,22738,26739
117302,564,22428,26469
117728,556,22731,26624
117728,578,22037,26243
115638,547,22095,25923
115638,611,24205,28383
105177,549,22712,26714
105177,549,23437,27481
95609,584,23472,28161
95609,562,23437,27520
92774,532,23574,27340
92774,569,22959,27238
90373,529,23580,27352
90373,572,23341,27584
91083,553,23195,27025
91083,560,23350,27465
89891,544,23331,27325
89891,549,23447,27581
90116,581,23458,28042
90116,534,23120,26619
90132,570,23558,28044
90132,562,23370,27586
89165,529,23478,27280
89165,572,23442,27696
93936,565,24640,28565
93936,578,22215,26364
105369,567,21617,25484
105369,556,22485,26598
113250,561,22766,26699
113250,559,22548,26659
115583,598,22664,27351
115583,575,21770,25848
114861,536,22481,26273
114861,572,22494,26664
118692,557,22672,26638
118692,569,22599,26656
115803,567,21990,25981
115803,556,22245,26342
117269,562,22580,26506
117269,560,22622,26695
117191,572,22786,26841
117191,599,22448,27163
115583,544,22675,26588
115583,576,22846,27052
118394,551,23159,27008
118394,561,22799,26823
116284,572,22482,26545
116284,555,21911,26008
116546,562,22754,26735
116546,565,22618,26621
118875,547,22829,26832
118875,583,22661,26828
114620,592,22511,27029
114620,559,22510,26595
117968,555,22816,26742
117968,561,22499,26618
116950,558,22880,26756
116950,572,21873,26003
115824,550,22579,26557
115824,573,22610,26757
118393,557,22687,26610
118393,574,22676,26726
114139,569,22446,26480
114139,587,22671,27433
117487,549,22873,26740
117487,562,22694,26831
116765,560,23086,27054
116765,574,22216,26279
115584,547,22661,26625
115584,571,22867,26900
118932,560,22922,26871
118932,574,22779,26960
115342,570,22594,26550
115342,584,21774,26504
116843,560,22904,26898
116843,569,22765,26886
117487,548,23063,26930
117487,573,22157,26214
115156,550,22086,26081
115156,569,22493,26543
118209,561,22659,26676
118209,569,22615,26601
115102,573,22414,26592
115102,552,21969,25931
116524,591,22628,27254
116524,565,22610,26687
117968,550,22585,26480
117968,584,22457,26643
115397,540,22156,26025
115397,574,22589,26740
118450,558,22779,26737
118450,564,22604,26661
116283,573,22640,26646
116283,553,22108,26139
116820,568,22285,26267
116820,567,22861,26988
118691,574,23074,27623
118691,579,23014,27212
114674,558,22695,26572
114674,566,23039,27157
117969,551,22899,26816
117969,552,22795,26898
116524,572,23172,27120
116524,560,22291,26378
116361,561,22951,26881
116361,569,22787,26981
119172,581,22940,27430
119172,578,23131,27345
114916,559,22519,26436
114916,562,22772,26898
117750,547,23112,26985
117750,562,22735,26870
117247,568,23095,27122
117247,572,22117,26125
116065,549,22461,26399
116065,571,22546,26718
118691,558,22763,27316
118691,575,22610,26088
115343,593,22121,26693
115343,559,21878,25993
117269,554,22616,26582
117269,557,22572,26576
116951,565,22770,26820
116951,572,22042,26019
115584,552,22460,26410
115584,572,22390,26545
118393,560,22667,26618
118393,572,22832,26894
115102,570,22347,26422
115102,585,22101,26809
117246,547,22731,26561
117246,574,22569,26737
117431,562,22524,26534
117431,572,21643,25678
115342,549,21404,25359
115342,568,21906,26015
118932,560,22120,26052
118932,569,22138,26212
115802,572,21609,25662
115802,554,21823,25896
117269,588,22080,26684
117269,565,21986,26036
118875,542,22082,25899
118875,585,21877,26091
115397,542,21356,25204
115397,575,22142,26375
118450,559,22191,26086
118450,565,22193,26319
116284,569,22236,26165
116284,553,21816,25927
116305,593,21828,26445
116305,571,21831,25967
118394,541,22144,26015
118394,583,22273,26487
114861,555,21711,25523
114861,558,22007,26130
118232,561,22043,26046
118232,551,21948,26004
116306,574,22507,26472
116306,561,21840,25871
115583,556,22203,26866
115583,568,21983,25417
118714,586,22287,26891
118714,569,22321,26405
115178,556,21717,25612
115178,558,21816,25926
117028,559,22229,26174
117028,559,21876,25893
116788,572,22036,26128
116788,571,21586,25624
115419,553,21819,25728
115419,569,22029,26197
119174,590,22081,26673
119174,566,22179,26214
115660,569,21698,25717
115660,551,21383,25417
117105,562,22248,26259
117105,563,21993,26035
117750,562,22244,26182
117750,576,21787,25953
115157,546,21506,26007
115157,574,21819,25319
118932,590,22115,26661
118932,564,22051,26179
116306,567,22301,26262
116306,559,21893,25970
116843,550,22600,26488
116843,574,22513,26663
118635,547,22558,26375
118635,580,22487,26748
114696,554,21610,25448
114696,608,24090,28263
104937,572,22469,27005
104937,521,22980,26534
96334,580,23076,27549
96334,567,22910,27106
92532,535,22997,26872
92532,552,23040,27177
89891,549,23049,27017
89891,558,22933,27016
90841,553,22976,26836
90841,554,22978,27218
89649,576,23015,27479
89649,522,22845,26345
90841,590,23079,27666
90841,533,22940,26433
89875,566,22956,27489
89875,550,22807,26925
89633,547,23152,27121
89633,559,22823,26868
93694,571,24342,28317
93694,553,21390,25441
107056,574,22286,26299
107056,566,21631,25698
111804,556,22120,26092
111804,570,22024,26153
117247,580,22273,26783
117247,578,22088,26255
113898,587,20893,24797
113898,561,20633,24699
117488,555,21725,25667
117488,555,21725,25801
116064,577,22196,26226
116064,565,21499,25576
115879,558,21854,25745
115879,571,21954,26116
119172,587,22103,26699
119172,547,22212,25721
114620,588,21666,26213
114620,559,22086,26163
117487,548,22202,26026
117487,570,21940,26089
117269,567,22212,26184
117269,577,21667,25786
115638,550,21697,25589
115638,570,22023,26199
118931,560,22079,26010
118931,574,22027,26181
114674,588,21751,26239
114674,566,21816,25976
117269,551,22114,26035
117269,561,21960,26049
116787,565,22243,26252
116787,574,21357,25416
115660,549,21627,25541
115660,571,22052,26165
118954,559,22077,25997
118954,577,22198,26381
114696,568,21645,25612
114696,582,21893,26595
117510,558,22112,26073
117510,567,22401,26487
117028,558,22629,26559
117028,572,21820,25836
115660,553,22316,26335
115660,569,22499,26563
118473,560,22618,26605
118473,575,22672,26770
114455,593,21966,26562
114455,564,22170,26259
117991,553,22521,26469
117991,551,22342,26367
116546,573,22541,26610
116546,565,21702,25707
115879,550,22209,26113
115879,570,22088,26202
118932,555,22497,26465
118932,581,22805,26947
114675,568,22188,26143
114675,552,22507,26585
117751,586,22707,27259
117751,569,22342,26469
117566,560,22474,26426
117566,570,21910,25867
115879,547,22232,26183
115879,573,22527,26704
119229,561,22438,26374
119229,574,22595,26656
114674,571,21877,25891
114674,554,22316,26395
117510,588,22433,27028
117510,561,21993,26039
116787,561,22097,26089
116787,581,21346,25533
116120,537,21573,25418
116120,573,21933,26051
119173,553,22135,26004
119173,583,22285,26493
114620,565,21642,25575
114620,557,22141,26186
118210,596,22057,26738
118210,556,21945,26025
117247,559,22316,26229
117247,566,21601,25622
116602,546,21821,25812
116602,569,21983,26066
119173,557,22186,26165
119173,574,22175,26201
114916,572,21798,25812
114916,555,22050,26177
117992,563,22340,26273
117992,584,22061,26722
116524,564,22330,26326
116524,575,21547,25682
115824,546,21715,25664
115824,566,21901,25940
118690,557,22070,26046
118690,575,22178,26297
114860,567,21580,25495
114860,555,21490,25532
117751,565,22111,26068
117751,559,21754,25920
117487,601,22091,26767
117487,572,21294,25321
115639,541,21451,25308
115639,581,21817,26059
118714,546,22081,25966
118714,574,22215,26268
115343,570,21911,25946
115343,553,21364,25414
116787,561,22083,25988
116787,565,22095,26235
118210,593,22061,26627
118210,550,21589,25092
115419,574,21517,26078
115419,568,22023,26105
118714,554,22087,26038
118714,558,22092,26081
116065,569,22201,26265
116065,552,21799,25893
116383,562,22216,26108
116383,570,22070,26209
119173,553,22049,25995
119173,581,22206,26316
114696,592,21728,26337
114696,563,22167,26299
117750,554,22148,26072
117750,548,21996,26002
116305,568,22237,26235
116305,568,21422,25416
115638,552,21724,25734
115638,570,22058,26200
119173,557,22136,26093
119173,573,22379,26451
115397,591,21623,26167
115397,533,21819,25989
117807,587,22091,26045
117807,558,21951,25970
117028,562,22102,26122
117028,574,21790,25871
115397,543,21522,25409
115397,571,21997,26182
118473,561,22056,25900
118473,564,22006,26094
116065,572,22131,26196
116065,587,21676,26308
116305,548,21587,25546
116305,572,21956,26119
118635,545,22247,26120
118635,581,22067,26290
114861,558,21641,25517
114861,555,21924,26057
117268,562,22189,26029
117268,559,21818,25945
117212,572,22046,26081
117212,572,21328,25434
115584,579,21527,26106
115584,571,21933,26069
118932,549,22048,25959
118932,574,22145,26309
115824,555,21891,25718
115824,562,21723,25898
117084,560,22043,25929
117084,565,21835,25908
118450,562,22229,26179
118450,579,21693,25879
115857,585,21499,26019
115857,570,23630,27151
105177,570,22046,26551
105177,551,22790,26908
96817,551,22799,26768
96817,553,22833,26838
92774,545,22857,26871
92774,550,22869,26919
90116,551,22927,26914
90116,567,22965,27104
91324,555,22775,26705
91324,549,22966,27113
89875,565,23026,27510
89875,557,22961,27054
90841,550,22714,26697
90841,565,23020,27194
89890,535,22976,26899
89890,552,22730,26844
89407,550,22944,26839
89407,562,22782,26914
93740,571,23947,27893
93740,554,21066,25170
107056,573,22510,26499
107056,561,21746,25833
112286,577,21892,26399
112286,576,22006,26202
117269,545,22119,25972
117269,575,22392,26501
114916,560,21705,25588
114916,557,21899,26080
116787,563,22128,25993
116787,562,21907,26018
116547,571,22285,26303
116547,571,21568,25659
115178,578,21851,26444
115178,571,21961,26080
117991,545,22060,25871
117991,583,21967,26212
115102,558,21829,25729
115102,554,21766,25848
116787,560,22198,26072
116787,561,22047,26174
116787,572,22347,26343
116787,573,21688,25834
115102,575,21952,26468
115102,568,22075,26191
118232,641,21662,25650
118232,571,21129,25183
113973,656,21947,25908
113973,570,20843,24886
118232,562,21991,25966
118232,563,22178,26221
115583,571,22273,26324
115583,582,21932,26557
116065,562,22440,26475
116065,569,22008,26145
118153,540,22198,26041
118153,581,22091,26233
114379,555,21394,25340
114379,569,22245,26405
118451,553,22005,25979
118451,550,22142,26075
116547,575,22482,26579
116547,559,21753,25779
116121,554,22281,26263
116121,598,22317,27001
118394,554,22266,26269
118394,575,22393,26518
114861,558,21790,25722
114861,562,21938,26049
117268,558,22311,26162
117268,562,22067,26216
116787,570,21862,25854
116787,575,21559,25631
115363,550,22030,26001
115363,568,22165,26233
118875,585,22679,27274
118875,577,22849,27026
114861,556,21922,25792
114861,559,21847,25981
117729,554,22401,26321
117729,561,22151,26246
117729,567,22407,26320
117729,576,21695,25872
115639,547,21719,25602
115639,571,22046,26189
118933,559,22284,26248
118933,575,22156,26308
115342,592,21735,26302
115342,561,21696,25779
116787,548,22166,26084
116787,564,21972,26019
116972,564,22088,26119
116972,576,21495,25530
115398,547,21802,25798
115398,583,22989,27071
118394,559,22506,26491
118394,577,22629,26759
114434,588,21771,26286
114434,562,22353,26527
117510,550,22673,26547
117510,560,22432,26501
116546,565,22635,26690
116546,574,21679,25765
115879,546,21773,25653
115879,570,22088,26203
118691,559,22194,26115
118691,574,22425,26549
115156,590,21856,26414
115156,531,21713,25203
117083,583,22196,26724
117083,570,22078,26200
118450,548,22292,26121
118450,582,21529,25711
115638,555,21755,25669
115638,573,22128,26304
119173,561,22663,26589
119173,578,22546,26625
114434,569,21932,25887
114434,559,21523,25624
118024,588,22080,26687
118691,544,22396,26123
118691,588,22411,26755
115639,557,21950,25779
115639,566,21990,26311
117084,553,22452,26307
117084,568,22250,26441
118932,565,22621,26528
118932,580,22478,26615
115398,559,21999,26084
115398,569,22406,26386
118288,562,22273,26404
118288,584,22240,26756
116306,554,22492,26183
116306,566,22000,26333
116064,555,22090,25912
116064,570,22137,26446
118450,547,22396,26172
118450,586,22534,26820
114139,560,22120,26024
114139,562,22235,26363
117728,586,22406,26963
117728,560,22246,26373
116065,558,22518,26476
116065,571,21846,25894
115583,540,22090,25953
115583,579,22208,26511
118691,551,22247,26128
118691,574,22173,26329
115102,569,21494,25372
115102,554,21948,26085
117509,591,22415,26990
117509,561,22085,26166
116788,561,22288,26287
116788,577,21525,25641
115639,541,21937,25825
115639,567,21944,26020
118932,557,22314,26263
118932,570,22095,26117
115824,569,21555,25651
115824,553,21377,25366
117268,565,22138,26156
117268,562,21949,26050
117488,589,22121,26663
117488,580,21641,25820
115102,540,21614,25444
115102,575,22206,26344
118450,550,22221,26151
118450,568,22060,26108
115584,572,21760,25780
115584,556,21664,25778
116865,564,22303,26213
116865,565,21991,26083
118451,585,22509,27108
118451,549,22268,25785
114937,584,22129,26610
114937,565,22365,26512
117750,551,22255,26152
117750,553,22376,26443
116547,570,22678,26709
116547,562,21772,25793
116362,557,21886,25759
116362,571,22174,26425
118656,587,22247,26804
118656,543,22208,25670
114696,592,21630,26216
114696,564,22123,26245
115660,589,23911,27848
115660,557,22008,26129
99473,532,22859,26665
99473,551,22922,27123
94419,558,22933,26858
94419,561,22943,27057
92048,543,22977,26886
92048,549,23042,27191
89934,584,23007,27602
89934,561,23016,27147
91099,542,22784,26618
91099,556,23082,27210
89934,538,22981,26949
89934,547,22830,26849
90374,558,22975,26997
90374,563,22854,26921
90132,546,22944,26868
90132,548,22985,27104
89208,585,23062,27704
89208,573,24191,28279
100631,569,21453,25439
100631,558,21295,25341
110432,556,22172,26138
110432,575,21985,26150
116065,540,22139,25918
116065,584,22198,26486
113973,562,21735,25738
113973,559,22028,26048
117269,563,22113,26063
117269,552,21974,26028
116546,576,22467,26507
116546,562,21658,25789
115660,579,22173,26683
115660,573,22590,26754
118714,549,22733,26614
118714,572,22620,26749
115343,559,21950,25870
115343,554,21497,25587
116305,563,22272,26168
116305,565,22223,26373
117247,567,22320,26296
117247,574,21971,26071
115157,580,21816,26412
115157,571,22271,26407
118692,543,22316,26150
118692,575,22323,26488
115583,562,22039,25932
115583,558,21902,26057
116787,558,22323,26250
116787,565,22169,26263
118415,587,22372,26868
118415,549,22029,25594
115178,580,21773,26227
115178,539,21944,25539
118232,581,22161,26652
118232,565,22150,26230
115584,567,21850,25900
115584,552,21648,25642
116546,559,22274,26246
116546,566,22219,26308
118932,552,22143,26021
118932,584,22497,26664
115157,597,21544,26131
115157,531,22514,25965
118451,586,22705,27295
118451,551,22408,26409
116065,570,22967,26969
116065,557,22107,26196
116120,557,22571,26503
116120,568,22312,26503
118394,550,22598,26387
118394,580,22675,26933
114675,564,22061,26044
114675,557,22503,26560
117510,594,22608,27232
117510,556,22287,26319
116546,563,22745,26790
116546,568,21874,25852
116120,543,21797,25744
116120,578,22057,26252
119172,550,22314,26191
119172,573,22152,26265
115638,570,22055,26016
115638,555,21898,25963
117325,562,22360,26329
117325,562,22250,26384
117807,592,22495,27034
117807,579,21890,26021
116175,545,21597,25467
116175,576,22235,26443
118232,552,22343,26262
118232,567,22088,26154
115824,569,21864,25881
115824,553,21378,25446
116843,562,22378,26275
116843,568,22156,26303
118714,571,22408,26824
118714,588,22404,26701
115178,559,21980,25895
115178,566,22325,26447
118288,553,22193,26142
118288,554,22059,26139
116787,568,22635,26571
116787,567,21813,25908
115660,555,22105,26056
115660,569,22271,26375
118473,561,22385,26344
118473,574,22437,26575
114937,593,21974,26528
114937,555,21873,25956
117566,556,22383,26342
117566,562,22046,26140
117728,560,22211,26166
117728,574,21754,25877
115879,549,21828,25771
115879,567,22082,26131
118691,559,22169,26097
118691,569,22230,26360
116361,598,21947,26538
116361,527,21588,25068
116547,585,22349,26884
116547,571,21888,26049
118691,536,22246,25973
118691,590,22333,26657
115157,554,22125,25959
115157,566,22470,26573
118451,561,22314,26290
118451,557,22135,26158
116306,574,22517,26580
116306,586,21589,26307
116843,550,22379,26263
116843,577,22162,26396
118932,540,22382,26190
118932,584,22345,26596
115157,555,21872,25743
115157,563,22351,26495
117991,560,22269,26210
117991,552,22239,26359
116306,578,22629,26598
116306,553,21399,25434
116362,592,22342,26940
116362,543,22163,25664
118691,580,22095,26570
118691,580,22329,26578
114696,559,21732,25624
114696,554,21958,25996
117268,559,22211,26216
117268,556,22113,26130
116788,572,22438,26458
116788,573,21853,25954
115660,550,21851,25759
115660,566,22021,26146
118954,587,22157,26777
118954,563,22213,26257
116121,564,21785,25755
116121,561,21658,25809
117325,553,22208,26171
117325,559,21998,26001
118692,555,22182,25981
118692,581,22315,26610
114696,574,22114,26029
114696,570,21108,25238
117991,589,22206,26766
117991,528,22065,25566
116306,589,22559,27118
116306,568,21708,25767
116120,543,22299,26244
116120,572,22067,26195
118691,553,22306,26188
118691,575,22396,26547
115398,567,21898,25801
115398,556,22021,26178
117566,560,22243,26851
117566,594,22224,26256
116602,556,22256,26205
116602,577,21461,25599
115901,537,21696,25598
115901,572,22079,26205
118714,552,22196,26088
118714,575,22174,26341
115178,567,21681,25605
115178,557,21585,25609
117084,565,22206,26195
117084,558,22072,26184
117028,598,22382,26991
117028,571,21431,25475
114268,581,23386,27277
114268,558,22098,26305
99473,545,23164,27101
99473,559,22944,26992
93982,552,23058,26977
93982,552,22629,26732
90901,542,23161,27092
90901,568,23021,27181
91324,582,22978,27565
91324,532,22979,26473
90175,569,23200,27772
90175,545,23053,27126
89166,548,23360,27291
89166,563,22972,27100
90374,551,23169,27141
90374,551,23139,27177
89165,541,23282,27132
89165,571,23099,27370
90857,554,23017,26904
90857,577,24201,28326
103699,585,21941,26526
103699,575,22339,26512
109636,561,22177,26095
109636,555,21736,25808
114696,556,22340,26307
114696,565,21948,25989
116547,560,22210,26091
116547,576,21572,25772
114455,547,21721,25579
114455,569,21972,26164
117991,585,22382,26934
117991,568,22159,26241
115102,562,21723,25671
115102,559,21613,25716
116546,558,22355,26358
116546,568,22232,26353
118450,544,22348,26057
118450,581,22463,26755
114675,553,21955,25917
114675,568,22289,26358
117991,591,22690,27280
117991,523,22514,25952
116305,596,22953,27594
116305,559,22159,26092
115879,557,22459,26521
115879,569,22494,26621
118932,545,22717,26623
118932,574,22581,26633
114696,569,22011,26037
114696,553,22526,26524
117509,561,22600,26571
117509,553,22448,26597
116547,603,22577,27211
116547,574,21986,26029
115419,548,22124,26120
115419,565,22485,26524
118932,549,22545,26463
118932,576,22643,26776
115639,564,22118,26044
115639,553,22051,26141
117028,562,22757,26717
117028,564,22513,26583
117750,589,22365,26949
117750,552,21603,25090
115178,567,21683,26137
115178,580,21915,26203
118692,546,22222,26109
118692,560,22235,26206
115639,569,21753,25749
115639,554,21552,25689
116602,560,22106,25999
116602,566,22049,26193
118635,576,22162,26597
118635,558,22256,25965
114937,580,21278,25681
114937,579,21970,26198
118232,552,22044,26007
118232,565,21991,26028
115880,561,21622,25564
115880,555,21486,25600
117084,562,22172,26114
117084,565,21847,25973
118451,560,22289,26784
118451,576,22144,25637
114937,586,22026,26582
114937,536,22152,25689
118472,579,22199,26713
118472,551,21926,25923
116065,567,22334,26345
116065,551,21475,25489
116844,564,22132,26218
116844,565,22029,26069
118692,551,22230,26169
118692,580,22294,26387
114455,560,21726,25800
114455,566,22245,26272
117750,586,22260,26859
117750,552,22008,26009
115824,570,22484,26529
115824,554,21542,25521
116065,557,22080,26174
116065,572,21990,26077
118955,549,22266,26151
118955,579,22431,26581
114641,570,21810,25782
114641,554,22268,26356
117509,561,22273,26222
117509,589,22225,26889
117028,562,22152,26189
117028,577,21425,25580
115343,539,21786,25669
115343,572,22244,26371
118691,550,22181,25993
118691,574,22228,26351
115562,568,21830,25872
115562,552,21896,25958
117028,563,22268,26214
117028,561,22099,26844
117488,586,22079,26027
117488,581,21576,25703
115638,542,21455,25412
115638,571,22150,26278
118393,547,22152,26012
118393,575,22297,26462
115343,568,21765,25699
115343,554,21460,25556
117028,562,22007,25960
117028,557,22076,26128
117728,595,22376,27004
117728,550,21598,25108
115343,568,21787,26302
115343,571,22167,26294
118714,552,22187,26114
118714,566,22277,26258
115824,571,21708,25821
115824,552,21135,25093
117269,563,22473,26504
117269,565,22407,26498
117510,587,22593,27127
117510,551,21720,25273
115419,575,21801,26317
115419,570,22189,26311
118529,543,22255,26078
118529,575,22008,26159
116121,570,21639,25687
116121,554,21342,25421
116787,560,22213,26103
116787,567,21969,26124
118713,582,22271,26783
118713,547,22507,26050
115178,588,22102,26606
115178,534,22409,25918
117510,584,22367,26921
117510,553,22330,26383
117028,564,22323,26275
117028,573,21412,25548
116120,548,21807,25681
116120,568,22400,26568
118932,556,22468,26338
118932,577,22637,26814
115157,567,21756,25728
115157,553,22321,26394
117325,577,22430,26929
117325,571,22200,26409
116787,555,22456,26343
116787,572,21802,25917
115638,546,21770,25715
115638,571,22090,26244
118691,559,22240,26189
118691,573,22283,26409
114433,566,21827,25746
114433,553,21939,25991
116787,592,22419,27052
116787,559,22189,26236
117486,564,22160,26197
117486,568,21602,25620
115638,549,22036,26030
115638,563,22101,26146
118931,558,22280,26235
118931,570,22266,26247
115342,571,22313,26444
115342,551,21799,25831
117061,594,22365,26981
117061,561,22207,26236
118428,546,22436,26275
118428,589,22327,26618
113710,571,23431,27315
113710,554,22825,26869
99889,559,23115,27117
99889,559,23002,27123
93723,546,22908,26925
93723,546,22994,26988
90357,557,23171,27181
90357,556,22977,27093
91324,581,22997,27604
91324,550,22930,27011
89874,535,23131,27051
89874,553,22999,27123
90116,545,23143,27088
90116,562,22986,27015
90357,545,23333,27257
90357,552,23389,27550
89450,545,23421,27327
89450,569,23068,27211
90374,588,22913,27555
90374,1094,18578,22638
78983,1315,9361,13493
78983,951,12266,16420
72004,789,17218,21118
72004,717,14508,18886
71277,501,2945,7082
71277,528,2331,6488
70353,513,2274,6321
70353,514,2181,6239
70110,505,2305,6325
70110,516,2140,6207
69867,511,2289,6331
69867,515,2162,6222
69625,528,1959,6122
69625,515,2090,6156
69625,511,2092,6122
69625,521,2294,6376
69660,504,2173,6181
69660,517,2109,6194
69660,506,2187,6194
69660,521,2345,6431
69660,530,2200,6378
69660,514,2175,6239
69671,507,2262,6277
69671,517,2262,6331
69671,509,2034,6075
69671,513,2237,6277
69383,509,2300,6325
69383,518,2229,6302
69394,529,2141,6312
69394,494,2085,6168
69417,531,2326,6342
69417,517,2106,6181
69417,503,2165,6173
69417,518,2144,6228
69417,508,2299,6305
69417,521,2382,6444
60980,538,2340,6541
60980,514,2385,6450
55457,512,2366,6403
55457,514,2352,6414
53268,507,2401,6428
53268,518,2370,6415
52545,510,2472,6501
52545,517,2406,6476
52051,531,2402,6582
52051,514,2370,6425
52051,508,2451,6472
52051,522,2286,6377
52051,504,2382,6382
52051,519,2193,6278
51808,507,2248,6261
51808,519,2416,6494
51808,528,2415,6579
51808,517,2348,6425
51808,509,2490,6511
51808,517,2354,6420
51808,506,2383,6409
51808,515,2180,6238
51808,513,2221,6264
51808,515,2288,6343
51808,529,2088,6261
51808,515,2090,6156
51808,507,2089,6121
51808,517,1933,6003
51808,505,1927,5953
51808,514,2085,6139
51808,505,2064,6080
51808,520,2005,6097
51808,532,1938,6108
51808,515,2045,6113
51808,507,2037,6065
51808,513,2135,6175
51808,506,2307,6342
51808,517,2182,6253
51808,510,2150,6182
51808,512,2088,6138
51808,532,2114,6300
51808,517,2083,6154
51808,503,2040,6044
51808,519,2096,6175
51808,505,1935,5959
51808,518,2068,6132
51808,504,2028,6048
51808,517,2082,6155
51808,532,2014,6198
51808,517,2016,6074
51808,505,2160,6171
51808,520,2205,6284
51808,515,2270,6318
51808,513,2179,6213
49870,505,1942,5966
49870,516,2178,6249
49139,530,2186,6355
49139,519,2070,6156
48921,506,2156,6174
48921,521,2416,6499
48921,503,2346,6352
48921,513,2193,6228
48928,515,2222,6294
48928,517,2237,6312
48678,506,2304,6478
48921,532,2337,6386
48921,519,2192,6239
48921,503,2108,6125
48921,519,2004,6075
48678,510,2253,6304
48678,514,2353,6405
48678,518,2374,6461
48678,506,2278,6278
48678,524,2339,6480
48678,524,2238,6348
48678,504,2167,6187
48678,517,2188,6260
48678,521,2045,6163
48678,500,2086,6053
48678,508,2208,6237
48678,515,2279,6347
48678,523,2216,6348
48678,523,2230,6340
48678,504,2157,6174
48678,515,2264,6333
48678,499,2296,6424
48678,522,2255,6209
48678,527,2380,6541
48678,492,2302,6367
48678,526,2288,6290
48678,521,2259,6362
48678,506,2166,6184
48678,519,2199,6277
48678,507,2155,6167
48678,519,2099,6176
48653,504,2105,6267
48653,517,2068,5990
48653,526,2282,6417
48653,522,2244,6352
48653,506,2204,6223
48653,514,2230,6280
48653,503,2203,6206
48653,524,2326,6428
48685,506,2227,6248
48685,516,2320,6380
48678,524,2136,6274
48678,497,2777,12001
33649,508,2173,13865
33649,520,2179,13972
26363,521,2398,14223
26363,505,2297,13858
23682,521,2214,14052
23682,524,2220,14064
22462,498,2324,13873
22462,528,2391,14233
22227,519,2209,14040
22227,501,2095,13652
21982,515,2269,14008
21982,513,2411,14048
21982,518,2300,14102
21982,528,2233,14126
21982,511,2156,13856
21982,513,2136,13804
21738,499,2120,13687
21738,524,2003,13823
21738,511,2230,13949
21738,511,2239,13904
