nvml:nvidia_geforce_gtx_970_0,rapl:ram,rapl:cores,rapl:pkg
21744,651,4278,14835
21744,514,2072,13871
21744,531,2044,14029
21744,508,1869,13548
21744,508,1783,13486
21744,498,1814,13409
21744,514,1808,13605
21744,506,1853,13515
21744,505,1813,13518
21744,509,1899,13599
21744,525,1845,13779
21744,511,1869,13606
21744,505,1861,13540
21744,504,1878,13555
21744,506,1808,13524
21744,508,1836,13558
21744,501,1848,13490
21744,507,1819,13538
18084,509,1908,13659
18084,528,1958,13861
18084,505,1809,13491
18084,505,1861,13573
18084,503,1808,13486
18084,510,1988,13677
18084,503,1891,13543
18084,533,1914,13810
18084,515,1914,13686
18084,509,1859,13570
18084,502,1835,13512
18084,509,1828,13528
18084,505,1875,13568
18084,501,1886,13509
18084,511,1791,13551
18084,506,1813,13521
18084,528,1871,13849
18084,505,1875,13535
18084,505,1853,13554
18084,509,1795,13533
18084,497,1846,13432
18084,512,1899,13622
18084,505,1834,13527
18084,528,1858,13842
18084,505,1865,13549
18084,508,1912,13594
18084,506,1958,13648
18084,508,1776,13489
18084,503,1893,13562
18084,507,1853,13523
18084,506,1815,13510
18084,508,1877,13579
18084,530,1820,13825
18084,505,1857,13519
18084,507,1883,13573
18084,509,1894,13591
18084,506,1852,13539
18084,507,1884,13554
18084,504,1761,13447
18084,506,1861,13557
17846,514,1772,13586
17846,521,1794,13641
17846,505,1638,13335
17846,505,1884,13582
17846,507,1777,13482
17846,510,1899,13606
17846,505,1750,13429
17846,503,1895,13564
17846,520,1795,13681
17846,512,1897,13659
17846,505,1781,13468
17846,506,1903,13611
17846,510,2056,13753
17846,515,1968,13649
17846,503,1855,13530
17846,532,2015,13987
17846,507,1799,13503
17846,505,1833,13470
17846,508,1661,13387
17846,507,1646,13368
18090,508,1628,13371
18090,504,1785,13408
18090,505,1627,13322
18090,508,1711,13429
18090,503,1678,13356
18090,528,1803,13736
18090,505,1895,13576
18090,508,1753,13484
18090,503,1706,13370
18090,512,1856,13556
18090,504,1717,13377
18090,531,1894,13902
18090,506,1779,13476
18090,505,1916,13589
18090,505,1796,13494
18090,510,1810,13543
18090,502,1794,13463
18090,509,1883,13607
18090,503,1803,13476
18090,525,1764,13709
17840,492,1799,13321
17840,523,1836,13716
17840,503,1774,13455
17840,507,1761,13458
17840,504,1779,13467
17840,507,1804,13494
17840,503,1806,13490
17840,530,1745,13734
17840,519,1775,13444
17840,504,1817,13445
17840,513,1661,13419
17840,508,1624,13292
17840,508,1846,13557
17840,512,1861,13539
17840,505,1787,13480
17840,508,1761,13765
17840,529,1905,13583
17840,507,1748,13444
17840,503,1813,13476
17840,506,1782,13493
17840,513,1863,13663
17840,519,1900,13672
17840,489,1760,13259
17840,526,1811,13758
17840,507,1802,13522
17840,507,1998,13673
17840,508,1821,13529
17840,506,1876,13576
17840,502,1801,13441
17840,509,1949,13659
17840,506,1772,13448
17840,531,1771,13780
17840,503,1706,13373
17840,509,1862,13581
17840,504,1865,13527
17840,578,4844,16591
17840,550,16983,28551
17840,519,2074,13866
17840,506,1947,13629
17840,527,1846,13817
18090,491,1827,13360
18090,519,1852,13646
18090,512,1839,13583
18090,508,1875,13594
18090,504,1778,13454
18090,509,1885,13594
18090,506,1891,13603
18090,505,1736,13441
18090,505,1752,13444
18090,522,1851,13732
18090,510,1890,13612
18090,509,1943,13663
18090,504,1962,13649
18090,509,1840,13562
18090,500,1877,13507
18090,533,1942,13924
18090,507,1966,13682
18090,510,1892,13581
18090,505,1803,13509
18090,503,1807,13460
17602,516,1813,13638
17602,498,1895,13450
17602,578,6089,17953
17602,618,20328,31572
17602,606,21101,32754
17602,873,19152,30981
17602,750,18418,30827
17602,556,20458,31437
17602,707,19159,31604
17602,869,14885,26545
17602,793,10726,22285
17602,698,24898,36027
17602,614,50036,61718
17602,653,30856,43234
17602,794,18855,30497
17602,655,20206,32030
17602,657,20097,31671
17602,644,19997,31741
17602,960,18308,30705
17602,712,13907,25745
17329,663,19603,30815
17329,649,20197,32388
17329,625,20267,31919
17329,652,19894,31536
17329,1269,12686,24963
17329,626,14716,25955
17329,607,19987,31631
17329,689,20050,31744
17329,642,19804,31537
17329,673,20302,32744
17329,601,20049,31708
17329,582,20440,32100
17329,582,22093,33763
17329,589,22092,33779
17329,1391,21469,33623
17329,1298,10730,23087
20748,737,20164,30168
20748,976,20037,24771
37751,919,19597,23717
37751,924,19438,23150
44540,1082,19182,23766
44540,1047,19595,23879
47194,1039,19682,23739
47194,919,19779,24145
48166,932,19773,23735
48166,828,19452,23750
48410,1175,18440,22631
48410,1846,13660,18204
48921,1175,15795,19945
48921,1328,17654,22085
48896,747,20273,24209
48896,1464,11477,16280
48678,642,11830,15840
48678,613,18892,22530
48646,629,19661,24084
48646,609,19915,24108
48621,587,20635,24494
48621,704,22368,26522
48621,916,19581,23662
48621,934,19255,23473
48889,964,19794,24228
48889,948,19298,23662
48896,1226,20456,24590
48896,1013,19542,23874
48896,938,20102,23649
48896,1054,19379,24174
51295,729,20623,24542
51295,929,19708,23941
49863,951,19660,23777
49863,945,19298,23408
49139,1051,19623,24064
49139,994,19745,23556
57580,881,19338,23816
57580,989,19329,23265
69383,624,18933,23414
69383,675,18225,22350
91929,655,18746,22544
91929,698,18389,22671
104319,667,17916,21859
104319,684,18246,22522
126637,676,17241,21165
126637,686,15725,20013
138490,674,14318,18247
138490,688,13785,17822
142242,720,14027,18515
142242,689,13815,17933
143685,679,13944,18012
143685,676,13973,18105
144379,673,14172,18143
144379,691,11311,15410
143033,679,7162,11292
143033,673,5457,9707
140199,726,4778,8806
140199,702,4623,8747
139304,691,4669,8736
139304,680,4649,8680
139786,710,7959,12058
139786,696,12130,16324
143230,660,12404,16368
143230,706,12101,16362
143684,662,18080,22020
143684,673,17759,21799
144576,689,16658,20757
144576,677,16801,21005
144746,668,16749,20722
144746,680,16200,20338
145920,676,17397,21351
145920,672,16746,20744
146230,722,15028,19516
146230,666,7820,11829
144405,680,7673,11763
144405,683,7641,11714
142603,694,6825,11035
142603,691,5591,9684
140439,656,5349,9335
140439,704,4560,8730
140199,705,4671,8797
140199,709,4280,8426
135545,675,3742,7800
135545,705,3752,7847
134035,694,4223,8178
134035,709,5191,9391
137404,665,5191,9225
137404,678,4600,8791
136924,702,4400,8384
136924,686,4509,8504
137164,701,4533,8748
137164,685,4507,8550
139063,682,5268,9235
139063,690,12050,16133
143031,678,18582,22546
143031,671,18165,22135
144644,710,16541,21105
144644,684,12455,16590
143710,672,6587,10633
143710,689,6010,10155
142989,665,5824,9772
142989,691,4653,8818
139304,697,4362,8513
139304,676,6439,10490
142337,668,6512,10520
142337,691,5502,9578
141161,674,5442,9477
141161,704,5530,9810
141710,707,5597,9673
141710,689,5483,9621
141161,672,5789,9843
141161,657,6716,10608
142337,711,6943,11267
142337,650,6903,10740
143059,702,6900,11221
143059,676,6814,10849
142818,679,6880,10982
142818,696,7249,11416
143779,666,8664,12707
143779,672,8043,12075
144260,699,7512,11556
144260,699,6368,10630
140266,676,3983,8027
140266,667,4068,8063
137620,704,4004,8181
137620,686,3925,8047
137405,581,5290,9001
137405,938,17622,21675
103181,909,18667,22910
103181,647,20031,24067
86137,726,20279,24847
86137,714,16778,20390
105820,768,5948,10483
105820,715,3609,7586
103231,750,3727,7838
103231,713,4622,8631
109632,747,4742,8988
109632,694,4471,8448
107270,685,3767,7973
107270,685,3710,7793
121304,676,3751,7811
121304,686,3723,7795
131716,672,4983,9009
131716,692,5166,9331
136201,676,4938,8880
136201,688,4419,8531
137645,702,4478,8712
137645,669,4483,8480
137886,688,4434,8586
137886,675,5010,9045
141615,657,8492,12680
141615,702,8487,12571
143711,668,8432,12486
143711,672,8572,12663
144164,657,8077,12034
144164,692,6000,10203
142989,687,5270,9349
142989,675,4738,8710
139304,694,3684,7856
139304,693,3382,7502
134341,684,3408,7458
134341,670,3421,7426
135063,675,4090,8158
135063,672,4030,8133
136201,702,4142,8353
136201,690,4100,8216
137138,684,4174,8226
137138,680,4116,8225
136923,688,4213,8258
136923,674,4153,8137
136683,692,4108,8256
136683,685,4074,8149
136924,683,4081,8281
136924,651,4126,7976
138193,709,4649,8944
138193,667,4892,9004
139330,673,4913,8930
139330,680,4864,8941
141229,681,4734,8874
141229,643,4239,8161
139785,729,4436,8657
139785,665,4255,8318
139089,673,4318,8350
139089,669,4248,8298
138648,680,4374,8481
138648,674,4515,8547
141161,682,7715,12004
141161,677,8092,12162
143470,642,7820,11814
143470,690,8152,12304
143951,639,7727,11651
143951,686,8117,12258
144260,684,7845,11886
144260,674,8005,12080
144191,688,6849,11197
144191,649,6521,10536
143470,668,5826,9853
143470,676,5813,9931
145943,653,5889,9819
145943,684,5714,9950
145434,655,5857,9831
145434,669,5894,10025
145673,673,5515,9647
145673,686,4249,8435
143124,702,4346,8388
143124,684,4230,8411
142403,659,4181,8222
142403,681,4303,8388
142403,658,4261,8275
142403,670,4175,8275
141922,662,4299,8347
141922,680,4244,8338
141709,682,4230,8422
141709,646,4235,8187
140506,692,4185,8407
140506,681,3847,7959
137646,699,3878,7898
137646,685,3810,7944
136267,656,3782,7802
136267,679,3823,7910
136898,650,3764,7766
136898,691,3854,7998
136001,681,3810,7958
136001,684,3863,7971
136723,655,3752,7816
136723,650,3822,7743
136001,680,3819,7981
136001,690,3819,7932
136482,650,3788,7815
136482,763,4275,8406
135304,779,4439,8507
135304,690,4063,8243
124094,728,14460,18234
124094,726,8184,12513
118226,878,5303,9520
118226,690,6678,10526
115814,724,4417,8718
115814,674,3549,7501
107995,690,3558,7623
107995,652,3414,7500
109444,711,3385,7598
109444,633,4941,8849
128913,662,5844,9910
128913,667,5976,10076
138367,683,6041,10269
138367,654,4502,8537
134125,705,3513,7548
134125,662,3325,7368
132262,684,3393,7539
132262,647,3994,7922
136267,694,4088,8334
136267,661,3982,8112
138582,643,4342,8316
138582,671,4620,8774
139571,660,4663,8720
139571,659,4541,8637
140680,646,4563,8541
140680,681,5284,9542
142818,638,5401,9331
142818,666,4887,9043
141642,641,4853,8828
141642,669,4914,9071
142123,643,4918,8933
142123,655,4899,9003
140747,669,4539,8649
140747,685,4261,8486
140748,640,4180,8135
140748,664,4230,8344
140266,675,4233,8419
140266,632,4212,8142
139785,676,4180,8367
139785,672,4233,8373
139329,643,4196,8196
139329,671,4235,8381
139570,637,4288,8251
139570,668,4261,8340
139330,659,4262,8334
139330,671,4236,8374
139544,672,4223,8407
139544,638,4149,8100
139329,657,4240,8329
139329,668,4214,8331
139544,666,4280,8421
139544,668,4271,8402
139330,645,4233,8231
139330,662,4185,8282
139570,649,4283,8330
139570,677,4378,8558
141401,634,6700,10655
141401,667,6583,10673
143085,672,6254,10479
143085,641,5474,9450
143538,659,5556,9640
143538,660,4823,8910
142886,651,4627,8618
142886,669,4577,8700
142337,667,4639,8831
142337,631,4576,8495
141469,688,4650,8900
141469,649,4517,8520
141402,662,4605,8669
141402,681,4407,8628
140507,653,4181,8227
140507,666,4179,8229
139303,666,4273,8420
139303,644,4809,8760
142337,645,4953,8955
142337,662,3865,7990
135063,683,3348,7525
135063,656,3312,7295
133098,673,3320,7433
133098,677,3296,7392
130537,665,3289,7356
130537,664,3246,7264
131236,659,3330,7357
131236,669,8073,12189
141228,652,9042,13093
141228,680,6986,11278
144020,650,6693,10692
144020,655,6231,10317
145125,640,6458,10473
145125,670,6458,10614
144741,647,6426,10432
144741,643,6357,10418
145392,662,6400,10497
145392,656,6467,10509
144912,678,6459,10779
144912,643,5275,9244
143711,659,5380,9524
143711,653,5507,9542
144019,654,5411,9478
144019,660,5491,9531
137646,673,4822,9035
137646,730,9907,13712
125298,724,7661,12027
125298,716,3970,8107
115166,677,3978,7960
115166,725,3974,8148
112268,701,3953,8016
112268,696,3938,8003
111061,662,3819,7883
111061,701,3895,8019
124153,638,3661,7629
124153,682,3709,7856
129636,662,3479,7547
130116,663,3286,7351
130116,686,3321,7393
130358,659,3234,7338
130358,688,3251,7432
130574,658,3325,7294
130574,691,3341,7518
131539,643,3298,7252
131539,689,3308,7465
131539,668,6369,10505
139718,630,9051,12961
139718,661,8304,12475
142363,652,4794,8849
142363,660,4608,8680
143538,689,4660,8923
142577,632,4555,8487
142577,687,4580,8818
142577,654,4528,8577
141883,655,4579,8677
142844,647,4630,8572
142844,668,4602,8732
142364,678,4539,8769
142364,645,4576,8522
142818,645,4584,8620
142818,661,4592,8660
142672,665,4633,8738
142672,693,4596,8868
142404,651,4460,8547
142404,657,4193,8259
140747,654,4108,8129
140747,648,4105,8102
139544,681,3999,8185
139544,644,3608,7568
135811,673,3608,7766
135811,673,3694,7804
136507,648,3804,7823
136507,649,4276,8352
140440,652,6247,10305
140440,673,6419,10630
143058,659,5455,9530
143058,656,4518,8597
142603,641,4467,8496
142603,668,4458,8588
141883,644,4570,8608
141883,654,4570,8623
142844,664,4600,8670
142844,664,4535,8657
142577,686,4575,8794
142577,654,4410,8457
141642,657,4501,8605
141642,647,4547,8543
142604,668,4632,8711
142604,658,4603,8692
141883,649,4521,8568
141883,663,4448,8534
142123,671,4434,8622
142123,669,4084,8179
140266,654,4103,8128
140266,661,4054,8106
140025,664,4133,8228
140025,659,4132,8187
139545,681,4108,8340
139545,660,4062,8160
138849,656,4083,8139
138849,670,4163,8242
139329,654,4101,8155
139329,663,4803,8871
141228,655,4883,8923
141228,647,4912,8928
143299,660,4941,9020
143299,671,4872,9008
143126,674,4906,9135
143126,635,4943,8832
143538,663,4944,9155
143538,630,4968,8889
142604,686,4924,9203
142604,667,4844,8946
143298,643,4887,8926
143298,651,4782,8853
143058,659,4839,8890
143058,661,4886,8987
143298,654,4841,8874
143298,651,4881,8924
142844,670,4392,8579
142844,665,3749,7820
138674,670,3736,7848
138674,785,4438,8512
138674,676,3817,7953
138674,640,3883,7839
140266,694,4566,8795
140266,629,4758,8545
126082,843,13867,18110
126082,726,5506,9715
114924,700,3588,7689
114924,699,3569,7620
107994,672,3449,7437
107994,694,3425,7536
105578,692,3511,7590
105578,694,3448,7519
103714,672,3368,7525
103714,676,3395,7431
116373,677,3210,7367
116373,668,3305,7326
125141,649,3291,7442
125141,690,3273,7311
128913,676,3303,7375
128913,665,3268,7327
131539,652,3287,7295
131539,685,3285,7421
130752,692,3581,7596
130752,786,4487,8589
135544,686,3929,8146
135544,671,3893,7978
137405,655,3991,8032
137405,628,3917,7843
138341,660,3849,7927
138341,671,4720,8772
142096,660,7052,11225
142096,662,7147,11233
144740,649,7227,11242
144740,662,7054,11190
146326,676,6736,10947
146326,655,5954,10090
145125,644,6120,10160
145125,649,6127,10090
145916,658,6024,10167
145916,662,6045,10171
145633,643,6218,10181
145633,664,5918,10090
144672,643,6164,10173
144672,681,5486,9768
144191,648,5182,9211
144191,666,5125,9222
144019,651,4406,8477
144019,660,3816,7832
140025,676,3840,8003
140025,642,3902,7864
138822,678,3925,8099
138822,668,3909,8002
139063,671,3942,7990
139063,659,3792,7892
139303,652,3870,7920
139303,663,3893,7921
138582,656,3921,7983
138582,674,4006,8122
138101,664,3892,8000
138101,649,3953,8156
138823,676,3962,7972
138823,657,3885,7923
138649,668,3933,8024
138649,659,3863,7884
138582,664,3968,8078
138582,673,3900,7981
138367,662,3960,8031
138367,657,3945,8029
139089,650,3924,7979
139089,681,3894,8046
135785,672,3532,7628
135785,662,5103,9109
141161,651,6084,10153
141161,654,5318,9423
139063,690,3550,7761
139063,636,3579,7500
135479,690,3499,7713
135479,670,3568,7665
133643,651,3545,7509
133643,676,3508,7655
133644,657,3482,7500
133644,670,3489,7609
133226,663,3607,7638
133226,662,3522,7580
133226,682,3509,7663
133226,676,3441,7582
134164,673,3505,7601
134164,638,5557,9377
140921,663,7708,11962
140921,645,7655,11577
144672,660,7745,11964
144672,672,7533,11691
146327,640,7487,11484
146327,666,7767,11879
147048,640,7774,11788
147048,664,7685,11801
146808,658,6806,10974
146808,656,5446,9561
145222,656,5522,9573
145222,664,5342,9429
145152,633,5534,9530
145152,657,5445,9558
143298,676,4844,9009
143298,670,3214,7322
136482,652,3318,7222
136482,663,3991,8095
137404,680,4084,8243
137404,662,4025,8074
120617,696,5153,9205
120617,780,11995,16159
125298,712,9306,13405
125298,713,4112,8286
115593,687,3981,8008
115593,708,4012,8151
112289,676,4021,7961
112289,692,3923,8075
113718,696,3918,8111
113718,648,3664,7668
127745,673,3789,7903
127745,652,3791,7956
134035,682,3778,7773
134035,659,3754,7828
135785,653,3738,7777
135785,683,3774,7924
136417,638,3762,7767
136417,661,3899,7901
141161,671,7696,11952
141161,658,8438,12554
145606,629,8684,12564
145606,666,8380,12605
147288,629,7756,11651
147288,665,6992,11185
146568,648,5937,10066
146568,660,5100,9154
144671,653,5084,9188
144671,663,5115,9215
144672,671,5192,9439
144672,660,4614,8617
142577,641,3960,7908
142577,676,3920,8118
140025,665,3955,8055
140025,669,3927,7992
139544,651,3928,7970
139544,676,3895,8033
138582,654,3925,7933
138582,689,3921,8125
139718,651,3995,8059
139718,664,3844,7986
139063,650,4005,7977
139063,659,6801,10947
143779,645,7103,11103
143779,652,7085,11202
145606,649,7186,11278
145606,676,6886,11116
145943,651,6190,10224
145943,669,5982,10126
146664,626,6025,10012
146664,670,6144,10253
145462,652,6064,10116
145462,647,6046,10144
145943,651,6053,10091
145943,663,6204,10301
146636,649,6187,10201
146636,658,5841,9975
146326,666,6132,10360
146326,668,6143,10226
145462,660,6121,10249
145462,657,4841,8919
144981,639,4427,8424
144981,670,4376,8515
142817,668,4057,8146
142817,645,3854,7865
139129,668,3701,7788
139129,676,3482,7572
135570,652,3401,7415
135570,692,3470,7656
137471,649,4614,8634
137471,659,4835,8944
141228,656,4855,8875
141228,671,4202,8366
141402,647,4158,8184
141402,673,4200,8321
141229,651,4212,8248
141229,681,3813,8003
138367,662,3723,7795
138367,640,9621,13254
144741,667,13278,17750
144741,652,11861,15983
147741,638,11938,15950
147741,646,12024,16135
149351,650,12000,16004
149351,651,11941,16042
148828,635,11983,16019
148828,661,11807,15929
150071,653,11903,15959
150071,648,11814,15810
149591,660,10755,15065
149591,631,9788,13669
146567,679,5805,10149
146567,684,3748,7878
142337,619,4180,8066
142337,662,13869,17735
146427,648,17884,21937
146427,672,17359,21865
148320,629,16818,20788
148320,647,11973,16010
145125,693,12184,16495
145125,733,17658,21183
131389,728,8126,12678
131389,698,3551,7657
113400,681,3454,7471
113400,710,3444,7555
107995,680,3417,7468
107995,689,3401,7466
105597,709,3387,7584
105597,653,3306,7351
109130,685,3309,7418
109130,658,3238,7241
122488,739,3520,7673
122488,710,5058,8949
135277,658,5739,10024
135277,671,4782,8769
140894,643,4766,8760
140894,655,5377,9442
144713,651,9416,13412
144713,653,9838,14010
147047,668,8458,12720
147047,638,6738,10702
146326,662,6727,10883
146326,648,8335,12149
148942,645,11175,15295
148942,642,11283,15339
149182,671,10008,14357
149182,658,9110,13191
148221,655,7890,12052
148221,645,5391,9435
146326,650,5416,9437
146326,672,5377,9543
146326,641,5435,9470
146326,652,5516,9524
145462,652,5472,9576
145462,667,5415,9534
145393,669,5223,9370
145393,662,4531,8631
144501,640,4441,8413
144501,672,4537,8721
143366,649,4518,8558
143366,658,4514,8580
144260,685,4563,8801
144260,639,4154,8156
142672,651,4079,8054
142672,663,3998,8150
141642,678,4040,8256
141642,661,4037,8123
140921,635,4082,8022
140921,685,4110,8307
140267,656,4116,8159
140267,678,4042,8170
139811,648,4081,8075
139811,688,4028,8231
140507,639,4102,8023
140507,689,4070,8283
140507,667,4092,8217
140507,658,4031,8099
140506,657,4091,8163
140506,665,4122,8234
140747,649,4164,8180
140747,665,4069,8183
140506,652,4107,8129
140506,657,4071,8125
140292,658,4075,8120
140292,667,4846,8988
142604,653,4884,8904
142604,659,4805,8904
143298,687,4930,9183
143298,625,4803,8703
143058,686,4835,9079
143058,648,4604,8616
144260,662,4761,8849
144260,665,4751,8860
143779,629,4707,8651
143779,680,4746,8964
143229,636,4706,8663
143229,680,4415,8663
142990,648,4208,8244
142990,655,4168,8212
142577,653,4194,8236
142577,665,4154,8313
141616,647,4284,8248
141616,690,4194,8490
141375,668,4286,8391
141375,656,4190,8258
141402,653,4197,8228
141402,673,4181,8325
140921,637,4140,8101
140921,664,4211,8268
141228,665,4126,8263
141228,669,4221,8328
141401,652,4185,8224
141401,667,4201,8312
141642,677,4204,8389
141642,650,4133,8173
140962,656,4010,8080
140962,680,3711,7840
139477,648,3732,7781
139477,673,3774,7865
137646,650,3831,7832
137646,676,3783,7903
123394,727,8206,12118
123394,734,12005,16260
122729,715,4565,8773
122729,676,4313,8258
118687,721,4413,8597
118687,705,4398,8537
117502,683,4286,8333
117502,677,4295,8361
126564,655,4238,8235
126564,665,4140,8328
135785,656,4284,8297
135785,652,4131,8166
139063,663,4281,8380
139063,691,4156,8410
140921,628,4841,8671
140921,651,12717,16635
146567,674,13953,18457
146567,633,10187,14128
148489,650,7579,11637
148489,649,7658,11714
147768,651,7489,11576
147768,660,4852,8965
144500,677,4520,8786
144500,650,4414,8437
143539,642,4039,8020
143539,688,4056,8314
140439,647,4063,8046
140439,686,4072,8259
140026,649,4060,8090
140026,662,4106,8150
140025,654,4072,8141
140025,672,3979,8099
138607,669,3701,7779
138607,663,3619,7642
136748,686,3650,7862
136748,630,3668,7755
136026,689,3695,7739
136026,640,4228,8127
138823,687,4260,8542
138823,639,4327,8222
141924,657,5124,9257
141924,661,5215,9350
143298,656,5157,9235
143298,671,5584,9754
145393,631,6454,10449
145393,663,6580,10676
146114,647,6597,10636
146114,646,5875,9950
145703,652,5474,9557
145703,662,4688,8764
141229,692,3606,7844
141229,655,3631,7680
137711,654,3606,7627
137711,677,3454,7539
134581,682,3251,7409
134581,666,3248,7325
132921,681,3279,7366
132921,661,3283,7294
133377,655,3298,7288
133377,689,3296,7504
131717,653,3248,7256
131717,672,3334,7349
131654,667,3220,7345
131654,667,3212,7281
133795,663,3716,7740
133795,670,3815,7911
137164,686,3867,8104
137164,662,3928,7947
139023,641,3893,7855
139023,669,3802,7936
138582,669,4226,8351
138582,658,4606,8653
142096,665,4292,8421
142096,656,4034,8113
141616,658,4103,8162
141616,654,4198,8204
142818,692,4843,9120
142818,665,4130,8191
137164,660,3253,7287
137164,663,3185,7270
133162,671,3270,7330
133162,676,3224,7305
134099,648,3376,7433
134099,670,3850,7922
136507,658,3873,7902
136507,684,3837,8035
138582,668,3938,8056
138582,641,3916,7862
138822,670,3959,8091
138822,674,3886,8079
138300,645,3958,7964
138300,667,3920,8003
138367,651,3800,7843
138367,668,3868,7956
139063,665,3929,7994
139063,663,4539,8601
141950,666,4448,8626
141950,640,4514,8458
141228,665,4097,8214
141228,660,4121,8176
140987,684,4075,8314
140987,647,4121,8079
140506,681,4076,8277
140506,673,4844,8688
124876,716,9304,13490
124876,726,4916,9171
119433,691,4450,8474
119433,706,4178,8291
115166,688,4010,8013
115166,710,3967,8130
113476,667,3891,7918
113476,683,3934,8032
122305,658,3831,7885
122305,688,3744,7944
132414,662,3743,7811
132414,644,3732,7696
135785,660,3753,7848
135785,678,3791,7921
138822,665,4403,8529
138822,667,4449,8528
140266,652,4476,8567
140266,667,4462,8575
141615,659,4375,8474
141615,648,4418,8446
141375,638,4403,8376
141375,668,4356,8473
141134,655,4315,8563
141134,669,4351,8253
142337,668,4323,8540
142337,634,5600,9476
144843,653,9599,13668
144843,642,11115,15176
147217,679,10872,15247
147217,651,7926,11917
147047,642,6410,10400
147047,654,6451,10462
147047,679,6341,10635
147047,655,5577,9651
146114,645,5365,9474
146114,663,5445,9499
144672,637,5385,9373
144672,671,5499,9660
145126,634,5559,9497
145126,674,5430,9615
141161,666,4054,8189
141161,686,3238,7394
136417,651,3340,7311
136417,675,3233,7377
133378,673,3230,7376
133378,681,3300,7354
132655,673,3265,7381
132655,659,3256,7309
133859,671,3743,7790
133859,677,3995,8113
137230,653,3852,7845
137230,661,3932,8068
139063,648,4016,8015
139063,680,3985,8126
138582,649,3976,7988
138582,672,3922,8048
138822,656,3987,8025
138822,675,4040,8165
142096,640,7639,11604
142096,645,9276,13338
145393,675,9109,13442
145393,618,9358,13135
147697,678,9261,13624
147697,657,9409,13483
148631,644,9104,13171
148631,651,5616,9614
145606,654,4530,8656
145606,651,4541,8571
144019,664,4541,8634
144019,664,4507,8602
143711,672,4551,8766
143711,631,4467,8376
144019,679,4899,9064
144019,666,7106,11245
146086,652,6043,10048
146086,657,6046,10171
146567,643,6115,10104
146567,664,6229,10306
146354,680,6114,10458
146354,624,6001,9839
146327,672,6006,10236
146327,655,5819,9852
146326,634,5211,9223
146326,674,5158,9279
145153,677,5011,9282
145153,629,5122,8983
145633,676,5121,9397
145633,649,4895,8855
144500,651,4379,8452
144500,669,4428,8572
145462,661,6227,10341
145462,663,5670,9788
144019,661,4671,8740
144019,673,3747,7818
139984,639,3675,7714
139984,671,3715,7818
137645,655,3726,7771
137645,657,3701,7777
139958,704,4490,8731
139958,643,4400,8333
127226,749,11816,15814
127226,706,9537,13739
119836,697,3938,8024
119836,722,4028,8253
114848,674,3909,7925
114848,698,3933,7983
112028,686,3980,8035
112028,677,3946,8084
118169,693,3717,7899
118169,648,4211,8181
132921,644,4410,8394
132921,675,4326,8519
138101,676,4423,8601
138101,637,4375,8252
141135,654,4667,8774
141135,657,5384,9532
144020,656,5341,9397
144020,682,4866,9087
143230,637,4569,8594
143230,666,4510,8637
143298,655,4146,8231
143298,664,4112,8215
142336,651,4129,8155
142336,660,4118,8203
141616,651,4100,8139
141616,672,4131,8218
140506,663,4096,8176
140506,668,4102,8191
140413,655,4105,8126
140413,664,4083,8171
140680,685,4102,8333
140680,666,4050,8147
140414,648,3993,8029
139544,647,3819,7801
139544,673,3611,7767
136683,656,3585,7610
136683,688,3617,7764
136683,646,3606,7608
136683,680,4012,8135
138341,659,3964,8067
138341,670,3744,7834
138166,658,3675,7736
138166,648,3680,7682
138166,664,4617,8684
143779,665,10519,14632
143779,653,14504,18709
147458,640,14620,18551
147458,646,12821,16941
150042,637,9943,13833
150042,661,9242,13434
149111,675,7994,12273
149111,653,7851,11967
149351,653,8132,12202
149351,636,8081,11999
149351,669,8077,12251
149183,646,7915,11983
149183,650,7816,11821
147938,661,8038,12197
147938,643,7851,11954
148009,660,8036,12127
148009,642,8047,12062
148178,664,7996,12140
148178,639,8019,12032
147698,664,7962,12071
147698,669,7925,12145
148703,640,8012,12012
148703,655,7993,12082
148009,665,5909,10209
148009,662,5750,9865
147047,647,5729,9703
147047,657,4727,8826
145435,677,4733,8945
145435,637,4823,8733
144912,673,4874,9117
144912,662,4993,9093
144500,645,4861,8895
144500,664,4867,8970
144714,647,4897,8931
144714,651,4903,8946
144432,665,4895,8998
144432,659,4814,8899
144500,665,4783,8897
144500,674,3785,7924
140654,661,3755,7824
140654,658,3751,7722
139237,650,3776,7849
139237,676,3768,7872
138341,664,3767,7876
138341,653,4423,8438
142097,679,6181,10404
142097,657,6214,10331
145194,644,5710,9721
145194,649,5560,9563
145125,667,4938,9146
145125,626,4861,8985
143711,688,4813,8853
143711,664,4787,8896
144981,640,6040,9948
144981,692,7475,11655
130666,740,7688,11778
130666,704,5641,9702
119836,708,3928,8055
119836,695,3854,7949
113180,715,3897,8075
113180,670,3857,7779
111061,713,3832,7979
111061,680,3743,7908
112510,676,3782,7808
112510,678,3677,7785
128166,661,3578,7655
128166,673,3601,7673
133136,675,3620,7752
133136,647,3683,7681
134796,657,3637,7665
134796,668,3639,7754
134998,657,3597,7636
134998,670,3660,7734
136442,683,3566,7748
136442,667,3568,7685
135935,663,3732,7768
135935,646,3622,7646
135935,672,3676,7777
135935,671,3679,7760
137139,671,3681,7794
137139,650,3563,7548
135935,690,3701,7931
135935,631,3673,7581
135960,685,3697,7902
135960,675,3670,7768
137138,661,3677,7687
137138,658,3581,7653
136416,675,3721,7827
136416,660,3675,7762
136416,655,3681,7701
136416,673,3634,7722
137378,696,3745,7952
137378,659,3655,7735
136897,666,3685,7739
136897,657,3614,7665
136442,656,3810,7875
136442,660,4189,8183
139304,675,4222,8446
139304,664,4338,8412
140199,649,4226,8258
140199,671,4227,8341
140680,649,4244,8278
140680,665,4261,8340
139303,672,3808,7965
139303,656,3251,7223
135239,675,3305,7445
135239,659,3289,7302
136442,680,4988,9157
136442,644,4996,8999
142123,650,4984,8988
142123,672,4877,9044
143085,669,4761,8971
143085,637,4810,8723
144260,657,4651,8775
144260,665,4251,8347
143539,672,4203,8413
143539,661,4209,8287
143058,655,4164,8163
143058,638,4148,8140
142818,683,4277,8465
142818,649,4413,8484
142989,676,5089,9282
142989,641,5086,9046
144672,665,5028,9237
144672,651,4195,8214
138997,669,3506,7556
138997,662,3447,7523
136240,665,3543,7560
136240,662,3398,7492
134581,696,3464,7689
134581,666,3381,7464
135062,655,3431,7433
135062,663,3442,7503
134516,666,3477,7533
134516,674,3492,7623
134276,681,3484,7642
134276,638,3486,7427
134276,664,3530,7591
134276,662,3461,7538
134276,684,3465,7653
134276,665,3479,7580
134276,653,3520,7533
134276,674,3515,7620
133554,666,3543,7614
133554,660,5591,9658
141067,660,6212,10345
141067,657,6308,10305
145125,657,9421,13598
145125,661,9808,13926
147910,643,7512,11575
147910,666,5874,9959
146567,654,5807,9927
146567,652,5748,9792
147047,650,5809,9862
147047,647,5738,9797
145846,654,5958,10045
145846,647,5822,9892
144672,667,4537,8626
144672,663,4239,8314
143298,661,4398,8519
143298,755,14843,19101
132414,740,11793,15865
132414,678,4073,8033
115869,696,3524,7628
115869,697,3499,7627
108719,701,3550,7665
108719,697,3472,7555
105889,691,3525,7610
105889,667,3414,7477
105146,678,3401,7481
105146,654,3504,7534
125576,660,3999,8046
125576,675,3902,8014
133618,673,4009,8192
133618,644,3995,7964
136507,683,4009,8192
136507,652,3898,7958
140680,661,5221,9226
140680,661,8997,13169
146086,656,9371,13481
146086,657,9233,13340
146807,643,7055,11052
146807,662,4531,8620
144671,670,4542,8689
144671,652,4589,8575
144982,642,4596,8601
144982,665,4636,8766
143565,683,4614,8859
143565,663,4559,8643
143298,659,4426,8497
143298,652,4108,8163
141616,676,4141,8259
141616,660,4122,8198
141228,658,4119,8180
141228,660,4141,8189
142337,651,4764,8796
142337,664,4905,9013
144019,640,4935,8935
144019,655,4920,8951
144741,695,4877,9200
144741,632,4970,8872
146566,654,6157,10282
146566,668,6107,10246
146637,649,6171,10182
146637,650,6247,10329
146567,655,6270,10303
146567,664,6069,10167
147047,680,6212,10516
147047,653,6128,10135
147768,638,5932,9963
147768,666,5082,9184
145874,652,5086,9096
145874,669,5132,9258
146086,663,5076,9260
146086,682,5126,9307
144191,631,4531,8499
144191,666,4393,8500
143710,645,4387,8369
143710,668,4476,8615
142096,658,4234,8292
142096,669,3999,8133
141135,657,4013,8022
141135,694,3997,8273
140199,664,4086,8180
140199,653,6772,10827
145606,623,7193,11090
145606,678,7368,11622
146566,655,6814,10945
146566,641,4496,8455
144644,644,4540,8574
144644,699,4498,8769
143298,647,4462,8518
143298,653,4347,8346
141616,681,3925,8118
141616,646,5098,9048
144191,679,5717,9956
144191,637,6891,10856
146567,656,7192,11267
146567,648,7233,11341
147768,644,6843,10828
147768,662,6177,10267
147768,663,7810,11953
147768,656,12047,16184
149139,639,9704,13673
149139,664,7892,12174
145393,666,4251,8321
145393,683,3471,7616
138607,653,3514,7471
138607,673,3545,7658
136442,679,3720,7890
136442,669,4126,8211
139785,646,4132,8106
139785,663,4107,8164
140988,662,4123,8219
140988,657,4038,8161
141375,653,4087,8112
141375,666,4071,8202
141616,651,4127,8164
141616,665,4154,8246
140894,660,4076,8279
140894,623,4086,8006
126238,755,8674,12899
126238,717,9612,13741
119893,665,3638,7612
119893,721,3473,7674
109497,674,3521,7513
109497,696,3520,7621
106838,698,3548,7692
106838,698,3609,7690
104681,669,3502,7560
104681,674,3454,7476
86963,1154,10689,14561
86963,747,19554,24059
94331,731,20272,24450
94331,714,16691,20711
95028,706,8875,12927
95028,717,6635,10802
92187,686,6706,10686
92187,720,6704,10875
90779,690,6721,10751
90779,696,6678,10721
91021,694,6623,10666
91021,707,6700,10822
90339,699,6684,10752
90339,734,6620,10909
90295,698,6762,10820
90295,706,6683,10773
89811,684,6651,10685
89811,1404,7017,11154
77146,1444,7764,12231
77146,1304,6215,10323
71406,1449,6782,11006
71406,1343,5771,9984
69232,1297,8591,12791
69232,1096,11325,15228
68459,1121,15351,19824
68459,1105,15500,19632
67961,836,18431,22529
71035,575,16367,20473
71035,604,6588,8158
71035,502,2715,6980
70596,516,1868,5996
70596,509,1901,5949
69903,511,2114,6146
69903,517,1842,5904
69660,526,1964,6122
69660,512,1980,6044
69429,504,1988,6014
69429,509,1976,6041
69429,501,1949,5971
69429,509,1940,6005
69429,501,2028,6033
69429,514,1979,6064
69429,523,2018,6180
69429,510,1982,6051
69429,501,1985,5997
69429,511,1959,6037
69429,501,2006,6026
69429,509,1954,6007
69429,503,2036,6056
69429,512,1918,5992
69429,522,1933,6077
69429,498,2049,6057
69429,525,1981,6094
69429,498,1911,5923
69429,507,1916,5940
69429,513,1896,5992
69429,512,1996,6042
69186,510,1919,5988
69186,502,1884,5903
69186,509,1927,6005
69186,531,2025,6189
69186,494,1887,5871
69186,515,1859,5958
69186,497,1799,5800
69186,521,1945,6044
69186,520,1817,5958
69186,486,1943,6013
69186,522,1841,5850
69186,517,1985,6068
69186,501,1912,5931
69186,509,1976,6035
69186,499,1960,5961
69186,544,2197,6240
69186,512,2012,6204
69186,513,1934,5857
69186,523,1885,6042
69186,512,1993,6055
69186,501,1850,5885
69186,509,1939,6000
69186,500,1896,5904
69186,514,1938,6006
69186,503,1799,5835
69186,511,1860,5921
64129,528,2041,6192
64129,516,2031,6103
54485,502,2002,6029
54485,510,1863,5921
50869,501,1939,5956
50869,514,1910,5982
49895,501,1845,5873
49895,508,1819,5878
49165,525,1899,6057
49165,517,2028,6092
48954,500,1848,5864
48954,512,1891,5963
48686,502,1832,5864
48686,515,1998,6066
48678,520,1932,6082
48678,488,1869,5797
48678,522,1869,6022
48678,516,1978,6052
48678,500,1920,5940
48678,511,1997,6064
48678,500,1962,5978
48678,514,1934,6008
48678,523,1846,5996
48678,486,1938,5860
48678,526,1845,6004
48678,514,1880,5948
48678,498,1801,5810
48678,513,1844,5930
48678,502,1934,5965
48678,511,1831,5889
48678,503,1832,5862
48678,512,1877,5932
48678,523,1896,6051
48678,514,1973,6048
48678,498,1791,5802
48678,511,1899,5981
48678,499,1937,5953
48678,514,1904,5971
48678,499,1950,5969
48678,509,1798,5855
48678,525,1883,6057
48678,514,1889,5948
48678,499,1861,5879
48678,509,1835,5897
48678,501,1730,5754
48678,513,1723,5801
48678,521,1850,6002
48678,489,1936,5858
48678,523,1918,6070
48678,517,1969,6047
48678,500,1863,5887
48678,510,1922,5979
48678,499,1798,5809
48678,518,2657,8395
36575,505,2053,13747
36575,519,1884,13732
27590,492,1809,13348
27590,516,1968,13727
24180,521,1714,13613
24180,497,1882,13421
22974,515,1885,13723
22974,500,1940,13483
22241,515,1813,13646
22241,519,1872,13709
21996,492,1864,13410
21996,518,1930,13704
21996,520,1847,13740
21996,499,1797,13386
21988,515,1830,13652
21988,497,1858,13372
21988,516,1806,13623
21988,520,1855,13692
21988,490,1904,13426
21988,524,1762,13633
21988,512,1688,13490
21988,496,1745,13306
21988,511,1826,13612
21988,503,1854,13447
21988,513,1911,13718
21988,521,1853,13715
21988,489,1847,13357
21988,527,1902,13790
21988,509,1792,13538
21988,498,1843,13433
21982,520,1860,13733
21982,502,1917,13503
21982,511,1816,13609
21982,517,1818,13628
21982,494,1896,13464
21982,521,1835,13646
21982,517,1912,13725
21982,498,1903,13465
21737,514,1770,13594
21737,497,1807,13363
21737,513,1811,13630
21737,521,1887,13745
21737,488,1881,13384
21737,525,1827,13717
21982,493,1955,13519
21982,520,1795,13638
22715,544,2122,13844
22715,507,2076,13680
22226,518,1914,13771
22226,514,1877,13624
21982,501,1924,13542
