nvml:nvidia_geforce_gtx_970_0,rapl:ram,rapl:cores,rapl:pkg
21766,730,5295,17667
21766,526,2112,13984
21766,515,1990,13674
21766,510,1870,13574
21766,511,1807,13516
21766,508,1925,13631
21766,503,1736,13359
21766,509,1717,13421
21766,510,1777,13494
21766,529,1784,13746
21766,504,1808,13480
21766,510,1790,13534
21766,507,1850,13477
21766,498,1757,13351
21766,516,1835,13635
21766,510,1758,13471
21766,503,1731,13691
21766,512,1705,13433
21766,526,1780,13438
21766,500,1720,13324
18347,504,1733,13376
18347,524,1964,13869
18347,504,1834,13493
18347,512,1894,13616
18347,501,1932,13548
18347,529,1838,13809
18347,508,1795,13497
18347,502,1829,13469
18347,515,1880,13641
18347,503,1761,13423
18347,508,1761,13463
18347,526,1899,13826
18347,509,1761,13491
18347,484,1805,13541
18347,528,1829,13482
18347,505,1804,13477
18347,508,1855,13554
18347,508,1781,13498
18347,505,1765,13457
18347,506,1837,13528
18353,510,1843,13610
18353,505,1741,13395
18353,526,1761,13705
18353,574,2569,14348
18353,554,2011,13571
18353,533,1898,13603
18353,534,1981,13673
18353,533,1900,13609
18353,552,2014,13945
18353,539,1964,13745
18353,532,1966,13629
18353,532,2053,13727
18353,534,1914,13618
18353,533,1991,13678
18353,530,1926,13651
18353,540,2040,13720
18353,555,1923,13886
18353,531,1984,13621
18353,540,2013,13782
18353,525,1928,13526
17863,547,2004,13858
17863,537,1994,13676
17863,529,2018,13685
17863,539,2026,13732
17863,558,2027,14026
17863,531,2098,13756
17863,536,2000,13787
17863,537,1940,13657
17863,526,2019,13630
17863,535,1868,13576
17863,547,2079,13770
17863,547,1740,13674
17863,521,1777,13288
17863,553,1907,13839
17863,536,1863,13584
17863,537,1921,13638
17863,522,1871,13430
17863,534,1912,13684
17863,532,1941,13666
17863,528,1987,13658
18102,540,1971,13733
18102,554,1971,13880
18102,536,1996,13705
18102,608,5042,16774
18102,631,4850,16482
18102,537,2179,13951
18102,534,1942,13636
18102,536,1973,13696
18102,534,2001,13682
18102,558,1928,13900
18102,536,1922,13646
18102,539,2060,13788
18102,526,1945,13644
18102,523,1982,13597
18102,532,1976,13705
18102,529,2060,13763
18102,534,1938,13627
18102,557,1926,13908
18102,537,1942,13649
18102,526,1972,13573
18102,515,1913,13521
18102,545,1921,13803
18102,534,1948,13651
18102,540,2112,13792
18102,540,2101,13806
18102,544,1911,13832
18102,534,1914,13671
18102,528,1960,13573
18102,542,1999,13783
18102,525,1849,13544
18102,534,1903,13591
18102,534,2044,13745
18102,525,1881,13583
18102,538,1879,13582
18102,556,2026,13954
18102,533,2116,13865
18102,536,2127,13824
18102,521,1818,13472
18102,528,1908,13596
18102,538,1942,13682
18108,531,1956,13739
18108,552,1812,13693
18108,524,1807,13486
18108,538,2010,13723
18108,526,1854,13575
18108,530,1997,13633
18108,529,1926,13675
18108,531,1970,13629
18108,529,1972,13699
18108,552,1944,13880
18108,530,1906,13647
18108,536,1999,13711
18108,521,1895,13573
18108,523,1961,13614
18108,537,1916,13651
18108,519,2008,13622
18108,544,1936,13743
18108,517,1895,13836
18108,550,1952,13625
18108,530,1971,13649
17863,534,1968,13793
17863,520,2075,13691
17863,522,1954,13616
17863,535,2030,13752
17863,526,2997,14645
17863,544,2000,13991
17863,528,1921,13652
17863,531,2072,13735
17863,523,1923,13623
17863,522,1954,13632
17863,523,1894,13584
17863,529,2023,13744
17863,544,1902,13778
17863,528,1908,13672
17863,521,1904,13588
17863,522,1954,13635
17863,527,1846,13565
17863,523,1862,13543
17863,525,1817,13534
18102,531,1953,13793
18102,576,2794,14563
18102,640,8448,20136
18102,610,19826,31071
18102,630,20485,32184
18102,976,18670,30525
18102,631,19846,31464
18102,610,20823,32529
18102,867,18386,30927
18102,930,14589,26194
18102,800,15917,27625
18102,631,44048,55296
18102,651,44588,56770
18102,837,19248,30964
18102,643,20454,32112
18102,682,20623,32362
18102,672,20463,32049
18102,636,20577,32296
18102,1051,13578,26083
18102,686,19133,30931
18102,694,20401,32111
18072,627,20807,32027
18072,685,20631,32832
18072,966,18176,29787
18072,904,10371,22091
18072,671,19142,30907
18072,671,20710,32357
18072,650,20287,32039
18072,665,20257,31866
18072,660,20277,32050
18072,641,19770,32257
18072,592,21250,32780
18072,595,22515,34235
18072,645,22603,34183
18072,1219,13518,25410
18072,865,21538,33411
30012,859,19922,24487
37307,993,19954,24193
41919,941,19779,24153
41919,1020,19692,23664
46518,1069,19451,23890
46518,1006,19490,23984
48223,970,19875,23850
48223,1006,20326,24783
48929,784,20234,24229
48929,1191,18458,22705
49448,1852,15106,19656
49448,1120,14596,18772
49691,1355,17843,22317
49691,826,20843,24729
49448,1310,13801,18353
49448,801,9748,14049
49172,603,19042,22904
49172,668,19933,24164
49172,578,20461,24318
49172,631,20906,25177
49165,657,22862,26616
49165,995,20281,24644
49172,927,19270,23489
49172,966,19855,23900
49172,950,19736,24164
49172,1207,20638,25100
49171,993,19895,23900
49171,986,19817,24216
48928,955,18974,23045
48928,711,20693,24656
50625,887,20482,24521
50625,905,20271,24535
49659,968,20319,24453
49659,986,20189,24334
49171,1012,19927,24628
49171,804,19982,23602
54735,1028,20100,24275
54735,605,19623,23659
79034,654,18612,22991
79034,649,13054,17294
93637,644,10165,14184
93637,669,9964,14161
103956,649,9555,13532
103956,678,7972,12339
122087,663,8091,12185
122087,647,8075,12126
134149,656,7977,12025
134149,700,6564,10702
136773,708,5348,9328
136773,671,4917,9073
137014,675,4330,8484
137014,662,4192,8255
136292,652,4146,8214
136292,660,4147,8179
136599,674,4132,8293
136599,638,8167,11960
140507,651,10443,14550
140507,665,10149,14464
142914,652,10456,14581
142914,672,10833,14882
142844,647,10433,14481
142844,651,10537,14717
143565,639,10549,14505
143565,649,10552,14716
143394,638,10234,14165
143394,653,8348,12532
143180,645,8545,12510
143180,647,8477,12610
142939,652,8410,12464
142939,645,8356,12476
141255,672,5413,9642
141255,715,4114,8255
137255,636,3908,7903
137255,668,3870,8010
134936,661,3973,8038
134936,666,3894,7983
134936,673,3919,8078
134936,655,3870,7866
135001,682,3947,8146
135001,629,3811,7697
135153,678,3923,8150
135153,670,3870,7975
134278,653,3910,7938
134278,695,3959,8075
133515,652,3798,7833
133515,669,3917,7980
134936,680,3926,8131
134936,630,3791,7716
134695,681,3894,8112
134695,646,4141,8064
137737,659,6448,10629
137737,668,7235,11385
140842,628,7119,11049
140842,679,7121,11348
141564,640,7188,11185
141564,692,7286,11393
142217,663,8918,13103
142217,652,11373,15446
144837,624,9680,13651
144837,668,9712,13870
143833,643,9441,13419
143833,648,6658,10697
143661,669,6902,11208
143661,653,6574,10684
142939,635,6666,10634
142939,666,6780,10909
142285,648,6765,10808
142285,679,6906,11029
142767,642,6647,10617
142767,684,6618,10954
142045,647,6273,10284
142045,664,4671,8805
138915,655,4161,8193
138915,663,4181,8301
137886,645,4118,8125
137886,665,4072,8192
137163,672,4088,8250
137163,641,4111,8081
136923,652,4158,8182
136923,693,9685,13519
141882,642,16904,21122
141882,666,11263,15654
142363,646,6901,10918
142363,650,4541,8561
140507,654,4702,8775
140507,671,5743,9955
140920,643,5626,9647
140920,594,5991,10149
123671,923,16888,20741
123671,903,20042,24285
88557,594,20038,23935
88557,744,20097,24326
104784,724,14952,19362
104784,693,4411,8516
103646,679,3425,7393
103646,696,3499,7600
102989,683,3506,7557
102989,690,3465,7582
102747,699,3424,7610
102747,669,3367,7471
102264,634,3659,7690
102264,647,5674,9628
126503,639,5812,9776
126503,706,5758,9985
135063,670,5030,9205
135063,654,4824,8873
138341,661,5011,9065
138341,662,4859,8984
139304,646,4812,8828
139304,669,4913,9033
139237,669,4908,9128
139237,631,4796,8698
139571,686,4895,9152
139571,665,4761,8859
139718,643,4838,8873
139718,679,4885,8895
139785,659,4862,8894
139785,664,5324,9410
139785,671,4921,9183
139785,669,4471,8584
138608,657,4491,8557
138608,662,4430,8517
138608,640,4414,8402
138608,665,4374,8514
139330,647,4461,8436
139330,664,4385,8503
138367,675,4292,8513
138367,671,4316,8200
137886,659,4310,8440
137886,667,4340,8461
138367,679,4373,8564
138367,654,4962,9028
141710,655,8026,12087
141710,650,6062,10179
141229,644,5986,9994
141229,663,4450,8578
137471,657,3869,7879
137471,671,7677,11871
142577,639,9170,13110
142577,694,9032,13249
142363,642,6541,10540
142363,648,6244,10246
143325,672,5994,10224
143325,670,5408,9591
141401,637,5388,9369
141401,664,5430,9564
140989,651,4674,8789
140989,663,4479,8596
140052,656,4474,8503
140052,655,4352,8399
139304,664,4539,8663
139304,691,4638,8730
140051,648,6949,10998
140051,663,9194,13322
143257,626,9358,13277
143257,660,8486,12634
143710,666,6452,10694
143710,671,6325,10452
142844,629,6204,10123
142844,665,4483,8633
141641,674,4585,8726
141641,652,4512,8535
140266,644,4463,8533
140266,712,5523,9715
141135,650,5762,9867
141135,662,5786,9797
142097,649,5638,9751
142097,661,5835,9950
142577,652,5774,9787
142577,664,5649,9786
141093,648,5741,9768
141093,656,5746,9838
141642,655,5752,9790
141642,679,5447,9684
141856,628,4758,8677
141856,712,4808,9073
140025,653,4580,8567
140025,671,3681,7856
136201,666,3736,7812
136201,673,3753,7860
134822,651,3692,7700
134822,660,3640,7716
135088,664,3715,7787
135088,664,3647,7700
136962,658,3710,7761
136962,665,3755,7846
138341,672,3703,7865
138341,652,3770,7742
137137,668,3705,7823
137137,673,3721,7787
137377,665,3695,7808
137377,684,3772,7881
121557,720,7132,11300
121557,716,7610,11708
115144,683,3436,7546
115144,676,3470,7438
108477,683,3482,7522
108477,693,3462,7546
106595,699,3425,7591
106595,695,3435,7572
105629,664,3428,7422
105629,678,3419,7591
110840,655,3250,7263
110840,664,3280,7316
122246,670,3341,7400
122246,670,3278,7354
126564,670,3287,7337
126564,716,3409,7581
131056,751,5208,9241
131056,662,5774,9852
138608,719,5598,9677
138608,665,4235,8313
139304,663,4362,8369
139304,658,4233,8326
138849,694,4237,8518
138849,670,4199,8276
138607,656,4190,8259
138607,667,4207,8293
138848,646,4182,8161
138848,661,4117,8192
139063,680,4135,8365
139063,645,4093,8097
138582,643,4245,8250
138582,662,4117,8221
139063,684,4143,8367
139063,634,4179,8083
138823,672,4194,8398
138823,663,4190,8295
138608,648,4223,8247
138608,668,5576,9716
142363,642,6541,10501
142363,652,6351,10495
141883,664,5669,9826
141883,648,4557,8528
141402,663,4632,8729
141402,662,4568,8669
141642,667,5413,9597
141642,657,5659,9768
143058,645,5812,9788
143058,653,5445,9548
141402,669,4897,9056
141402,639,4920,8833
142604,685,4960,9215
142604,657,4853,8947
141402,635,4702,8652
141402,665,4251,8350
139785,673,4250,8472
139785,649,4248,8266
139545,665,4185,8295
139545,656,4138,8163
137379,675,3788,7920
137379,657,3761,7790
135720,660,3809,7904
135720,671,3824,7896
135023,654,3809,7830
135023,668,3795,7873
135480,672,3745,7962
135480,643,3783,7706
135479,674,3774,7923
135479,653,3755,7721
136202,653,3739,7830
136202,694,3792,8044
135760,644,3763,7775
135760,662,3756,7803
136176,655,3743,7822
136176,681,3719,7864
134998,646,3787,7762
134998,666,3766,7823
136657,693,3765,8039
136657,653,3701,7779
135303,659,3822,7846
135303,675,3740,7884
135785,659,3790,7796
135785,669,4109,8273
138608,659,4558,8599
138608,665,4450,8550
140025,664,4542,8537
140025,705,4703,8915
142336,627,6622,10540
142336,673,6866,11043
143058,642,6769,10754
143058,663,6056,10293
141951,651,4892,8919
141951,649,4780,8798
141951,658,4953,9053
141951,652,4847,8932
141883,678,4912,9111
141883,639,4841,8796
141709,681,4814,9040
141709,660,4795,8888
140292,648,4867,8917
140292,656,4780,8885
141710,656,4846,8869
141710,651,6138,10228
143710,638,7671,11651
143710,722,6578,10678
127226,733,6129,10402
127226,684,4247,8229
119191,699,4332,8415
119191,700,4264,8321
115593,723,4291,8563
115593,680,4213,8190
111545,689,3748,7864
111545,647,3340,7388
113476,668,3291,7364
113476,675,3242,7327
127263,647,5081,9052
127263,653,7158,11210
138341,674,7093,11382
138341,641,6955,10833
141229,679,5233,9494
141229,642,3700,7707
137646,673,3822,7972
137646,669,3885,7945
137620,648,3793,7822
137620,665,3804,7902
136749,664,3819,7928
136749,650,3915,7916
137620,666,3887,8029
137620,660,3859,7870
136989,667,3865,7982
136989,681,4488,8719
140199,625,4709,8574
140199,665,5720,9829
142122,679,5703,9973
142122,627,5672,9804
141402,670,4579,8516
141402,674,3212,7300
134061,682,3282,7466
134061,678,3290,7364
131717,666,3213,7302
131717,655,3227,7242
130994,671,3318,7382
130994,659,3222,7226
128648,670,3157,7302
128648,673,3226,7322
128889,682,3248,7379
128889,651,3225,7180
130094,680,3202,7411
130094,653,3268,7190
129371,677,3215,7395
129371,664,3229,7280
129853,678,3303,7401
129853,668,3244,7314
129815,660,3252,7332
129815,673,3268,7320
129853,665,3265,7331
129853,658,3257,7300
129371,691,3268,7474
129371,652,3239,7203
130271,679,3257,7432
130271,674,3266,7357
129130,657,3230,7245
129130,666,3544,7579
133795,644,3824,7874
133795,689,4363,8496
138607,647,4639,8625
138607,666,4514,8613
138848,662,4542,8681
138848,656,4466,8552
140507,682,4545,8743
140507,645,4346,8310
138822,671,4059,8216
138822,655,4097,8075
139063,681,4107,8365
139063,638,5188,9164
141856,638,7623,11657
141856,657,7342,11420
144191,668,7051,11297
144191,661,6520,10582
142097,636,4285,8281
142097,668,4114,8224
139303,655,4078,8134
139303,662,4080,8134
139063,682,4034,8259
139063,667,4116,8176
139303,657,4051,8133
139303,650,4006,8097
139304,647,4004,8024
139304,662,4066,8198
138341,648,4091,8096
138341,675,4060,8191
137645,654,4037,8064
137645,670,3987,8084
137885,650,4013,8045
137885,662,4106,8195
138367,682,4077,8308
138367,642,4121,8091
140680,664,7947,12080
140680,644,5622,9588
138608,671,3555,7726
138608,663,3677,7689
136202,683,3639,7864
136202,676,3711,7804
136682,641,3661,7687
136682,676,3704,7812
135720,648,3755,7784
135720,652,3712,7706
136483,662,3659,7817
136483,662,3769,7820
136066,682,3713,7930
136066,643,3663,7628
120858,734,7668,11672
120858,700,4430,8573
112268,704,3489,7685
112268,683,3410,7476
106061,689,3395,7474
106061,789,4093,8061
109444,842,5439,9596
109444,711,4700,8806
116537,662,4644,8684
116537,647,4775,8768
132414,683,5758,10040
132414,642,5619,9624
140173,660,5778,9862
140173,661,5590,9751
142337,646,5649,9652
142337,647,5647,9733
143299,650,5623,9689
143299,668,5697,9799
144164,630,5680,9697
144164,667,5770,9913
143470,677,5734,9975
143470,623,5674,9523
143779,684,5707,10013
143779,642,5104,9058
140266,677,3715,7895
140266,666,3703,7772
138341,665,3724,7814
138341,647,4104,8140
139477,659,4276,8381
139477,658,3896,7939
137164,668,3874,7980
137164,669,7323,11469
142989,644,11575,15642
142989,640,10591,14654
145846,657,9158,13266
145846,674,4185,8339
140199,628,3689,7597
140199,683,3804,7974
138101,654,3728,7828
138101,658,3743,7755
136657,658,3801,7869
136657,660,3779,8023
138516,677,5292,9343
138516,669,5423,9546
140680,641,4557,8621
140680,632,4503,8422
141375,668,4528,8609
141375,689,4526,8793
141856,646,4371,8410
141856,668,4465,8575
140680,647,4532,8587
140680,669,4210,8344
139303,655,4134,8196
139303,665,4086,8138
139089,654,4105,8157
139089,661,4072,8115
138434,655,4054,8130
138434,660,4007,8087
138342,659,4034,8096
138342,682,4016,8264
138126,643,4002,7968
138126,660,4097,8102
138582,680,4034,8273
138582,669,4076,8175
138367,639,4062,8051
138367,673,4111,8215
138367,654,4037,8096
138367,654,4074,8068
139959,684,5709,10008
139959,626,9737,13481
144885,652,9805,13962
144885,641,9817,13828
147048,671,9744,14069
147048,644,7093,11174
145846,642,6703,10684
145846,656,6214,10316
144740,674,5931,10174
144740,650,5677,9771
142337,650,4220,8272
142337,664,4096,8216
140722,646,4210,8225
140722,665,4126,8249
140266,642,4147,8138
140266,664,4201,8322
140026,651,4159,8205
140026,678,4201,8414
139303,652,4218,8248
139303,656,5808,9817
142844,682,6574,10842
142844,617,6325,10182
143470,673,5606,9856
143470,653,3634,7624
137164,665,3616,7684
137164,672,3580,7716
134998,664,3638,7711
134998,664,3605,7733
134340,663,3619,7712
134340,672,3657,7742
135454,642,3597,7540
135454,691,3531,7736
131958,665,3535,7645
131958,697,8197,12049
122648,735,9577,13877
122648,667,3485,7443
110337,691,3336,7459
110337,712,3395,7560
106786,674,3391,7394
106786,693,3414,7536
104854,677,3420,7444
104854,681,3344,7471
103422,679,3424,7560
103422,638,3937,7857
125058,680,3888,8140
125058,661,4002,8073
131717,660,3889,7952
131717,661,3719,7753
133618,676,3398,7529
133618,653,3427,7423
133137,673,3419,7533
133137,664,3379,7403
132439,682,3395,7575
132439,671,3346,7443
131958,660,3384,7428
131958,666,3379,7439
131236,661,3393,7453
131236,665,3422,7477
131780,657,3349,7382
131780,675,3338,7455
131538,665,3461,7509
131538,646,4029,8053
137404,686,6130,10388
137404,667,6040,10139
142577,643,6033,10033
142577,662,6068,10225
143298,643,6085,10111
143298,648,6197,10162
143779,650,5240,9320
143779,661,5140,9266
143539,655,5094,9249
143539,663,4425,8550
140266,671,3842,8006
140266,656,3832,7816
138193,651,3821,7856
138193,660,3867,7940
140747,670,10688,14834
140747,650,16944,21035
146086,645,16833,20803
146086,641,16027,20003
146807,669,9807,14172
146807,642,7655,11746
146327,640,7495,11452
146327,651,7528,11612
146087,660,7512,11666
146087,654,7573,11615
145153,666,6125,10314
145153,659,5368,9472
143058,634,5012,8967
143058,673,4502,8685
143058,671,4613,8740
143058,664,4524,8634
141401,638,4494,8475
141401,682,4568,8782
140920,651,4708,8774
140920,630,7817,11804
143057,651,6427,10448
143057,658,6417,10503
144019,657,6604,10680
144019,660,7820,11934
144672,669,7939,12196
144672,636,7927,11779
145125,671,8005,12317
145125,628,6193,10079
144020,673,4706,8944
144020,631,4812,8714
142337,679,4765,9011
142337,664,4636,8758
142123,636,5402,9262
142123,669,9622,13800
145323,646,13805,17903
145323,659,18278,22500
146977,637,17449,21411
146977,650,14268,18310
147430,636,14497,18476
147430,641,13305,17509
146567,663,6903,11080
146567,669,5824,10015
143950,646,4829,8888
143950,669,4876,8955
142577,643,4691,8726
140988,663,4537,8656
140988,678,3718,7858
137860,652,3739,7747
137860,667,3674,7805
136723,657,3700,7736
136723,671,3711,7821
135720,650,3719,7754
135720,657,3692,7741
136923,653,3737,7774
136923,678,3714,7838
136924,673,4227,8410
136924,656,4422,8411
139544,660,5531,9738
139544,737,9165,13159
127467,723,10702,14896
127467,704,4680,8693
118468,673,3900,7942
118468,712,3950,8112
114200,706,3886,8034
114200,676,3858,7823
112993,656,3771,7802
112993,692,3930,8038
122707,682,3723,7943
122707,667,3720,7780
131298,644,3630,7640
131298,665,3709,7761
133377,674,3760,7921
133377,663,3779,7835
135544,647,3736,7781
135544,676,3792,7900
135088,648,3734,7750
135088,693,3729,7970
136507,665,3748,7807
136507,659,3712,7820
135545,648,3720,7726
135545,669,3714,7794
136442,671,4072,8194
136442,659,4310,8374
138367,660,4198,8303
138367,668,3874,7947
137886,650,3850,7865
137886,665,3831,7938
137886,655,3871,7945
137886,673,3899,8001
136989,646,3926,7941
136989,672,3870,8008
136748,656,3899,8094
136748,656,3890,7728
137886,695,3845,8133
137886,635,4729,8720
141923,658,8865,12982
141923,626,9008,12849
144473,657,7853,12051
144473,678,3830,8060
135062,652,3165,7185
135062,669,3347,7336
134758,687,3720,8006
134758,648,3876,7790
136202,679,3902,8103
136202,672,3725,7844
134998,635,3386,7309
134998,688,3345,7506
133579,655,3355,7400
133579,666,3511,7562
132135,676,3402,7572
132135,673,3416,7502
131894,666,3365,7457
131894,676,3324,7419
133073,653,3354,7376
133073,672,3340,7454
132896,652,3410,7381
132896,668,3394,7517
133162,674,3618,7733
133162,636,4064,8030
137139,673,4137,8325
137139,665,4029,8169
138341,645,4067,8093
138341,664,4136,8178
138341,671,4074,8275
138341,655,4043,8023
137619,653,4097,8117
137619,672,4068,8175
137860,680,4064,8302
137860,665,4482,8567
140173,631,4864,8848
140173,662,4781,8845
140654,654,4693,8785
140654,666,4672,8805
141615,658,5108,9232
141615,637,5679,9584
140721,685,4080,8354
140721,630,3855,7718
139303,680,3812,8017
139303,661,5427,9629
142029,634,14520,18213
142029,649,10873,15152
142749,670,5046,9285
142749,660,5062,9175
142337,634,4663,8656
142337,662,3928,7971
138100,655,3858,7938
138100,685,4341,8576
140506,642,7015,11045
140506,675,7153,11341
143539,648,7190,11255
143539,654,7182,11184
144954,652,7127,11250
144954,644,7255,11337
144714,663,5965,10102
144714,655,5033,9108
144260,644,5191,9247
144260,660,4579,8617
140988,660,3900,7961
140988,643,3790,7839
138341,674,3915,8050
138341,681,3916,8052
122488,648,3926,7912
122488,753,8556,12537
119617,726,5455,9786
119617,694,3771,7819
113476,680,3786,7822
113476,700,3694,7841
110820,699,3744,7863
110820,679,3690,7711
109613,651,3700,7711
109613,685,3658,7748
119594,661,3516,7580
119594,672,3548,7668
127708,666,3554,7618
127708,695,3513,7708
131476,645,3469,7506
131476,680,3581,7695
133161,656,3560,7597
133161,661,3524,7603
133618,651,3508,7508
133618,669,3590,7676
132173,671,3525,7664
132173,674,3548,7600
134100,668,3618,7793
134100,650,4076,8042
135960,649,4211,8225
135960,671,3976,8109
136176,677,3734,7911
136176,669,3739,7824
135935,651,3716,7799
135935,672,3735,7815
135214,652,3782,7808
135214,666,3768,7835
136176,654,3721,7808
136176,669,3750,7825
134758,645,3738,7749
134758,697,3735,8003
136176,624,3761,7859
136176,698,3687,7756
135278,649,3704,7704
135278,677,3761,7870
136723,654,4277,8351
136723,669,4339,8445
138582,647,4376,8404
138582,650,4242,8260
139544,655,4347,8446
139544,662,4251,8352
139063,649,4346,8389
139063,667,3970,8106
137379,675,3687,7855
137379,661,3442,7505
134315,669,3445,7511
134315,660,3405,7475
133378,674,3335,7443
133378,649,3276,7291
132414,662,3374,7411
132414,681,3800,7994
136482,662,4048,8114
136482,661,3985,8096
139063,663,5818,9944
139063,667,6094,10185
142577,642,6083,10066
142577,660,5950,10111
141883,651,5101,9128
141883,659,4306,8372
140895,647,4322,8369
140895,682,4250,8477
140199,635,4285,8217
140199,660,4354,8414
139785,662,4320,8590
139785,691,4252,8339
140266,653,4253,8322
140266,658,4335,8416
140026,642,4249,8255
140026,666,4283,8411
139063,644,4239,8254
139063,663,4240,8374
139303,657,4286,8331
139303,661,4235,8310
139718,643,4293,8300
139718,658,4295,8389
139959,681,4319,8589
139959,629,4261,8152
140413,688,4362,8584
140413,659,4313,8370
139959,651,4349,8418
139959,669,4404,8529
140025,672,4373,8509
140025,642,4266,8181
139544,656,4446,8511
139544,643,13918,17676
144191,653,16294,20371
144191,653,16509,20746
146977,667,14561,18915
146977,649,13743,17857
146737,639,14009,18057
146737,643,14424,18507
146950,657,11509,15644
146950,662,7273,11347
144645,647,4462,8531
144645,660,4004,8053
141134,673,3993,8179
141134,656,3967,8024
138822,675,4075,8192
138822,693,7412,11480
130449,724,16178,19935
130449,732,10981,15472
123130,675,4534,8513
123130,700,3729,7816
115386,689,3698,7790
115386,688,3736,7793
112268,691,3730,7916
112268,679,3783,7874
117687,635,3530,7488
117687,699,3640,7865
128586,673,3606,7709
128586,649,3518,7524
131451,652,3667,7677
131451,662,3650,7752
132655,661,3640,7681
132655,672,3610,7716
135037,683,3592,7766
135037,639,3586,7524
134036,681,3671,7871
134036,648,3538,7573
132655,674,3511,7625
132655,687,3709,7675
133073,667,3529,7634
133073,679,3599,7723
133073,682,3652,7818
133073,641,3543,7481
133795,677,3556,7707
133795,681,3617,7743
133618,640,3568,7578
133618,678,3585,7718
134582,658,3588,7609
134582,670,3511,7629
133402,665,3532,7649
133402,651,3621,7625
137164,669,6061,10170
137164,644,6340,10335
142577,653,6545,10689
142577,665,6498,10612
143299,645,6470,10442
143299,658,6541,10621
143539,649,6415,10512
143539,664,5953,10123
142817,683,4601,8808
142817,634,4613,8519
141401,654,4516,8582
141401,656,4538,8639
140747,682,4552,8793
140747,658,4594,8684
142097,638,4543,8535
142097,669,4596,8737
140266,640,4576,8541
140266,677,4568,8762
140507,655,4297,8364
140507,653,4003,8017
138582,663,4037,8132
138582,669,4038,8174
139303,657,4167,8193
139303,666,3789,7876
137379,666,3582,7651
137379,666,3594,7668
135303,661,3686,7749
135303,662,4250,8330
137860,655,4149,8231
137860,663,4176,8284
137445,681,3765,7968
137445,669,3742,7850
137204,643,3762,7737
137204,666,3762,7817
136482,680,3756,7952
136482,659,4275,8342
139785,651,6158,10181
139785,654,6777,10894
142817,642,6704,10704
142817,642,6769,10754
142989,659,6774,10926
142989,679,5665,9894
142989,660,4828,8958
142989,637,4931,8832
142336,683,4769,9012
142336,640,4753,8715
141616,658,4765,8863
141616,670,4286,8408
139958,659,4215,8321
139958,677,4117,8236
139063,649,4103,8134
139063,678,4116,8251
139785,635,4978,8958
139785,672,5085,9280
142097,649,5102,9135
142097,669,5056,9182
142790,629,5126,9102
142790,669,5121,9228
142337,646,5102,9139
142337,669,5045,9195
141856,648,4887,8998
141856,667,4365,8490
141375,653,4328,8314
141375,664,4370,8477
140199,654,4343,8416
140199,686,5346,9588
142482,639,5497,9480
142482,700,5561,9754
127382,723,8358,12259
127382,714,5130,9385
115572,692,3473,7585
115572,699,3383,7487
109371,672,3364,7406
109371,681,3407,7402
105578,695,3474,7605
105578,685,3391,7490
105337,638,3332,7465
105337,701,3358,7355
117261,654,3231,7239
117261,697,3723,7942
128648,657,3853,7889
128648,640,3854,7810
134582,676,3800,7981
134582,655,3842,7830
134998,670,3854,8002
134998,678,3895,8050
135961,651,3899,7887
135961,657,3816,7934
136592,678,3785,7953
136592,661,3872,7901
137620,638,4462,8412
137620,682,3741,7949
135720,666,3656,7765
135720,658,6336,10405
141642,637,6403,10432
141642,664,6385,10496
142577,642,6492,10476
142577,664,6591,10826
144191,638,15609,19239
144191,672,14736,19303
145605,625,9456,13356
145605,660,9537,13729
146327,639,9628,13614
146327,662,11350,15521
146764,681,8633,12908
146764,618,8284,12116
146327,672,8738,13014
146327,625,8300,12154
145606,681,6826,11156
145606,627,3808,7926
139237,681,3841,7873
139237,666,3941,7984
137860,645,3941,7940
137860,672,3938,8078
136923,675,3856,8036
136923,664,4382,8446
139478,663,4496,8609
139478,657,4525,8611
139784,646,4631,8681
139784,661,4507,8593
141161,656,4590,8629
141161,662,4487,8590
141161,648,4444,8481
141161,660,4540,8593
140026,665,4056,8203
140026,659,4065,8147
138582,657,4140,8179
138582,672,4136,8281
138100,650,4090,8108
138100,668,4142,8218
138100,673,4055,8265
138100,633,3615,7534
135720,686,3578,7791
135720,671,3516,7617
135454,656,3609,7612
135454,664,3624,7738
134822,654,3663,7689
134822,660,3647,7713
133619,659,3677,7733
133619,677,3587,7712
135063,682,3633,7781
135063,661,3589,7668
134036,666,3642,7713
134036,656,3578,7587
133859,665,3574,7693
133859,675,3657,7763
134757,657,3661,7654
134757,665,3597,7708
133795,657,3662,7706
133795,647,5262,9036
140894,660,13302,17426
140894,651,10901,15146
145125,660,9065,13332
145125,661,8949,13055
146326,653,11048,15143
146326,655,11587,15719
146496,638,12093,16116
146496,627,9953,13900
145606,652,6845,10939
145606,657,6833,10870
144885,671,6989,11279
144885,668,6693,10839
145606,638,6929,10923
145606,658,6562,10704
145366,627,6740,10730
145366,666,6560,10677
144191,651,6805,10842
144191,646,6719,10846
144191,652,6688,10708
144191,767,9521,13803
131476,715,12107,16161
131476,690,4270,8351
121041,685,4023,8205
121041,696,3775,7719
113234,706,3745,7899
113234,705,3848,7978
110411,675,3759,7816
110411,669,3721,7802
117502,663,3616,7695
117502,648,3642,7667
131056,663,5083,9133
131056,674,4911,9111
137404,641,4998,8943
137404,664,5061,9227
140199,669,5025,9188
140199,649,5023,9040
140921,649,5097,9104
140921,665,4896,9082
141615,649,4383,8347
141615,678,4301,8507
140962,644,4319,8341
140962,662,4361,8469
140748,668,4343,8494
140748,656,4081,8128
139063,651,3865,7872
139063,661,3870,8124
138167,686,3837,7876
138167,656,3764,7851
137379,653,3823,7896
137379,677,3809,7919
136923,654,3908,7943
136923,778,4417,8506
136442,779,4582,8638
136442,667,6737,10733
141615,668,6010,10199
141615,633,4168,8124
140025,680,4289,8489
140025,679,4239,8404
140507,636,4235,8211
140507,674,4356,8530
139544,655,4091,8173
139544,664,3809,7901
137620,655,3926,7966
137620,661,3891,7901
138341,655,3801,7871
138341,655,3824,7890
136923,661,3895,7989
136923,668,3891,7969
137138,682,3853,8090
137138,629,4174,8084
139544,673,4403,8607
139544,651,4413,8411
140026,675,4551,8708
140026,652,4547,8524
141135,670,4586,8695
141135,668,4460,8586
141228,644,4477,8498
141228,664,4498,8602
140680,648,4538,8569
140680,683,4463,8739
141616,664,4492,8534
141616,668,4536,8690
141134,641,4481,8511
141134,653,4500,8527
140680,662,4542,8662
140680,655,4531,8592
142096,643,4506,8529
142096,657,4470,8535
140440,663,4390,8508
140440,652,4352,8406
141161,662,4407,8463
141161,661,4442,8533
142096,674,4400,8645
142096,636,4166,8111
140653,656,4127,8149
140653,660,3971,8112
140173,683,4066,8276
140173,655,4032,8153
136898,660,3677,7747
136898,672,3667,7722
135961,661,3641,7671
135961,663,3518,7589
134099,657,3633,7677
134099,685,3550,7757
133618,644,3494,7444
133618,696,3573,7788
137619,654,4914,8967
137619,658,5001,9091
138100,644,3984,8003
138100,661,3863,7944
137860,658,3826,7897
137860,664,3871,7936
136923,697,4020,8161
136923,669,3713,7846
137405,645,3903,7912
137405,672,4462,8632
139785,656,4459,8505
139785,659,4398,8482
140680,645,5968,9923
140680,650,7005,11161
142989,654,7193,11195
142989,771,13663,17836
129550,706,9182,13401
129550,695,3512,7639
114179,687,3412,7487
114179,679,3369,7398
108961,678,3383,7419
108961,688,3397,7462
105871,698,3422,7540
105871,658,3332,7418
106786,696,3353,7506
106786,653,3219,7196
121523,657,3229,7412
121523,679,3186,7112
125841,685,3213,7400
125841,666,3210,7287
127708,661,3272,7279
127708,683,3211,7374
130994,645,3929,7862
130994,669,4447,8600
137405,646,4481,8500
137405,659,4451,8549
138101,661,4227,8338
138101,659,4064,8116
138100,657,4001,8060
138100,671,3882,8006
136897,674,3581,7693
136897,652,3513,7532
134516,675,3604,7773
134516,664,3480,7593
134124,662,3581,7600
134124,672,3606,7683
135239,656,3577,7646
135239,668,3621,7692
133859,682,3514,7715
133859,636,3407,7316
133795,695,3542,7775
133795,657,3480,7471
136898,654,5543,9509
136898,642,16717,20503
142201,669,17841,22404
142201,636,17473,21417
144987,658,15354,19584
144987,644,14791,18927
145989,647,9085,13129
145989,650,5628,9672
144645,660,5636,9746
144645,654,5525,9597
144404,636,5614,9634
144404,660,5697,9733
143711,650,5522,9624
143711,652,5226,9298
141375,681,4153,8435
141375,667,4113,8200
139478,656,4134,8223
139478,664,4099,8184
141375,654,5014,9095
141375,637,6335,10233
142817,670,6200,10430
142817,645,4152,8104
140025,661,4023,8123
140025,674,3955,8082
138582,663,3942,8055
138582,653,4005,8009
138341,682,4059,8284
138341,633,3996,7932
137860,674,4049,8252
137860,655,4001,8023
137860,659,3947,8043
137860,672,4027,8119
137886,652,3996,8054
137886,668,3999,8069
138367,679,3979,8181
138367,631,3964,7903
139063,674,4000,8119
139063,643,3950,7967
138822,662,4038,8129
138822,678,3972,8163
137405,660,3930,8012
137405,667,3975,8050
137860,650,3941,7982
137860,661,4043,8100
138127,652,3979,8033
138127,666,4052,8182
138341,647,4029,8227
138341,669,4008,7931
138581,678,3981,8189
138581,661,4081,8187
139063,635,3992,7908
139063,673,4018,8183
140480,645,6289,10209
140480,660,16758,21029
144095,641,17376,21241
144095,663,17553,21808
147162,630,16661,20426
147162,670,15775,20146
146950,653,13142,17421
146950,650,7384,11428
145846,650,7406,11491
145846,654,7400,11466
145846,648,7501,11572
145846,649,7423,11425
145125,648,6317,10538
145125,653,5568,9515
131629,771,15196,19432
131629,720,9517,13687
120559,664,3417,7417
113160,677,3348,7368
113160,720,3370,7620
108164,671,3361,7364
108164,695,3375,7499
105337,674,3350,7406
105337,655,3322,7359
105337,1004,5289,9446
90719,854,17342,21531
90719,727,20840,24849
95736,710,19749,23741
95736,731,12468,16822
94573,697,7764,11808
94573,710,7672,11791
93380,688,7569,11568
93380,708,7568,11689
92896,689,7554,11551
91703,724,7699,11991
91703,685,7559,11504
93364,713,7852,12006
93364,688,7689,11627
93183,707,7663,11882
93183,691,7639,11539
86237,1132,7205,11600
86237,1277,7704,11713
74999,1514,7087,11531
74999,1450,6877,11181
70920,1342,5865,10008
70920,1337,7105,11324
69219,1106,8901,13055
69219,1069,11759,15912
68701,1051,14391,18477
68701,1021,15990,20322
71519,589,16030,20078
71519,758,4294,7195
71324,524,2445,6860
71324,499,1817,5831
70630,500,1733,5746
70630,518,1866,5948
70158,502,1664,5692
70158,510,1875,5939
69915,521,1785,5925
69915,520,1895,5970
69915,504,1901,5918
69915,511,1947,5995
69915,503,1904,5941
69915,500,1791,5797
69915,520,2017,6102
69915,526,1868,6048
69915,511,1939,5999
69915,506,1865,5910
69915,514,1969,6028
69949,512,1882,5967
69949,500,1907,5897
69915,521,1803,5914
69915,498,2017,6006
69915,518,1981,6110
69915,495,1921,5885
69915,523,1942,6094
69915,510,1892,5952
69915,500,1905,5922
69915,511,1976,6037
69672,505,1994,6036
69672,512,1902,5951
69672,502,1910,5938
69672,510,1971,6030
69429,529,1955,6122
69429,516,1821,5893
69429,499,1934,5942
69429,512,1964,6035
69429,503,1947,5967
69429,512,1999,6070
69429,500,1891,5909
69429,510,1857,5930
69463,532,2011,6165
69463,510,1940,6006
69429,500,1708,5725
69429,511,1813,5886
69429,507,1870,5902
69429,509,1709,5766
69429,500,1911,5921
69429,513,1877,5953
69429,528,1929,6085
69429,517,1997,6071
69429,498,2009,6009
69429,515,1949,6034
69429,500,2037,6021
69429,518,1949,6052
69429,502,1965,5970
69429,513,1860,5938
64858,529,2033,6175
64858,513,1990,6072
54971,500,1907,5930
54971,510,1816,5877
51356,506,2001,6030
51356,510,1971,6029
49895,501,1863,5894
49895,510,2005,6063
49409,526,2008,6157
49409,513,1862,5939
49165,501,1832,5861
49165,511,1809,5868
48921,504,2015,6030
48921,511,1912,5988
48921,501,1954,6099
48921,513,1925,5866
48678,529,1975,6142
48678,508,1825,5872
48678,502,1988,6009
48678,511,1963,6035
48686,508,1883,5912
48686,511,1817,5882
48678,498,1881,5895
48678,513,1886,5956
48686,524,1783,5946
48686,512,1965,6033
48686,500,1949,5959
48686,511,1949,6024
48686,503,1928,5941
48686,515,1999,6084
48686,499,1849,5859
48686,514,1952,6031
48686,525,2002,6140
48686,515,1967,6053
48686,501,1893,5912
48686,510,1928,5993
48686,504,1823,5853
48686,510,1858,5907
48686,505,1841,5878
48686,510,1791,5856
48686,528,1730,5896
48686,510,1937,6001
48686,502,1941,5976
48686,510,1959,6013
48686,504,1929,5947
48686,511,1959,6035
48686,502,1734,5756
48686,509,1654,5720
48686,528,1939,6097
48686,510,1817,5875
48686,501,1923,5947
48686,512,1975,6038
48686,505,2005,6039
48686,519,2784,8415
37063,496,2080,13711
37063,522,1754,13643
27834,489,1985,13445
27834,531,1862,13822
24180,491,1918,13444
24180,520,1956,13785
22959,518,1906,13711
22959,497,1882,13446
22232,509,1939,13698
22232,531,1937,13868
22241,496,2000,13532
22241,521,1910,13760
22241,511,1865,13649
22241,499,1852,13424
21988,519,1881,13712
21988,495,1771,13296
21988,515,1909,13727
21988,522,1878,13729
21982,494,2012,13550
21982,524,1982,13863
21982,511,1806,13585
21982,495,1993,13512
21982,517,2016,13815
21982,503,1919,13538
21982,519,1913,13759
21982,520,1960,13800
21982,495,2023,13559
21982,513,1960,13723
21982,497,1902,13516
21982,521,1956,13794
21737,518,1990,13810
21737,503,1980,13546
21752,509,1916,13686
21752,526,1950,13863
21988,494,1942,13460
21988,513,1773,13545
21982,499,1938,13559
21982,524,2005,13899
21982,512,1992,13734
21982,505,1972,13615
21982,507,1949,13650
21982,526,1881,13805
21982,493,1837,13360
21982,523,1938,13809
21988,510,1647,13423
21988,498,1784,13347
21988,523,1881,13728
21988,496,1699,13242
21988,515,1910,13740
21988,521,1999,13857
