nvml:nvidia_geforce_gtx_970_0,rapl:ram,rapl:cores,rapl:pkg
21507,601,6154,16910
21507,530,2184,13883
21507,525,2065,13877
21507,601,2742,14631
21507,529,2165,13695
21507,542,2049,13920
21507,526,1989,13797
21507,519,1949,13535
21499,520,1949,13722
21499,510,1879,13470
21254,522,1859,13669
21254,536,1820,13741
21499,501,1843,13396
21499,526,1881,13682
21499,524,1972,13774
21499,508,1841,13421
21499,526,1867,13706
21499,506,1925,13474
21499,523,1951,13726
21499,534,1870,13765
21255,499,1825,13359
21255,531,1911,13768
21255,524,1928,13744
21255,508,1894,13462
21263,523,1903,13720
21263,504,1798,13625
21263,528,1895,13448
21263,531,1816,13688
21263,498,1906,13436
21263,527,1827,13668
21018,522,2011,13755
21018,515,1907,13580
21018,513,1828,13489
21018,519,1814,13545
21018,517,1793,13488
21018,534,2048,13925
21018,524,1986,13758
21018,513,1817,13501
21018,521,1807,13570
21018,509,1816,13462
21018,515,1822,13525
21018,513,1883,13561
21018,540,1857,13833
21018,517,1809,13536
21018,512,1863,13527
21018,514,1807,13527
21018,513,1860,13541
21018,515,1812,13505
21018,512,1869,13545
21018,518,1875,13580
17601,525,1982,13776
17601,532,1872,13766
17601,512,1829,13502
17601,513,1800,13485
17601,517,1937,13614
17601,517,1993,13696
17601,513,1871,13551
17601,513,1831,13515
17601,540,1862,13859
17601,516,1826,13529
17601,511,1805,13493
17601,516,1922,13623
17601,520,1835,13572
17601,509,1837,13470
17601,512,1801,13477
17601,520,1857,13603
17601,515,1819,13493
17601,538,1822,13799
17601,513,1789,13460
17601,516,1804,13537
17356,501,1893,13436
17356,517,1811,13528
17356,523,1916,13717
17356,512,1816,13488
17356,542,1898,13866
17356,521,1965,13711
17356,515,1930,13587
17356,514,1812,13538
17356,514,1971,13637
17356,515,1825,13541
17356,511,1830,13501
17356,520,1853,13602
17356,512,1878,13512
17356,537,1856,13784
17356,520,1918,13673
17356,518,1807,13539
17356,519,1828,13548
17356,513,1892,13562
17356,513,1803,13499
17356,515,1831,13524
17356,521,1943,13706
17356,534,1870,13779
17356,514,1796,13516
17356,513,1819,13493
17356,513,1803,13494
17356,515,1859,13548
17356,511,1849,13503
17356,515,1864,13558
17356,518,1799,13522
17356,535,1849,13798
17356,515,1811,13512
17356,519,1879,13595
17356,515,1816,13503
17356,511,1846,13504
17356,517,1824,13550
17356,533,1968,13845
17356,501,1836,13324
17356,538,1805,13790
17356,513,1828,13512
17356,516,1831,13553
17601,522,1894,13682
17601,507,2010,13588
17601,514,1833,13523
17601,517,1886,13603
17601,518,1924,13617
17601,537,2044,14004
17601,517,1993,13694
17601,515,1805,13488
17601,516,1889,13593
17601,513,1833,13515
17601,512,1804,13486
17601,516,1914,13610
17601,515,1879,13594
17601,537,1827,13788
17601,514,1849,13559
17601,517,1831,13537
17601,513,1808,13502
17601,512,1859,13521
17601,514,1794,13508
17601,516,1883,13580
17607,524,1928,13746
17607,530,1811,13670
17607,512,1816,13498
17607,509,1802,13416
17607,522,1896,13693
17607,514,2091,13724
17607,521,2035,13765
17607,533,1825,13729
17607,494,1853,13320
17607,538,1809,13787
17607,515,1864,13570
17607,509,1816,13461
17607,510,1833,13497
17607,521,1851,13623
17607,513,1899,13592
17607,537,1888,13823
17607,494,1828,13284
17607,540,1829,13816
17607,514,1842,13534
17607,507,1816,13424
17362,509,1887,13521
17362,532,1917,13804
17362,513,1841,13521
17362,529,1849,13711
17362,499,1906,13411
17362,541,2015,13988
17362,520,1924,13615
17362,506,1854,13446
17362,527,1961,13786
17362,512,1804,13492
17362,594,10962,22640
17362,610,20672,32367
17362,589,21180,32828
17362,909,18667,30375
17362,708,18687,30461
17362,694,17357,29034
17362,578,20939,32604
17362,626,21155,32845
17362,768,17144,29595
17362,609,28074,39306
17062,633,51368,63547
17062,654,26667,38358
17062,714,20727,32248
17062,705,19421,31279
17062,752,20309,32085
17062,618,21201,32573
17062,726,20740,32503
17062,1105,22378,34690
26334,758,18769,24534
26334,979,20255,24143
40167,1064,20095,24758
40167,1005,20079,24302
45491,990,19792,23896
45491,1018,19644,23849
47436,1049,19656,23701
47436,1060,20008,24292
48166,1039,20032,24138
48166,1058,20024,24245
48409,1061,20187,24309
48409,1090,20238,24509
48652,1172,19828,24511
48652,1013,19982,23654
48652,1034,20014,24603
48652,1011,20364,24619
48652,1162,20453,24579
48652,1083,19985,24302
48652,1110,20194,24262
48652,1057,20050,24160
48652,1058,20237,24467
48652,1118,19402,24144
48652,1014,19652,23760
48652,959,22757,26528
48652,927,20631,25134
48652,1040,19914,24278
66239,717,22444,26378
66239,601,20065,24218
87105,584,21083,24997
87105,605,21505,25679
101904,594,21542,25406
101904,581,21449,25615
113752,599,21379,25321
113752,575,20879,24999
131061,621,21365,25987
131061,577,20882,24972
138837,570,21290,25080
138837,609,20771,25001
140320,608,20650,24613
140320,586,20874,24924
142174,578,21208,25152
142174,599,21523,25671
142894,564,21783,25662
142894,603,21576,25715
141934,588,21610,26236
141934,606,21362,25310
142654,591,21622,25672
142654,579,21255,25327
143374,585,21763,25736
143374,583,21408,25431
142868,618,21170,25212
142868,591,21302,25375
144068,573,21645,25562
144068,601,21731,25867
143374,600,21629,26128
143374,574,21272,24820
142174,617,21811,26449
142174,580,21390,25354
142628,590,22031,26077
142628,575,21640,25717
143588,584,21976,25888
143588,588,21631,25700
143828,614,21636,25610
143828,596,21639,25704
143828,567,22275,26876
143828,603,22118,25612
142654,607,22027,26548
142654,587,21710,25831
142868,586,22152,26124
142868,573,21910,25963
143828,587,22251,26255
143828,581,21953,25891
144692,582,21899,25928
144692,600,21779,25900
144068,594,21486,25439
144068,604,21610,25670
142895,608,21966,26574
142895,570,21345,25524
142628,605,21967,25847
142628,572,21788,25789
143348,589,22198,26211
143348,575,21839,25959
145172,585,22213,26112
145172,599,22007,26226
144549,566,21993,25876
144549,603,22112,26233
142868,637,21378,25950
142868,596,21573,25700
142628,584,21803,25795
142628,572,21602,25600
143348,585,22061,26046
143348,569,21829,25863
144720,591,22114,26046
144720,597,21761,25908
144789,573,21963,25911
144789,607,22131,26253
143828,601,21991,26498
143828,572,21830,25384
142894,638,21453,26012
142894,590,21581,25687
143348,581,22010,25947
143348,579,21847,25958
144000,581,22250,26167
144000,589,21954,26058
144960,574,22097,25995
144960,601,22164,26336
144309,611,22103,26637
144309,562,21790,25255
143374,613,21997,26586
143374,572,21827,25870
143134,614,21759,25767
143134,579,21585,25707
144309,576,22133,25962
144309,593,21932,26072
145509,571,21950,25856
145509,605,22018,26180
144069,604,21879,26368
144069,572,21772,25303
142894,612,22049,26618
142894,576,21958,26034
144069,587,22227,26270
144069,571,21937,25972
144789,611,21863,25758
144789,588,21941,26037
145029,574,22242,26203
145029,604,22280,26433
144885,562,22220,26088
144885,633,22673,26690
126335,645,23808,28554
126335,583,21034,25074
102853,560,22157,26161
102853,556,22523,26563
93077,534,22586,26486
93077,553,22575,26649
88982,591,22217,26241
88982,567,22181,26308
88499,560,22482,26383
88499,560,22496,26581
87063,547,22699,27367
87063,563,22577,26033
88257,588,22562,27108
88257,561,22489,26531
87574,543,22545,26521
86848,553,22731,26534
86848,574,22581,26967
88015,578,22658,26956
88015,572,22058,25727
103527,600,24779,28757
103527,578,21752,25824
129618,588,22347,26369
129618,688,22772,27436
137702,569,21658,25246
137702,618,21534,26036
142148,562,21800,25488
142148,606,21760,26152
143108,603,21864,26197
143108,575,21591,25340
143108,609,21730,26090
143108,604,21180,24781
142388,591,21845,25864
142388,573,21919,26705
144040,620,22488,26391
144040,571,22053,26035
145749,587,22278,26310
145749,600,21963,26089
145481,564,21979,25925
145481,604,22028,26076
143828,587,22022,25965
143828,586,21771,25846
144549,622,22347,26995
144549,609,21392,25478
143828,576,22107,26024
143828,581,21899,25962
145440,574,21833,25732
145440,604,21900,26080
145200,564,21793,25680
145200,605,21970,26200
144068,581,22013,25913
144068,601,21837,25935
143828,614,21961,26500
143828,548,21726,25251
144480,614,21892,26457
144480,608,20908,25004
144309,584,21608,25594
144309,589,21578,25602
145749,567,21569,25491
145749,602,21659,25805
144576,574,21978,25900
144576,603,21679,25793
144308,588,21961,25904
144308,572,21621,25738
144549,621,21923,26528
144549,574,21503,25449
145961,582,21504,25571
145961,622,21084,25184
145509,567,21693,25601
145509,610,22090,26281
145029,562,21935,25816
145029,603,22036,26194
143829,587,21919,25871
143829,581,21829,25878
144549,593,22094,26125
144549,570,21863,25953
145749,612,22266,26787
145749,601,21955,26084
146710,559,22053,25982
146710,636,21551,25722
145269,560,21955,25770
145269,605,21859,26079
144549,588,22086,25951
144549,574,22052,26183
144789,595,22454,26424
144789,612,22019,26703
146442,574,22111,26032
146442,606,21924,26141
145749,554,21911,25753
145749,614,22194,26408
144309,561,21977,25779
144309,638,21225,25500
143855,565,21849,25693
143855,610,21832,25994
144068,609,22009,26468
144068,553,21993,25516
147331,615,22254,26836
147331,551,21967,25544
148741,605,22290,26705
148741,606,21921,26123
149010,560,21931,25798
149010,608,21920,26149
148359,566,22067,25854
148359,632,21396,25647
147399,580,21646,25481
147399,591,21443,25601
147541,616,21926,26510
147541,575,21628,25671
148262,584,22066,26012
148262,590,21762,25874
149461,570,21876,25705
149461,608,21793,26057
147571,563,21807,25702
147571,603,21967,26094
145749,582,21795,25746
145749,627,21731,25887
144720,613,22083,26559
144720,551,21852,25376
145412,617,22317,26924
145412,575,21982,26025
146302,578,22279,26160
146302,598,22037,26117
128656,585,24544,28513
128656,568,21987,26137
105439,559,22274,26215
105439,558,22289,26339
94465,548,22581,26598
94465,550,22486,26637
91098,590,22825,27455
91098,569,22433,26513
90418,550,22691,26573
90418,568,22615,26821
88741,532,22791,26648
88741,551,22807,26803
88967,566,22667,26744
88967,565,22683,26792
88499,556,22871,26731
88499,557,22372,26531
87831,575,22608,27112
87831,532,22181,25788
89466,593,22606,27105
89466,606,24565,28660
120158,554,21669,25407
120158,622,21384,25746
134908,580,21869,25765
134908,688,22569,26707
140320,566,21259,25215
140320,617,21821,25935
142174,615,22119,26643
142174,573,21571,25033
143108,618,22113,26714
143108,579,21695,25771
144789,585,22127,26074
144789,572,22009,26037
146852,584,22215,26141
146852,598,21827,26014
146372,569,22047,25988
146372,600,22158,26179
145029,574,21999,26008
145029,605,21868,25955
144549,618,21997,26630
144549,572,21928,25879
145440,591,22302,26380
145440,581,21886,25922
147332,572,22124,26003
147332,604,22076,26288
146400,566,22098,26012
146400,605,22072,26226
145269,592,22233,26169
145269,579,21823,25897
145440,613,22336,26810
145440,593,21965,26217
146132,582,22321,26202
146132,599,21862,26028
146640,557,21995,25825
146640,608,21976,26259
145509,570,21979,25753
145509,604,21798,25926
144549,591,21858,25868
144549,577,21730,25778
145200,594,22096,26079
145200,572,21843,25985
146132,613,22226,26758
146132,598,21854,26014
146852,564,21828,25714
146852,601,22081,26210
145680,562,21939,25834
145680,606,21949,26120
144480,589,21936,25863
144480,579,22017,26081
145440,595,22340,26313
145440,573,21911,26024
146372,616,22111,26659
146372,594,21794,25839
146851,571,21918,25924
146851,601,22185,26273
145892,560,22169,26087
145892,607,22021,26203
144720,585,22187,26066
144720,584,21682,25822
145509,595,22171,26169
145509,570,21983,26066
146612,596,22336,26339
146612,622,21977,26723
147091,561,22056,25927
147091,605,22136,26305
146201,566,22033,25877
146201,598,21740,25853
145680,593,21790,25783
145680,573,21487,25593
145680,595,22031,25960
145680,573,21777,25843
147091,617,21622,26191
147091,572,21722,25263
146880,589,21807,26285
146880,609,21926,26126
145509,572,22207,26097
145509,592,21566,25655
145509,588,22102,26102
145509,570,21802,25828
145892,594,21962,25939
145892,577,21636,25721
146201,600,21634,25617
146201,592,21585,25724
147162,606,21665,26256
147162,600,21788,25936
146469,556,21823,25575
146469,611,21588,25887
145029,580,21720,25565
145029,585,21402,25452
145269,597,21845,25764
145269,571,21636,25779
145920,597,22001,26005
145920,584,21543,25612
147120,609,21757,26386
147120,599,21732,25869
146229,559,21797,25596
146229,604,21553,25728
145269,579,21652,25603
145269,577,21473,25582
145989,593,21947,25907
145989,573,21815,25885
147331,639,23244,27778
147331,549,22457,26007
113566,581,22646,27225
113566,524,22523,25973
97605,581,22650,27210
97605,563,22577,26701
93560,555,22455,26391
93560,559,22276,26392
90192,536,22478,26297
90192,562,22487,26661
90418,566,22498,26467
90418,563,22261,26362
89225,547,22543,26499
89225,549,22325,26438
89224,590,22622,27213
89224,535,22238,26381
89224,564,22428,26269
89224,552,22227,26337
87773,552,22533,26485
87773,566,24519,28533
108764,592,22857,26889
108764,580,21903,26020
132720,587,21973,25949
132720,670,22991,27108
139532,618,21730,26186
139532,568,21575,25200
143828,599,21879,26316
143828,616,21819,26075
145269,548,22107,25813
145269,617,21832,26126
144788,584,21906,25821
144788,587,21666,25623
145200,595,22019,26126
145200,573,21958,26067
146132,598,22238,26174
146132,620,21965,26703
146852,561,21963,25798
146852,609,22144,26356
146372,557,22045,25907
146372,607,22101,26298
145200,583,22062,26059
145200,587,21813,25838
145200,593,22268,26266
145200,574,21967,26037
145652,594,22224,26157
145652,612,21920,26653
147092,582,22072,26105
147092,601,21805,25941
146612,563,22071,25954
146612,600,21828,25955
145440,578,22151,26007
145440,581,21679,25780
146400,594,22053,26051
146400,569,21769,25832
146851,621,21872,26439
146851,567,21506,25060
146852,596,21665,26203
146852,572,21802,25329
145509,598,21731,26107
145509,593,21620,25806
145989,583,21611,25534
145989,573,21450,25580
146229,595,21818,25794
146229,583,21456,25480
147332,583,21922,25873
147332,601,22052,26258
146950,594,22270,26726
146950,578,21884,25463
145749,609,22079,26617
145749,585,21982,26132
146160,577,22495,26325
146160,578,21896,26052
147811,580,22250,26098
147811,600,22233,26418
147092,565,22082,26011
147092,605,22116,26266
145509,588,22085,26054
145509,578,21957,26041
145920,620,22325,26926
145920,565,22053,25973
146400,592,22187,26274
146400,592,21892,25952
147092,571,21982,25911
147092,601,22044,26171
146229,566,22026,25916
146229,608,21886,26066
145509,617,21980,26533
145509,547,21867,25307
145920,626,22082,26729
145920,576,21723,25770
146612,582,21919,25823
146612,601,21747,25870
147120,562,21824,25763
147120,602,21738,25896
145749,587,21636,25602
145749,580,21801,25717
146229,596,21928,25970
146229,571,21615,25764
147332,618,21843,26387
147332,602,21844,25927
147430,559,21930,25804
147430,611,22080,26319
146469,565,21885,25743
146469,602,21896,26038
145749,590,22083,26039
145749,574,21957,26057
146229,596,22307,26240
146229,578,21696,25859
146852,617,22303,26816
146852,566,21818,25408
146852,596,22046,26516
146852,601,21972,26105
145989,571,22060,25870
145989,595,21765,25909
145680,591,22044,26030
145680,571,21912,25987
146302,597,22218,26240
146302,578,21894,25908
147812,613,21849,26455
147812,571,21969,25474
147092,586,22226,26653
147092,620,24375,28591
120880,557,22316,26321
120880,560,22582,26592
102128,551,22514,26445
102128,555,22268,26399
93560,546,22675,26544
93560,573,22477,26715
92110,561,22438,26370
92110,561,22304,26408
89950,575,22732,27255
89950,557,22322,26530
88741,545,22667,26587
88741,570,22520,26641
89708,546,22564,26401
89708,555,22169,26315
88257,544,22555,26466
88257,571,22508,26676
89708,559,22419,26309
89708,552,22344,26526
95868,625,24753,29342
95868,583,20902,24897
126816,577,21620,25547
126816,665,22693,26860
137702,582,21782,25734
137702,597,21821,25882
143588,576,21894,25799
143588,601,22035,26177
145029,568,21911,25830
145029,604,22152,26314
144788,609,21991,26484
144788,599,21640,25853
144788,575,21715,25614
144788,581,21680,25739
145509,585,22161,26178
145509,575,21869,25941
146611,588,22129,26052
146611,590,21752,25808
146611,578,22178,26165
146611,602,21994,26180
146058,606,22209,26717
146058,597,21937,26071
145509,586,22083,26036
145509,576,21659,25704
145509,584,22240,26217
145509,576,22047,26121
146400,595,22283,26301
146400,584,22013,25914
146640,587,21971,25978
146640,600,21953,26170
146640,600,22043,26596
146640,570,22157,25657
145269,606,22027,26583
145269,593,21816,25887
145200,588,21991,26001
145200,575,21869,25946
145920,583,22372,26245
145920,579,21962,26064
147811,583,22153,26056
147811,628,20988,25142
146400,609,21827,26389
146400,569,21847,25403
146681,590,22191,26582
146681,580,21756,25410
145440,599,22085,26512
145440,587,21881,26007
146132,584,22101,25994
146132,572,21762,25885
146132,598,22237,26190
146132,579,21772,25881
147572,612,21924,26415
147572,574,21897,25442
146852,587,21965,26410
146852,612,22093,26401
145680,574,21941,25788
145680,588,21683,25803
146132,585,22151,26151
146132,574,21819,25861
146612,590,22291,26269
146612,586,21783,25857
147092,577,22002,25884
147092,604,22164,26377
146132,594,22140,26573
146132,574,21657,25264
145412,604,21966,26435
145412,577,21800,25837
145892,594,22307,26359
145892,570,21764,25770
146372,600,22207,26299
146372,575,21964,25907
147092,616,22014,26590
147092,570,21778,25327
146852,598,21772,26356
146852,600,21821,25911
145509,575,21754,25609
145509,610,21437,25708
145680,580,21765,25661
145680,577,21598,25718
146132,587,22009,25959
146132,580,21637,25726
147331,581,21788,25646
147331,599,21751,25958
146851,565,21772,25664
146851,602,21690,25855
145920,614,21713,26298
145920,581,21598,25679
146132,580,21955,25822
146132,583,21549,25727
146612,581,22026,25918
146612,599,21477,25705
147811,562,21893,25731
147811,602,21812,25963
146681,569,21913,26406
146681,606,21578,25053
145961,619,21725,26391
145961,579,21334,25414
146400,578,21900,25782
146400,584,21731,25885
147092,579,21874,25710
147092,596,21491,25596
147571,570,21703,25702
147571,604,21740,25893
139118,610,23767,27659
139118,564,21590,25711
108575,550,22402,27015
108575,552,22303,26387
96640,589,22664,26653
96640,562,22182,26182
92835,554,22490,26501
92835,557,22414,26491
89950,541,22823,26700
89950,571,22531,26689
90417,560,22359,26313
90417,565,22302,26414
89224,553,22465,26393
89224,550,22394,26485
88300,586,22646,27209
88300,570,22587,26752
89708,555,22356,26289
89708,555,22404,26476
88499,537,22588,26524
88499,597,24969,29087
115199,599,21404,25406
115199,572,21496,25493
131782,686,22609,26621
131782,578,21104,25210
140320,604,21965,25953
140320,603,21851,26579
143520,589,22091,25945
143520,594,21997,26120
146372,564,22014,25906
146372,607,22055,26250
145652,562,22007,25859
145652,605,21918,26151
144960,586,22171,26056
144960,577,21915,26068
146372,596,22464,26389
146372,570,21876,26035
147811,610,22350,26885
147811,600,21852,26017
147091,557,22134,26010
147091,605,22109,26249
145680,578,22078,26011
145680,590,21768,25799
145412,592,22095,26124
145412,573,21930,25994
146372,598,22344,26380
146372,570,21883,25889
147260,619,22066,26626
147260,608,21950,26167
147092,558,22052,25931
147092,603,22007,26130
145440,579,21789,25740
145440,583,21526,25497
145680,596,21916,26008
145680,570,21602,25639
146852,594,22049,26023
146852,576,21517,25582
147571,607,21618,26136
147571,575,21774,25369
147092,591,21876,26419
147092,602,21868,25997
146160,578,21854,25723
146160,578,21788,25901
146612,588,22194,26153
146612,572,21490,25520
147811,596,21686,25667
147811,597,21847,26008
147092,598,22103,26663
147092,569,22116,25589
145440,612,22190,26778
145440,578,21722,25755
146400,577,22092,25987
146400,581,21842,25994
146372,587,22067,26027
146372,581,21762,25863
147572,578,22008,25813
147572,601,22045,26229
146852,597,21965,26571
146852,602,21947,26038
145749,577,21999,25948
145749,584,21697,25741
146372,590,22058,26099
146372,568,21683,25687
146612,591,22260,26272
146612,590,21858,25965
148051,575,21943,25846
148051,603,21877,26004
146640,566,21932,25852
146640,606,21345,25558
145509,618,21685,26282
145509,577,21187,25179
145892,581,21807,25752
145892,573,21469,25500
145920,593,21970,26067
145920,566,21633,25553
146372,595,21866,25826
146372,593,21926,26069
147332,574,22031,25993
147332,603,21647,25834
146400,605,21670,26248
146400,591,21327,25407
145481,582,21553,25492
145481,579,21233,25298
146132,585,21902,25878
146132,567,21533,25465
143828,711,22402,26440
143828,584,20051,24231
144480,593,21642,25634
144480,571,21827,25868
146132,595,22138,26106
146132,622,21959,26698
147811,568,21874,25863
146132,575,22322,26035
146132,589,21547,25909
147021,582,22325,26252
147021,584,21797,25892
147091,583,22060,26041
147091,602,21863,26045
146612,567,22197,26092
146612,604,21942,26099
145961,580,22214,26276
145961,601,21734,25773
137917,612,23806,27969
137917,582,21886,26436
107832,524,22961,26564
107832,569,22738,27162
97541,551,22933,26692
97541,570,22537,26847
92065,547,22695,26613
92065,551,22581,26654
89890,558,22839,26813
89890,565,22616,26729
89933,583,22538,27124
89933,530,22355,25867
88983,605,23307,27541
88983,605,21798,26086
89649,554,22260,26233
89649,566,22494,26642
89225,544,22335,26261
89225,550,22371,26468
88257,561,22564,26524
88257,588,25091,29216
117751,605,21520,25962
117751,611,21486,25701
135299,559,21856,25737
135299,697,23278,27473
140493,581,20972,24875
140493,606,21240,25298
144240,577,21759,25771
144240,618,21654,25773
145509,602,22028,26474
145509,572,21720,25309
144960,619,21960,26561
144960,581,21619,25650
145920,584,22218,26195
145920,578,21711,25819
146612,585,22178,26091
146612,593,21748,25720
147332,577,22018,26069
147332,602,21988,26077
146160,568,22197,26134
146160,606,21548,25693
145680,617,21990,26549
145680,586,21671,25817
146160,586,22634,26567
146160,583,21447,25591
146372,589,22069,26037
146372,594,21693,25754
147331,569,21769,25647
147331,604,21846,25991
146851,565,21900,25808
146851,612,21918,26115
146132,604,21913,26240
146132,562,21394,25023
146612,621,22050,26679
146612,575,21872,25850
148052,577,22016,25938
148052,607,21674,25875
147092,560,21954,25802
147092,609,21804,26095
145961,568,22006,25746
145961,610,21585,25796
145680,587,22068,26036
145680,578,21776,25917
146132,611,22265,26742
146132,584,21645,25851
146851,582,22236,26153
146851,603,21775,25925
148023,558,21983,25837
148023,607,21766,25939
146372,578,21973,25793
146372,600,21596,25784
146132,592,21993,25979
146132,574,21797,25850
146612,618,22393,26983
146612,588,21692,25782
148052,568,21782,25702
148052,607,21651,25821
147092,558,21745,25680
147092,603,21584,25672
145680,587,21813,25769
145680,588,21414,25446
146132,594,21874,25843
146132,573,21475,25602
146852,623,22002,26628
146852,591,21347,25381
147783,569,21687,25580
147783,604,21602,25762
146851,559,21642,25511
146851,608,21430,25628
146372,587,21706,25626
146372,579,21574,25634
146372,595,22265,26202
146372,571,21884,25933
147740,617,22122,26749
147740,605,21757,25936
147331,555,21715,25553
147331,611,21815,26022
146612,576,21961,25800
146612,580,22021,26093
146852,596,22362,26398
146852,575,21672,25714
146880,599,22302,26289
146880,585,21899,25982
147572,602,21958,26480
147572,607,22076,26303
146640,557,22104,25890
146640,613,21648,25991
145989,571,22048,25869
145989,582,21632,25721
146372,593,22103,26093
146372,571,21907,25979
146880,593,22124,26100
146880,588,21825,25893
147571,594,21842,26287
147571,581,21725,25365
146400,593,21855,26260
146400,603,21480,25675
145749,582,21944,25892
145749,580,21583,25626
146201,597,22177,26205
146201,571,21797,25829
147092,596,22207,26180
147092,616,23520,27608
116865,583,21942,26496
116865,565,22430,26609
99538,525,22463,26217
99538,584,22321,26655
94482,555,22618,26549
94482,554,22442,26451
91385,547,22566,26515
91385,550,22471,26476
89933,563,22704,26778
89933,566,22377,26470
89949,577,22430,27010
89949,553,22459,26544
88741,551,22712,26702
88741,562,22541,26553
89708,544,22390,26276
89708,560,22363,26521
88741,540,22565,26471
88741,561,22590,26729
103749,602,25032,28919
103749,588,21087,25239
129377,620,21743,26350
129377,643,22698,26188
138878,607,20942,25374
138878,598,20641,24912
142894,573,21724,25535
142894,595,21115,25292
145989,585,21938,25849
145989,594,21496,25607
146612,573,21621,25464
146612,605,21538,25787
146372,593,21803,26260
146372,572,21576,25111
145200,606,21863,26323
145200,590,21242,25391
145652,581,21881,25822
145652,577,21319,25402
146372,592,22084,26074
146372,569,21486,25438
146372,601,21557,25589
146372,594,21403,25556
147092,606,21564,26165
147092,576,21657,25115
146612,595,21357,25907
146612,602,21527,25688
145440,565,21535,25317
145440,597,21191,25341
145652,589,21599,25570
145652,574,21501,25614
146371,594,21942,25863
146371,570,21385,25446
147811,613,21715,26224
147811,573,21658,25246
147331,590,22001,26433
147331,614,21870,26217
146229,562,21988,25745
146229,605,21556,25774
145892,582,21839,25809
145892,583,21653,25731
146132,591,22292,26253
146132,574,21711,25778
146612,593,22180,26148
146612,582,21837,25907
147571,613,21970,26588
147571,571,21949,25453
147091,589,22028,26584
147091,601,22121,26247
146229,575,22114,25973
146229,582,21934,26043
146372,588,22323,26257
146372,572,21952,26090
147092,594,22212,26121
147092,591,21824,25979
147571,606,22015,26538
147571,574,21876,25401
146640,595,21995,26474
146640,604,21774,26002
145509,575,22001,25861
145509,579,21963,26016
146372,591,22235,26260
146372,573,21803,25843
146949,595,22234,26192
146949,587,21845,25879
147331,611,21901,26422
147331,572,21662,25253
146949,589,22032,26466
146949,610,21949,26208
145989,570,21985,25827
145989,591,21698,25842
145920,592,22049,26007
145920,575,21776,25843
147092,596,22155,26131
147092,579,21839,25896
147811,611,22037,26623
147811,572,21927,25425
147091,587,22075,26547
147091,610,21832,26056
146229,575,22029,25865
146229,582,21789,25886
146611,590,22196,26204
146611,571,21803,25902
147091,595,22250,26181
147091,589,21801,25831
147571,614,21801,26419
147571,570,21696,25246
147092,595,21954,26471
147092,599,22054,26144
145920,574,21880,25776
145920,593,21589,25714
145892,588,21983,26007
145892,571,21800,25825
146372,594,22275,26216
146372,571,21901,25932
147572,596,21771,25823
147572,593,21784,25858
147572,601,21945,26585
147572,599,22039,26126
146372,567,21945,25753
146372,599,21662,25788
145892,586,21895,25893
145892,576,21768,25811
132238,612,23984,27974
132238,557,22547,26554
105197,549,22717,26748
105197,560,22972,27157
96834,593,22621,27182
96834,562,22458,26508
92110,541,22605,26569
92110,550,22583,26670
90175,553,22636,26586
90175,567,22543,26655
89934,546,22652,26539
89934,549,22432,26542
88983,561,22796,26767
88983,560,22568,26626
89934,584,22395,27029
89934,559,22539,26676
88741,537,22629,26502
88741,563,22641,26760
90176,553,22667,26491
90176,614,24921,29186
120881,559,21301,25033
120881,618,21097,25413
135540,569,21779,26267
135540,697,22303,25871
141187,596,20617,25116
141187,585,20898,24451
143108,603,21482,25925
143108,602,20980,25098
144548,583,21713,25665
144548,575,21219,25260
145200,596,21934,25914
145200,575,21228,25347
146612,594,21986,25915
146612,577,21297,25420
147332,615,21833,26391
147332,565,21705,25885
146612,597,21898,25771
146612,601,21832,25995
146612,556,21946,25806
146612,604,21682,25817
145509,584,21926,25877
145509,598,21307,25317
145268,592,21806,25845
145268,578,21730,25816
145721,600,22376,26396
145721,570,21518,25565
146372,614,22123,26697
146372,591,21590,25711
147331,577,21857,25786
147331,600,21690,25810
147091,560,21871,25782
147091,604,21949,26075
145680,581,22036,25936
145680,589,21709,25819
146160,592,22288,26280
146160,571,21807,25901
146372,619,22231,26875
146372,588,21891,25939
148263,561,22066,25944
148263,602,22109,26201
146949,560,21954,25806
146949,614,21795,26052
145989,584,21975,25831
145989,582,21838,26063
146611,594,22355,26246
146611,570,21754,25881
147811,611,22137,26681
147811,601,21781,25939
148051,556,21992,25844
148051,611,22062,26351
146680,568,22047,25820
146680,595,21826,25905
146612,591,21920,25973
146612,571,21901,25940
146851,593,22263,26203
146851,572,21905,26029
148291,616,22045,26627
148291,601,22019,26201
147091,558,21944,25825
147091,602,21971,26093
145652,582,22025,25968
145652,584,21609,25609
145892,594,22022,26061
145892,571,21841,25875
146372,596,22218,26224
146372,574,21853,25932
147500,609,21941,26457
147500,575,21934,25519
146851,582,21949,26309
146851,619,21733,26064
145892,576,21960,25835
145892,578,21570,25640
146372,593,22039,26067
146372,571,21651,25732
147261,594,22183,26078
147261,594,21797,25916
148051,571,21995,25978
148051,601,22091,26211
146372,604,22061,26544
146372,593,21724,25918
146612,577,22202,26066
146612,579,21776,25881
147092,590,22263,26209
147092,593,21783,25891
147811,574,21959,25805
147811,604,22007,26257
147091,593,22037,26439
147091,579,21763,25398
145749,612,21947,26500
145749,583,21539,25605
146132,583,22100,26032
146132,584,21820,26057
146852,582,22279,26128
146852,588,22088,26186
148051,576,22017,25899
148051,603,22246,26458
146852,606,21914,26429
146852,565,21891,25394
145920,616,21988,26581
145920,577,22028,26066
146612,601,22832,26687
146612,584,22964,27250
115419,551,22148,26019
115419,564,22589,26708
99279,553,22924,26880
99279,549,22777,26770
92351,559,23039,27083
92351,562,22594,26687
91385,589,22560,27140
91385,563,22700,26835
89708,542,22744,26659
89708,553,22716,26835
89692,546,23069,26910
89692,570,22629,26812
89692,544,22548,26468
89692,552,22398,26507
88741,558,22710,26577
88741,565,22517,26733
89934,585,22595,27161
89934,581,22768,26858
107538,564,23903,27818
107538,610,21695,25866
131060,558,21758,25571
131060,685,22869,27144
139358,560,21513,25325
139358,617,21345,25485
142387,585,21877,25878
142387,586,21830,25803
145001,616,22236,26872
145001,548,22368,25845
145892,615,22522,27103
145892,585,21993,26084
147544,566,22114,25942
147544,610,22065,26330
146852,558,22203,26083
146852,602,22281,26429
145652,587,22134,26090
145652,574,21998,25996
146372,623,22409,27040
146372,541,21784,25220
146781,618,22256,26832
146781,591,21815,25786
147332,566,21776,25753
147332,609,22005,26208
147120,562,22074,25927
147120,605,22058,26245
145920,587,22069,26025
145920,577,21830,25902
146372,596,22351,26323
146372,571,21964,26064
147261,613,22302,26861
147261,602,21844,26063
147331,561,22135,25981
147331,604,22108,26270
146372,574,22129,26012
146372,592,21712,25793
146132,591,21911,25939
146132,570,21619,25628
147331,596,21945,25972
147331,571,21479,25552
148291,617,21790,26341
148291,599,21524,25658
147331,564,21665,25594
147331,603,21768,25892
145989,579,21734,25583
145989,585,21450,25560
145892,591,21769,25722
145892,574,21700,25852
146612,593,22185,26136
146612,611,21688,26356
147331,575,21723,25668
147331,574,21651,25299
147571,591,21860,26282
147571,603,21864,26032
146709,569,21837,25674
146709,602,21528,25724
146229,584,21812,25674
146229,577,21511,25688
146441,592,21947,25912
146441,570,21612,25684
146612,599,21953,25944
146612,614,21709,26359
147092,579,21757,25719
147092,603,21606,25815
146852,571,20286,24206
146852,599,20579,24706
147162,564,20546,24436
147162,600,21416,25525
147160,567,21313,25212
147160,605,21778,25873
145989,608,21439,25944
145989,569,21145,25371
145508,615,21324,25312
145508,578,21032,25083
145989,577,21578,25446
145989,580,21027,25212
147092,586,21572,25484
147092,588,21232,25293
147811,574,21234,25219
147811,603,21359,25508
147160,591,21366,25725
147160,585,21144,24824
145749,605,21077,25553
145749,595,21064,25232
146229,583,21395,25303
146229,577,20739,24880
146371,584,21541,25335
146371,573,21033,25205
147811,591,21532,25476
147811,597,20977,25180
148121,596,21497,25969
148121,578,21519,25081
146681,596,21381,25855
146681,607,20895,25143
145749,574,21227,25011
145749,599,20701,24873
145892,583,21234,25168
145892,572,20869,24963
146611,592,21643,25527
146611,573,21006,25111
147571,635,21634,26200
147571,602,21047,25187
129919,575,23454,27338
129919,566,21751,26047
106142,551,22642,26496
106142,564,22453,26568
95914,540,22421,26350
95914,549,22197,26247
91385,561,22681,26682
91385,563,22495,26611
91143,560,22035,25984
91143,551,22132,26209
89708,574,22455,27005
89708,555,22537,26627
90176,553,22379,26338
90176,566,22445,26608
89708,543,22294,26230
89708,548,22232,26276
88741,556,22345,26274
88741,563,22090,26197
90176,568,21787,25674
90176,617,23272,27503
120939,597,20788,25317
120939,693,22379,26531
135604,566,19939,23860
135604,611,20635,24799
142455,553,21186,24993
142455,618,21115,25341
143588,577,21288,25122
143588,591,21003,25137
145509,590,21394,25324
145509,575,20920,25080
145989,621,21547,26109
145989,545,20795,24292
146640,614,21342,25847
146640,593,20903,24941
147120,571,20963,24935
147120,608,21389,25588
146709,561,21124,25012
146709,601,21325,25434
145749,566,21083,25004
145749,610,21049,25203
145029,615,21005,25545
145029,596,20843,24976
144720,587,21415,25377
144720,585,20245,24329
145440,586,21723,25663
145440,576,21785,25860
147331,594,22290,26253
147331,595,21944,25996
148361,578,22106,26125
148361,603,22131,26255
146920,611,22047,26512
146920,567,21604,25144
146920,617,22259,26864
146920,578,21997,26074
147571,589,22219,26226
147571,601,22082,26209
148051,562,21871,25772
148051,604,22226,26319
147401,593,22031,25933
147401,576,21754,25887
147571,598,22155,26132
147571,588,21793,25865
148291,607,21978,26573
148291,608,21749,25893
146852,580,21910,25798
146852,588,21519,25673
147571,585,22062,25970
147571,576,21523,25519
148531,590,21849,25829
148531,603,21653,25839
147811,568,21832,25696
147811,610,21800,26014
146852,589,21864,26457
146852,605,21586,25667
147500,586,22252,26173
147500,598,21575,25705
147980,562,21727,25582
146541,593,22173,25949
146541,591,21581,26080
147980,588,22081,25830
147980,607,21346,25635
147331,567,21706,25634
147331,610,21504,25643
146612,592,21986,26041
146612,578,21594,26274
147332,599,22174,25643
147332,600,21577,26085
148503,569,21894,25577
148503,620,21903,26435
147332,602,21957,26243
147332,570,21766,25379
146372,616,22074,26559
146372,552,21837,25399
146852,598,22501,26512
146852,609,21884,26533
148531,577,22022,25986
148531,611,22024,26266
147571,557,22022,25797
147571,611,22079,26338
146852,584,22110,25999
146852,579,21977,26072
147092,596,22406,26282
147092,577,21874,26014
148291,591,22426,26444
148291,603,22218,26336
147331,594,22182,26633
147331,612,21876,26199
146441,577,21972,25796
146441,582,21914,26016
147572,588,22320,26219
147572,585,21895,26022
148291,584,21984,25905
148291,605,22077,26294
146852,591,22125,26463
146852,585,21951,25639
146229,620,22070,26719
146229,580,21914,25945
146921,580,22275,26167
146921,588,21921,26085
147091,587,22333,26272
147091,629,24183,28405
123348,555,21788,25826
123348,543,22186,26118
103094,560,22790,26762
103094,564,22747,26856
94482,549,22819,26839
94482,550,22501,26545
92110,585,22714,27253
92110,568,22180,26331
90675,526,22789,26386
90675,565,22639,27080
89467,548,22878,26765
89467,568,22737,26945
89708,547,22922,26909
89708,549,22451,26466
90175,557,22837,26787
90175,565,22542,26673
89708,554,22874,27054
89708,578,22393,26873
99007,575,24657,28594
99007,606,21391,25495
127779,570,21854,25705
127779,701,22794,27107
138183,562,21326,25124
138183,619,21529,25757
142868,587,22009,25878
142868,594,21404,25573
145961,618,22440,26986
145961,552,21772,25295
148051,595,22407,26743
148051,619,22034,26385
147332,560,22102,25931
147332,607,21686,25874
147092,583,22082,25828
147092,577,21974,26241
147571,598,22547,26549
147571,585,22049,26072
148503,610,22371,26928
148503,580,22221,25826
147571,586,22213,26521
147571,620,21780,26203
146372,573,22215,25973
146372,594,22025,26277
146611,585,22479,26417
146611,578,22186,26300
148983,587,22638,26678
148983,601,22355,26392
147811,567,22263,26108
147811,611,22040,26189
146612,605,22579,26905
146612,596,21967,26381
148291,588,22170,26165
148291,601,21831,25925
148051,552,21921,25722
148051,618,22407,26702
147091,582,22216,26013
147091,575,21737,25893
147571,622,22109,26573
147571,550,21604,25106
148051,615,21876,26431
148051,577,22194,25703
147571,583,22154,26525
147571,623,21822,26227
146851,583,21969,25846
146851,576,21929,25996
146852,591,22424,26344
146852,579,22131,26239
148771,588,22087,26089
148771,605,22173,26333
147331,613,22189,26673
147331,568,21693,25173
146611,623,22062,26765
146611,578,21700,25782
147811,580,22308,26158
147811,600,22098,26269
148291,565,22176,26099
148291,600,22113,26179
146852,590,21950,25826
146852,595,21489,25575
146612,596,22014,26068
146612,577,21935,26067
147332,619,22283,26817
147332,605,21923,26098
148531,563,22088,25972
148531,611,22035,26278
146880,570,22064,25856
146880,605,21495,25697
146852,590,22013,25996
146852,572,21694,25769
147332,595,22295,26139
147332,588,21747,25957
148291,610,22166,26726
148291,570,22184,25652
147190,608,22062,26497
147190,592,21721,25995
147332,581,22404,26299
147332,583,21980,26057
148772,571,21824,25570
148772,613,21556,25986
147190,563,21937,25677
147190,616,21597,25869
146709,614,21801,26253
146709,554,21763,25355
146949,597,22298,26907
146949,613,21669,25701
148771,560,21794,25568
148771,615,21921,26213
146852,574,21821,25738
146852,595,21627,25767
147332,591,21648,25537
147332,576,21531,25643
148051,597,22111,26151
148051,593,21821,25910
148771,594,21856,26289
148771,582,21961,25591
147091,615,22025,26590
147091,578,21656,25735
147501,580,22101,25973
147501,594,21643,25772
148671,578,21731,25678
148671,618,23768,27925
122302,557,21893,25931
122302,567,22474,26463
103267,558,22247,26166
103267,557,22567,26683
94464,546,22716,26802
94464,592,22719,27389
92532,550,22568,26531
92532,557,22543,26557
90417,569,22621,26939
90417,526,22386,26137
90857,560,22844,26832
90857,562,22618,26738
89692,551,22968,27035
89692,547,22576,26495
90374,588,22841,27460
90374,533,22758,26201
89467,553,22920,27205
89467,569,22983,27362
84500,1230,16587,20677
84500,1302,9013,13172
74235,940,12791,16956
74235,1042,12789,16931
70111,1046,15731,19904
70111,566,8693,12805
70608,527,2269,6467
70608,531,1910,6032
69914,512,1888,5882
69914,529,1888,5989
69914,534,1906,6063
69914,521,1885,5947
69428,513,1886,5921
69428,517,1829,5885
69428,511,1875,5903
69428,519,1868,5934
69428,512,1900,5924
69428,523,1904,5984
69428,534,1943,6090
69428,526,1972,6066
69428,509,1981,5996
69428,528,1967,6050
69428,514,2072,6101
69428,523,2020,6098
69428,511,2001,6023
69428,521,1994,6065
69428,536,2022,6183
69428,499,1961,5897
69428,535,1936,6100
69428,522,1911,5978
69428,512,1988,6008
69428,520,1987,6046
69428,513,1995,6037
69428,520,2009,6068
66316,539,2103,6261
66316,498,2022,5946
58103,534,2006,6174
58103,520,1978,6049
54979,511,2020,6035
54979,522,1970,6045
54005,511,1942,5961
54005,521,1841,5916
53518,511,1965,5989
53518,522,1958,6031
53275,532,2026,6183
53275,523,2006,6083
53275,508,1940,5951
53275,525,1917,6003
53275,508,1774,5798
53275,522,1925,6002
53275,530,1751,5886
53275,500,1836,5780
53275,534,1802,5970
53275,521,1863,5932
53275,516,1779,5829
53275,518,1785,5829
53275,507,1711,5722
53275,522,1829,5907
53275,524,1836,5926
53275,512,1982,5971
53275,536,1891,6062
53275,525,1812,5894
53275,511,1828,5856
53275,520,1725,5780
53302,514,1863,5906
53302,520,1660,5724
52789,524,1800,5901
52789,507,1648,5633
53032,535,1744,5904
53032,523,1685,5767
52789,513,1794,5809
52789,525,2032,6121
53032,509,1833,5859
53032,522,1668,5741
53032,510,1765,5788
53032,522,1701,5764
53032,535,1777,5934
53032,519,1722,5791
52789,516,1728,5774
52789,520,1751,5809
53032,514,1842,5876
53032,520,1741,5806
52789,509,1793,5809
52789,523,1771,5854
52789,533,1779,5940
52789,520,1659,5727
52789,510,1762,5775
52789,518,1871,5930
51355,520,1755,5798
51355,521,1789,5868
49652,531,1784,5910
49652,499,1823,5755
48928,530,1740,5879
48928,527,1789,5884
48928,515,1837,5893
48928,522,1696,5770
48685,505,1777,5780
48685,526,1720,5803
48685,515,1774,5798
48685,522,1611,5680
48685,515,1753,5789
48685,519,1838,5906
48685,538,1930,6097
48685,523,1635,5708
48685,509,1860,5891
48685,519,1735,5798
48685,511,1701,5731
48685,521,1742,5810
48685,507,1638,5660
48685,519,1697,5763
48685,540,1724,5903
48685,519,1701,5758
48685,509,1684,5704
48685,519,1646,5724
48685,511,1839,5868
48685,517,1709,5768
48685,508,1704,5724
48685,522,1700,5771
48710,536,1796,5972
48710,519,1728,5798
48685,510,1692,5706
48685,520,1675,5765
48685,512,1804,5815
48685,521,1676,5751
48685,508,1746,5755
48685,522,1819,5904
48685,537,1715,5888
48685,494,1672,5600
48685,532,1668,5821
48685,520,1710,5780
48685,512,1731,5765
48685,517,1655,5707
48685,510,1723,5759
48685,519,1698,5764
48685,531,1736,5892
48685,496,1706,5782
48685,534,1692,5728
48685,520,1730,5792
48685,511,1880,5901
48685,524,1905,5984
48678,509,1813,5830
48678,523,2328,12081
33184,510,1867,13542
33184,533,1809,13697
25880,497,1679,13211
25880,529,1638,13494
22960,525,1724,13541
22960,501,1641,13157
21982,525,1711,13551
21982,507,1683,13272
21738,520,1836,13610
21738,536,1821,13727
21743,496,1630,13145
21743,534,1777,13682
21499,518,1820,13553
21499,509,1641,13232
21499,531,1700,13605
21499,501,1814,13334
21499,518,1790,13504
21499,540,1811,13779
21499,501,1796,13344
21499,530,1730,13592
21499,522,1753,13526
21499,508,1646,13259
21499,521,1715,13514
