nvml:nvidia_geforce_gtx_970_0,rapl:ram,rapl:cores,rapl:pkg
37777,685,5633,17171
37777,505,2174,13746
27828,529,1986,13878
27828,530,1979,13780
24425,497,2032,13550
24425,528,1683,13547
22714,501,1774,13367
22714,527,1825,13645
22470,518,1737,13538
22470,504,1729,13275
22226,527,1730,13592
22226,507,1851,13422
22226,519,1673,13456
22226,531,1729,13613
22226,497,1733,13281
22226,522,1869,13622
22226,524,1806,13665
22226,507,1809,13407
21737,515,1772,13534
21737,536,1880,13816
22226,513,1813,13546
22226,510,1683,13311
21737,520,1719,13516
21737,510,1954,13559
21737,520,1790,13601
21737,503,1840,13398
21737,521,1936,13720
21737,535,1991,13878
21752,496,1783,13314
21752,527,1836,13680
21737,522,1865,13698
21737,500,1860,13330
21982,522,1756,13605
21982,508,1780,13387
21982,522,1886,13720
21982,524,1876,13653
21982,502,1821,13412
21982,530,1842,13733
21982,496,1793,13325
21982,530,1888,13753
21982,522,1840,13664
21982,517,1840,13588
21737,504,1843,13460
21737,531,1845,13711
21737,512,1697,13426
21737,510,1774,13417
21737,497,1776,13325
21737,530,1848,13681
21737,518,1696,13487
21737,512,1701,13351
21737,519,1861,13651
21737,524,1986,13758
21737,499,1828,13374
21737,544,2029,13944
21737,511,1785,13465
21737,518,1840,13565
21737,508,1759,13406
21737,513,1852,13558
21737,514,1780,13484
21737,540,1871,13862
21737,510,1790,13451
21737,516,1841,13565
21737,510,1821,13480
21737,515,1895,13592
21737,510,1871,13541
21737,517,1840,13573
21737,534,1786,13746
21737,496,1834,13288
21737,532,1769,13708
21737,513,1820,13528
21737,513,1705,13419
21737,514,1970,13645
18323,507,1821,13465
18323,518,1766,13499
18323,514,1799,13488
18323,539,1853,13840
18323,514,1715,13421
18323,511,1789,13466
18323,512,1878,13573
18323,511,1805,13470
18323,512,1810,13505
18323,515,1799,13533
18323,513,1811,13506
18323,516,2035,13732
18323,541,2026,14017
18323,514,1781,13506
18323,510,1724,13406
18323,516,1750,13451
18323,508,1671,13330
18323,512,1739,13440
18323,517,1887,13600
18323,537,1974,13911
18085,497,1793,13308
18085,533,1841,13746
18085,510,1779,13454
18085,516,1848,13561
18085,509,1706,13382
18085,513,1812,13504
18085,514,1598,13320
18085,535,1803,13756
18085,511,1703,13401
18085,505,1654,13279
18085,520,1642,13401
18085,512,1829,13515
18085,515,1751,13455
18085,513,1766,13476
18085,518,1918,13597
18085,542,1743,13704
18085,515,1947,13644
18085,513,1807,13519
18085,513,1634,13337
18085,514,1733,13430
17840,522,1831,13632
17840,505,1751,13342
17840,509,1786,13427
17840,542,1809,13808
17840,511,1746,13434
17840,514,1744,13467
17840,511,1792,13477
17840,504,1791,13386
17840,518,1768,13536
17840,514,1776,13495
17840,512,1794,13475
17840,538,1845,13830
17840,516,2027,13697
17840,515,1814,13536
17840,511,1801,13490
17840,513,1857,13541
17840,510,1801,13474
17840,514,1867,13566
17840,513,1795,13496
17840,540,2023,14005
17840,539,2191,13925
17840,509,1808,13448
17840,514,1791,13497
17840,508,1898,13528
17840,520,1779,13560
17840,503,1835,13433
17840,518,1783,13539
17840,540,1895,13883
17840,509,1715,13379
17840,516,1739,13468
17840,504,1800,13386
17840,522,1874,13665
17840,510,1885,13539
17840,515,1816,13537
17840,513,1852,13555
17840,514,1786,13493
17840,533,1803,13741
17840,514,1805,13528
17840,511,1787,13476
17840,514,1849,13547
17840,514,1830,13580
17840,508,1819,13443
17840,516,1862,13554
17840,516,1861,13851
17840,535,1917,13580
17840,515,1766,13495
17840,502,1740,13323
17840,525,1799,13628
17840,583,10844,22453
17840,612,20481,32267
17840,592,20863,32557
17840,927,18806,30554
17840,600,19304,30929
17840,597,20597,32380
17840,804,18664,30295
17840,920,15355,27174
17840,779,15524,27093
17840,667,41219,53241
17840,613,47385,59186
17840,868,19444,31534
17806,598,20396,31502
17806,665,20528,32748
17806,677,20148,31872
17806,619,20463,32167
17806,1019,14203,25893
17806,661,18893,30617
17806,666,20058,31775
17806,644,20608,32322
17806,644,20278,31911
17806,919,18768,31098
17806,948,9957,21774
17806,679,18754,30669
17806,636,20439,32041
17806,638,20109,31701
17806,653,20188,31950
17806,639,20177,31823
17806,598,19544,31118
17806,615,20896,33215
17806,561,22559,33685
17806,626,22552,34986
17828,1952,17292,29652
17828,689,14520,26129
26345,908,20515,28127
26345,940,20231,24486
40404,983,19942,24019
40404,1022,19770,24065
45978,1011,20060,24056
45978,1112,19333,23675
47917,972,19931,24359
47917,908,19903,23745
48622,859,19988,24638
48622,1076,18609,22876
49140,1769,17033,21347
49140,1193,13200,17527
49627,1319,17313,21553
49627,1025,19645,23980
49133,1086,17241,21634
49133,985,8586,12382
49133,616,17600,21578
49133,643,19982,24092
49101,616,20134,24570
49101,560,20943,24471
48858,623,21654,26183
48858,958,22672,27000
49101,890,20162,23918
49101,956,20166,24460
49108,950,19837,23964
49108,1199,20780,25055
49108,990,20426,24829
49108,953,20266,24143
49108,973,20136,24385
49108,771,19823,23911
51045,869,20526,24926
51045,949,20495,24860
49830,890,20363,24250
49830,973,20346,24839
49594,956,20006,23845
49594,844,19857,24346
56113,944,19771,23634
56113,741,19443,23836
77529,629,18660,22460
77529,652,18223,22458
99007,650,18303,22325
99007,678,16571,21171
113271,635,15975,20106
113271,647,15402,18973
132504,653,10477,14822
132504,654,8147,12251
139211,654,8028,12069
139211,703,6062,10335
137794,656,4259,8309
137794,682,4178,8301
137620,653,4140,8148
137620,679,3741,7877
133795,660,3740,7769
133795,660,3628,7694
133313,672,3660,7756
133313,689,3821,8024
136442,653,5457,9431
136442,661,5405,9504
139237,668,5532,9619
139237,710,5170,9414
139237,656,4513,8538
139237,675,4587,8696
140440,639,4584,8529
140440,684,4595,8725
139237,658,4544,8644
139237,667,4540,8641
139237,664,4592,8619
139237,683,4351,8513
137860,664,4134,8178
137860,667,4090,8168
137379,681,4104,8327
137379,676,4244,8230
138997,655,8842,12644
138997,657,12862,16941
144191,657,12723,17082
144191,669,12347,16514
146060,650,10551,14586
146060,651,7434,11482
142508,665,5076,9199
142508,659,5123,9227
141616,678,5028,9201
141616,639,5228,9347
140680,661,5120,8988
140680,706,5297,9592
141375,666,5282,9352
141375,661,5093,9191
140920,659,5123,9183
140920,654,5063,9079
141856,653,5146,9250
141856,672,5180,9266
141135,652,5013,9067
141135,669,5037,9154
141856,642,5080,9099
141856,665,5159,9199
142097,688,5088,9392
142097,663,5280,9178
139959,674,4391,8610
139959,668,3933,7977
137619,650,3824,7841
137619,678,3894,8049
136923,663,3816,7857
136923,698,3900,8109
137860,669,4128,8220
137860,651,4380,8401
139718,666,4415,8524
139718,670,4502,8588
138823,665,4184,8312
138823,689,4108,8144
138341,663,4085,8155
138341,667,4062,8148
139477,664,7779,11734
139477,650,8923,12940
142028,675,6328,10585
142028,675,4261,8381
139933,654,4222,8245
139933,665,4169,8230
138970,664,4198,8292
138970,678,4109,8255
138516,653,4156,8137
138516,696,4194,8295
138490,673,4117,8304
138490,680,4149,8267
138250,653,4257,8273
138250,663,4094,8123
137164,677,3991,8142
137164,678,3676,7802
135239,660,3769,7794
135239,660,3705,7767
139452,659,9442,13111
139452,581,16915,20981
123589,952,18228,22752
123589,920,18553,22812
88784,603,19773,23725
88784,710,20133,24347
102369,714,15274,19357
102369,721,4481,8727
103646,698,3515,7583
103646,705,3416,7540
103212,665,3401,7354
103212,727,3437,7635
102313,683,3367,7380
102313,667,3273,7312
102729,644,3237,7423
102729,710,3976,8081
121501,666,3886,7971
121501,668,3826,7879
129789,664,3839,7885
129789,679,3854,7986
133314,656,3792,7826
133314,678,3879,7973
136176,658,3743,7791
136176,656,3674,7727
135238,682,3751,7911
135238,663,3807,7777
136417,668,3796,7918
136417,734,4000,8238
136682,660,3933,7954
136682,672,3817,7961
137860,647,3956,7960
137860,680,3940,8085
138756,646,4461,8451
138756,665,4477,8581
139544,664,4494,8533
139544,691,5432,9687
142577,635,5742,9671
142577,671,4552,8746
141375,661,4270,8283
141375,685,4204,8297
140506,675,4290,8356
140506,671,4179,8271
139478,657,4157,8219
139478,674,4211,8307
139718,683,4181,8418
139718,644,4209,8159
140413,659,5107,9115
140413,673,5150,9379
142096,658,5096,9150
142096,667,5058,9150
141161,671,4468,8581
141161,699,4505,8617
140894,645,4324,8316
140894,662,4308,8355
141135,668,4369,8451
141135,655,4331,8368
140414,686,4284,8539
140414,658,4333,8351
140654,680,4344,8534
140654,649,4007,7998
138035,678,3906,8058
138035,687,3998,8130
138756,640,3940,7897
138756,709,4007,8206
137139,656,3929,7946
137139,685,3802,7913
137379,654,3835,7871
137379,680,3912,8046
136923,660,3857,7892
136923,658,3982,7991
138035,678,3788,8016
138035,668,3752,7774
136416,680,3995,8150
136416,675,3966,8071
137313,667,3901,7987
137313,688,4071,8065
137619,659,3917,7939
137619,665,3877,7981
138582,659,3896,7955
138582,678,3875,7971
136898,667,3938,7998
136898,702,3994,8260
137619,653,3882,7896
137619,674,4465,8595
139478,647,4437,8439
139478,676,4553,8697
141307,640,4383,8388
141307,704,4560,8694
140920,664,4488,8536
140920,674,4443,8571
141161,664,4362,8430
141161,681,4060,8186
139785,671,4145,8287
139785,653,4050,8030
138996,652,4061,8075
138996,698,3935,8228
138997,666,4050,8120
138997,667,4028,8114
138515,657,3982,7989
138515,666,3978,8055
138275,673,4074,8195
138275,671,4035,8117
138822,653,4044,8052
138822,668,4684,8768
140961,663,4769,8794
140961,675,4725,8947
141856,658,4791,8893
141856,680,4885,9026
139237,644,4773,8741
139237,743,7623,11774
125780,715,8327,12461
125780,710,4190,8286
113697,683,3346,7408
113697,688,3292,7291
107270,723,3391,7613
107270,702,3371,7461
104179,687,3286,7355
104179,653,3200,7208
107492,678,3233,7298
107492,670,3172,7352
121260,684,3114,7125
121260,655,4023,8006
132655,664,4396,8480
132655,661,6856,10864
141135,681,7098,11368
141135,649,6570,10560
143923,647,5902,9999
143923,684,5982,10145
143683,655,6039,10060
143683,656,6012,10107
144405,655,6023,10059
144405,668,6117,10209
145606,686,6047,10321
145606,628,5926,9817
144885,678,6076,10322
144885,669,6064,10098
144501,635,5210,9201
144501,673,5014,9147
144164,670,5008,9128
144164,673,4224,8335
141615,670,3879,8008
141615,656,3820,7875
139933,655,3778,7821
139933,667,3827,7897
137378,678,3786,7914
137378,685,3823,7966
137794,660,3885,7945
137794,677,3810,7930
138100,670,3909,8009
138100,665,3918,8006
138971,648,3905,7897
138971,669,3884,7994
137073,674,3856,7993
137073,661,3837,7821
138035,662,3909,7961
138035,676,3871,8013
137860,667,3939,8007
137860,658,4482,8504
140654,685,4436,8677
140654,633,4435,8547
139933,684,4029,8024
139933,660,4118,8106
139692,682,4075,8291
139692,657,4014,8051
140654,650,4703,8684
140654,683,4775,8989
141135,657,4457,8562
141135,672,4175,8262
141135,657,4204,8240
141135,674,4227,8331
141135,652,4203,8242
141135,667,4165,8264
141375,693,4255,8443
141375,629,4069,8022
141135,699,4192,8428
141135,657,4144,8134
140173,674,3722,7866
140173,643,3693,7660
137620,678,3699,7872
137620,681,3736,7839
137338,674,3669,7771
137338,660,3691,7734
136201,646,3686,7666
136201,687,3770,7910
137619,665,3784,7817
137619,665,3709,7814
136176,681,3737,7884
136176,682,3801,7947
137379,658,3755,7779
137379,665,3792,7898
135695,674,3803,7906
135695,658,3765,7745
139037,660,5005,9038
139037,669,5518,9631
142096,640,5495,9497
142096,658,5464,9490
142337,698,4932,9304
142337,650,4563,8576
140920,665,4250,8346
140920,676,3632,7705
138100,665,3688,7706
138100,677,3661,7759
136416,674,3610,7732
136416,658,3635,7679
135695,685,3679,7875
135695,653,3647,7579
136416,677,3680,7821
136416,681,3624,7773
135238,658,3703,7739
135238,664,3681,7681
135239,660,3583,7659
135239,694,3737,7899
134276,656,3676,7695
134276,696,5272,9298
119113,749,6970,11280
119113,683,4284,8261
116942,697,4338,8410
116942,705,4429,8465
115572,720,4304,8544
115572,690,4349,8318
114607,685,3983,8186
115792,681,3340,7406
115792,665,3240,7260
125275,688,3254,7397
125275,660,3228,7240
130247,675,3227,7370
130247,661,3268,7240
129765,678,3214,7359
129765,674,3284,7263
131274,668,3216,7338
131274,674,3182,7276
130512,675,3213,7269
130512,698,3208,7423
132414,662,3268,7305
132414,670,3213,7294
131148,663,3289,7311
131148,694,3257,7374
130994,653,3194,7226
130994,674,3216,7304
130271,675,3304,7352
130271,673,3280,7352
131869,682,3256,7364
131869,652,3692,7675
136111,678,4508,8724
136111,669,4429,8558
140894,657,4554,8549
140894,676,4507,8665
142097,649,4454,8472
142097,670,4533,8620
140895,668,4193,8306
140895,670,4080,8161
140199,660,4131,8173
140199,657,4029,8240
140481,668,3995,7922
140481,672,4021,8143
140894,676,4691,8862
140894,671,4805,8889
143683,625,6052,9925
143683,672,6099,10281
144164,657,6362,10353
144164,678,9854,14104
147261,642,8536,12608
147261,680,4055,8230
141135,669,3760,7812
141135,669,3678,7752
141375,656,6024,10030
141375,643,8457,12416
144912,684,9986,14298
144912,645,6477,10500
145606,651,6438,10441
145606,669,6317,10456
144644,666,4698,8817
144644,680,3589,7721
137860,670,3623,7694
137860,660,3443,7476
134035,688,3246,7389
134035,689,3229,7376
133859,659,3282,7294
133859,665,3402,7522
134035,658,3662,7643
134035,673,3693,7828
139477,657,7318,11358
139477,663,7634,11712
144404,654,7628,11691
144404,680,7322,11580
146497,634,7530,11314
146497,672,10303,14528
148603,644,12773,16839
148603,648,12942,16961
148320,663,12806,16838
148320,655,13268,17460
149688,638,12632,16643
149688,675,9685,13984
146667,646,5433,9481
146667,688,5087,9333
145366,648,5153,9182
145366,663,5079,9147
143924,648,5067,9098
143924,669,4586,8726
143683,659,4391,8505
143683,672,4494,8613
142337,667,4507,8563
142337,678,4385,8564
142722,636,4389,8284
142722,672,4397,8533
142509,656,4430,8475
142509,668,4412,8494
142963,670,4409,8622
142963,669,4433,8545
142817,670,4493,8575
142817,664,4392,8471
142817,651,4475,8484
142817,669,4455,8549
142337,667,4344,8477
142337,674,4012,8105
125276,706,5174,9202
125276,745,14127,18341
123830,687,5710,9659
123830,719,4163,8302
117261,724,4080,8298
117261,712,4121,8239
114125,689,4146,8155
114125,684,3968,8083
115310,667,4124,8120
115310,677,3968,8132
128345,666,3986,8044
128345,659,3899,7916
134277,671,3883,7986
134277,676,3974,8049
137860,660,3896,7918
137860,661,3875,7993
138275,680,3933,8126
138275,678,3980,8077
138581,652,3901,7917
138581,677,3886,8023
138581,668,3913,7979
138581,677,9573,13737
145462,654,12212,16259
145462,647,11992,15978
148391,657,11940,16045
148391,637,11175,15216
147937,686,6885,11166
147937,644,6679,10692
146807,673,7019,11187
146807,631,16609,20457
149324,672,13926,18244
149324,631,6360,10253
146327,665,5003,9091
146327,666,4146,8227
142817,685,4120,8376
142817,673,4222,8329
142337,654,4216,8238
142337,665,4161,8262
142337,652,4212,8227
142337,666,4795,8906
145125,638,7711,11613
145125,666,7927,12078
147190,663,8235,12457
147190,668,8043,12201
148871,650,8158,12113
148871,667,7760,11966
148631,633,8121,12001
148631,667,7776,11966
148631,649,8007,11983
148631,666,8004,12212
148631,680,8205,12447
148631,654,6662,10703
147981,636,5813,9817
147981,673,5846,9964
146086,679,5773,9977
146086,633,5700,9631
146086,661,5766,9855
146086,666,5709,9782
146086,665,5822,10053
146086,678,5691,9834
145606,653,5743,9800
145606,650,5651,9673
146086,660,5706,9783
146086,676,5667,9817
147260,634,5816,9744
147260,678,5764,9986
145126,671,4907,9052
145126,663,4764,8840
144644,673,4244,8359
144644,639,3712,7631
139933,687,3790,7991
139933,653,3766,7749
138970,674,3728,7841
138970,666,3674,7762
137073,671,3722,7770
137073,680,3717,7888
137313,656,3749,7722
137313,672,3657,7799
136832,664,3740,7773
136832,675,3759,7897
137379,664,3806,7841
137379,693,5339,9578
141308,635,5322,9289
141308,675,5444,9591
144164,651,5648,9654
144164,669,5433,9595
144164,643,5484,9457
144164,684,5498,9672
146086,671,12157,15925
146086,672,17458,21650
148913,709,26553,31022
148913,642,20788,24402
148800,677,17802,22292
148800,685,20172,24336
150691,643,17069,20986
150691,656,13735,17740
150931,664,13432,17618
150931,661,11056,15115
137288,747,11705,15790
137288,706,5878,10206
120077,695,3457,7367
120077,712,3495,7673
109613,677,3500,7515
109613,718,3518,7681
106062,690,3495,7547
106062,700,3431,7546
105337,690,3436,7564
105337,660,3475,7466
113214,662,3213,7264
113214,679,3252,7363
130550,645,10320,13885
130550,668,15335,19684
141856,652,13239,17346
141856,649,12658,16664
146950,678,12888,17341
146950,645,12839,16946
147457,643,8853,12732
147457,660,8587,12670
148151,658,8598,12698
148151,650,7926,11942
147217,673,7066,11337
147217,644,7396,11335
147697,674,7272,11524
147697,646,7240,11260
147217,665,7263,11411
147217,685,6266,10486
146017,642,5327,9355
146017,673,5185,9289
145366,648,5145,9182
145366,670,5172,9289
147047,646,7475,11357
147047,660,7799,11926
147698,684,7956,12305
147698,639,8007,11817
147670,665,7033,11275
147670,659,5913,9969
147430,639,5842,9844
147430,676,5814,9946
144885,678,4395,8651
144885,641,4234,8138
143057,677,4212,8431
143057,668,4223,8315
142096,660,4247,8299
142096,672,4230,8349
141134,657,4265,8309
141134,666,4301,8357
141375,662,4320,8386
141375,668,4212,8298
140894,671,4098,8246
140894,674,3284,7328
135454,662,3254,7305
135454,675,3164,7283
132832,681,3276,7342
132832,668,3237,7275
132110,673,3336,7466
132110,703,3316,7488
134035,649,4907,8902
134035,667,9199,13338
143683,636,10028,13972
143683,676,12230,16523
147698,638,12224,16124
147698,646,8200,12262
148560,659,8315,12358
148560,652,7825,11906
147910,652,6361,10737
147910,711,4871,8958
145606,655,4828,8914
145606,646,4266,8274
141856,659,3761,7802
141856,670,3755,7798
139959,672,3734,7869
139959,655,3650,7675
138756,684,3758,7965
138756,679,3739,7841
139063,651,3757,7751
139063,665,3667,7747
138167,667,3722,7820
138167,672,3701,7772
140440,643,5333,9311
140440,665,5338,9428
143470,673,5480,9741
143470,646,5418,9296
144431,675,5261,9518
144431,668,5539,9665
145847,644,4897,8808
145847,664,4504,8615
144191,686,4427,8691
144191,658,4449,8509
143538,647,4408,8365
143538,672,4037,8117
140961,684,3949,8163
140961,674,3751,7859
140680,639,4187,8110
140680,667,4169,8262
141161,682,4145,8377
141161,663,4170,8266
141683,651,4307,8342
141683,673,4288,8423
141375,645,4198,8153
141375,701,4836,9043
126900,731,12856,16769
126900,735,9114,13344
121465,709,4235,8417
121465,704,4229,8295
117204,706,4259,8341
117204,709,4291,8388
115572,663,4269,8310
115572,691,4277,8362
127708,652,4107,8133
127708,689,5573,9772
139478,637,6192,10124
139478,671,5953,10183
143470,647,5973,9944
143470,654,5144,9207
144164,682,5038,9265
144164,666,5048,9098
145339,656,6265,10396
145339,652,6616,10564
145606,654,6443,10460
145606,666,4714,8915
142509,671,4139,8277
142509,677,4130,8232
140654,657,4109,8152
140654,665,4050,8086
140654,655,4118,8366
140654,674,4036,7973
140654,685,4076,8270
140654,664,4089,8190
141134,662,4106,8151
141134,668,4053,8146
140199,656,4051,8077
140199,668,4028,8108
141135,658,4071,8083
141135,683,4132,8310
143271,655,5829,9787
143271,668,6029,10222
145579,655,6085,10160
145579,666,6158,10210
147430,678,7788,11998
147430,630,9745,13510
148390,678,10135,14531
148390,656,9987,14077
149111,641,9229,13219
149111,658,6800,10815
147740,661,6852,10948
147740,661,6621,10705
148150,665,6026,10213
148150,672,5655,9833
146087,648,5627,9615
146087,658,5670,9796
146257,659,5816,9863
146257,678,5068,9266
144431,639,4667,8624
144431,677,4859,9053
144500,658,4914,8925
144500,675,4776,8948
144260,653,4504,8560
144260,675,4177,8317
142337,649,4000,8021
142337,665,3726,7752
141135,682,3737,7891
141135,660,3713,7769
138275,661,3700,7723
138275,683,3687,7837
138797,684,3692,7842
138797,643,3724,7686
138316,690,3727,7951
138316,648,3791,7676
138275,686,3763,7979
138275,672,3722,7786
138997,650,3699,7760
138997,677,3735,7817
139063,655,3727,7762
139063,690,3708,7891
139278,672,3751,7859
139278,662,3640,7738
138100,658,3730,7758
138100,683,3728,7839
139278,654,3714,7745
139278,670,3737,7850
138101,657,3762,7791
138101,675,3747,7862
138730,664,3762,7790
138730,662,3656,7754
138341,690,3748,7935
138341,656,3831,7778
138127,682,3743,7854
138127,680,3707,7914
137860,670,3788,7816
137860,676,3695,7802
137711,657,3678,7684
137711,665,3638,7727
138582,658,3700,7729
138582,679,3788,7847
138100,664,3693,7770
138100,703,3720,7992
139544,661,4175,8235
139544,667,4441,8552
141616,654,4348,8411
141616,669,4419,8529
128104,689,5834,9584
128104,729,13104,17247
123371,706,4744,8955
123371,728,3944,8209
116757,669,3957,7865
116757,726,3973,8213
112490,686,3992,8110
112490,715,3901,7940
108888,668,3964,8009
108888,681,3759,7893
127684,669,4050,8119
127684,660,4424,8451
136832,671,4365,8506
136832,665,4401,8492
140413,646,4432,8399
140413,686,4223,8418
140173,651,3937,7959
140173,674,3952,8074
139451,659,3944,7980
139451,667,4481,8546
140827,670,4108,8258
140827,674,4128,8220
141548,652,4067,8038
141548,685,4063,8253
140653,656,4076,8099
140653,680,4112,8206
140826,661,4047,8267
140826,681,4010,7986
140106,673,3625,7735
140106,724,3630,7772
136376,658,3612,7608
136376,673,3569,7680
136657,669,3711,7723
136657,683,3734,7850
137860,653,3640,7670
137860,676,3683,7776
139759,687,5095,9323
139759,648,6176,10164
145580,647,10678,14466
145580,648,13685,17874
148123,686,12218,16635
148123,645,9291,13206
147430,672,6172,10396
147430,660,5535,9647
147020,685,5738,9779
147020,672,5489,9576
146950,641,5491,9516
146950,671,5587,9650
146086,651,5453,9498
146086,672,5437,9577
146807,665,6829,10942
146807,660,6681,10767
148150,678,6552,10775
148150,655,4890,8938
145392,638,4704,8646
145392,669,4778,8879
144191,664,4909,9032
144191,654,4775,8845
144164,688,4850,9065
144164,654,3719,7717
141135,676,3553,7721
141135,658,3291,7241
139211,694,5147,9396
139211,632,5688,9603
144164,674,5800,10015
144164,636,5838,9705
144164,677,5044,9247
144164,673,4104,8212
142749,658,4159,8245
142749,677,4331,8475
142337,653,4312,8332
142337,667,4286,8390
142096,655,4218,8255
142096,673,4210,8324
141856,661,4259,8300
141856,674,4187,8281
141856,681,4308,8526
141856,657,4246,8240
141135,673,4295,8437
141135,681,4216,8336
141615,648,4232,8261
141615,672,4239,8331
142550,647,4221,8181
142550,676,4197,8352
143030,655,4250,8315
143030,687,4236,8473
142309,656,4323,8365
142309,664,4173,8246
142482,664,4272,8370
142482,672,4250,8384
143058,651,4308,8261
143058,664,4224,8348
142818,663,4296,8330
142818,678,4222,8339
142269,655,4202,8254
142269,690,4371,8552
144644,663,8370,12488
144644,630,17668,21181
149251,673,16678,21366
149251,656,13625,17554
147670,660,7885,12005
147670,748,9235,13343
128562,731,7818,12033
128562,694,3510,7563
112918,695,3495,7580
112918,678,3547,7681
108165,719,3601,7620
108165,690,3525,7612
106283,688,3505,7566
106283,675,3474,7567
107923,688,3453,7495
107923,658,3724,7798
126985,661,4502,8524
126985,668,4570,8647
136897,674,4565,8780
136897,672,4576,8725
141134,660,5551,9569
141134,657,6660,10677
145296,636,6122,10125
145296,673,5339,9664
145125,674,5056,9077
145125,664,5121,9198
145339,651,5195,9256
145339,662,5219,9307
144404,682,5094,9287
144404,646,5235,9193
145366,650,5231,9235
145366,661,5181,9310
144645,666,5169,9424
144645,684,5112,9169
144431,646,4811,8763
144431,675,4421,8566
143711,645,4423,8391
143711,671,6817,11000
145846,657,8583,12613
145846,649,8684,12697
147670,662,8512,12630
147670,660,8522,12723
148222,659,7873,11976
148222,664,6029,10167
147911,647,6080,10066
147911,652,10633,14568
148347,677,12713,17105
148347,667,11284,15387
146256,638,5080,9073
146256,673,3938,8057
142029,663,3951,7958
142029,661,3976,8242
142269,690,3965,8029
142269,653,4007,8026
140413,677,3974,8103
140413,679,3940,8035
140172,662,3980,8067
140172,666,3946,8003
140480,660,4053,8101
140480,668,3907,7960
141202,659,4051,8070
141202,664,3885,8010
139211,672,3893,8049
139211,659,3970,7944
139692,687,4016,8243
139692,648,5355,9294
144164,669,5594,9812
144164,665,4855,8896
144164,652,4856,8940
144164,662,4655,8713
142268,673,3747,7903
142268,671,3738,7831
141375,658,4194,8240
141375,671,4343,8413
141616,651,4432,8510
141616,651,4852,8857
145339,676,8081,12305
145339,648,7878,11867
144164,662,4693,8776
144164,682,3197,7348
139211,654,3753,7736
139211,691,3863,8079
139692,656,4032,8009
139692,653,3956,7961
140106,661,3876,7991
140106,672,3892,7982
138970,682,3963,8163
138970,662,3928,7918
139692,686,3856,8069
139692,675,4011,8058
139718,657,4021,8030
139718,653,3893,7949
140413,663,3854,7928
140413,676,3884,7990
139999,666,3836,7878
139999,676,3961,8075
139785,658,3887,7938
139785,697,3930,8193
140173,652,3942,7941
140173,665,3857,7979
139692,647,3880,7828
139692,683,3949,8103
139478,677,3919,8039
139478,687,3916,8083
139932,638,3887,7807
139932,689,5304,9513
142749,652,5842,9858
142749,740,5896,9988
125780,720,5724,9834
125780,715,4276,8451
113938,683,3413,7440
113938,715,3474,7630
108458,675,3405,7399
108458,700,3411,7540
105337,677,3391,7389
105820,700,3403,7590
105820,659,3484,7471
105820,660,6438,10456
130247,664,7130,11321
130247,676,7190,11364
141134,647,7101,11124
141134,651,6749,10685
144233,671,4998,9216
144233,682,5045,9223
144885,633,4970,8948
144885,664,4959,9057
145365,672,5676,9814
145365,647,7660,11575
146977,658,7876,12023
146977,664,7865,11920
148151,651,8026,12109
148151,673,7349,11571
147937,663,6902,11006
147937,675,9912,14094
149591,631,11549,15671
149591,650,17453,21154
150000,742,18935,22905
150000,655,16925,21087
151862,639,16919,20899
151862,666,16803,20924
151622,672,16987,21550
151622,653,16972,21109
152174,646,16596,20515
152174,665,14886,19094
152823,631,13441,17214
152823,670,11457,15698
151623,653,11602,15697
151623,651,11193,15140
150211,789,12740,16903
150211,647,11549,15621
149280,683,11396,15803
149280,669,11424,15557
150139,628,11349,15244
149252,657,9647,13788
149252,664,6153,10246
145126,662,4247,8302
145126,671,4080,8192
142269,687,4130,8327
142269,647,4166,8098
141616,687,4120,8371
141616,640,4116,8062
141615,677,4187,8342
141615,671,4015,8106
140413,665,3678,7727
140413,668,3599,7690
137794,658,3655,7692
137794,667,3669,7728
137113,673,3639,7746
137113,678,3666,7762
137860,683,3657,7784
137860,683,3661,7814
136657,656,3661,7716
136657,665,3639,7728
136417,662,3669,7697
136417,681,3619,7724
137794,653,3608,7604
137794,686,3631,7777
136657,658,3666,7679
136657,665,3618,7734
137619,668,3863,7953
137619,673,4143,8232
140894,651,4220,8229
140894,669,4187,8291
142509,657,4158,8229
142509,659,4156,8240
143271,693,4225,8446
143271,664,4158,8204
142577,657,4243,8330
142577,675,4184,8292
142818,649,4116,8147
142818,675,4250,8385
142577,652,4180,8198
142577,668,4176,8262
142336,678,4246,8442
142336,643,4230,8173
142337,680,4200,8415
142337,642,4176,8102
142097,676,4222,8414
142097,669,4172,8296
140962,672,4026,8124
140962,669,3245,7331
134606,672,3254,7299
134606,676,3308,7365
134316,657,3315,7365
134316,679,3285,7365
132656,665,3183,7258
132656,674,3225,7305
133113,678,3375,7403
133113,692,3420,7651
122648,738,10819,14668
122648,736,12170,16491
119354,688,4028,8060
119354,697,3702,7790
111544,688,3717,7754
111544,704,3679,7799
108888,718,3649,7845
108888,686,3549,7620
104904,662,3633,7692
104904,655,3342,7294
122648,669,3410,7537
122648,696,3492,7666
130031,645,3580,7490
130031,687,3469,7648
136657,665,5868,9931
136657,655,7696,11793
143683,672,6909,11116
143683,636,6420,10250
146059,684,6016,10311
146059,657,5472,9570
145606,656,5446,9476
145606,659,5387,9489
145606,661,5520,9566
145606,660,5421,9472
145605,647,5549,9591
145605,657,5386,9458
145365,666,5388,9505
145365,665,5591,9646
146950,684,5643,9887
146950,659,5391,9506
143924,655,3970,8000
143924,664,3580,7674
142722,656,4734,8786
142722,674,5130,9256
144164,640,5039,9008
144164,670,5094,9212
145125,663,5174,9341
145125,688,5076,9278
144885,640,4571,8542
144885,680,4399,8581
143271,645,4319,8252
143271,669,4267,8369
143443,653,4412,8667
143443,689,4492,8552
144164,654,4365,8331
144164,674,4384,8536
142749,663,4194,8324
142749,667,3928,7934
142509,667,3879,7953
142509,656,3825,7922
139478,677,3816,7950
139478,671,3817,7869
139933,653,3899,7912
139933,679,3894,8025
140241,658,3869,7894
140241,692,3869,8047
141135,647,3764,7850
141135,673,3813,7910
139237,667,3946,8022
139237,670,3925,7987
140240,651,3920,7948
140240,685,3946,8109
139451,658,3939,7951
139451,687,3883,8076
139237,651,3854,7880
139237,672,3858,7893
139477,676,3942,8137
139477,644,3965,7884
139518,685,3883,8072
139518,664,3974,8110
140173,644,4002,7985
140173,675,4015,8117
139303,665,3938,7990
139303,674,3958,8076
139999,652,4010,8037
139999,672,4027,8109
139959,679,4035,8210
139959,668,3916,8066
139692,663,3870,7951
139692,682,3964,8030
139999,650,3851,7878
139999,675,3796,7903
139718,662,3848,7891
139718,699,3835,8029
140895,660,3878,7941
140895,646,3816,7829
140414,666,4064,8155
140414,658,5683,9731
143539,674,4804,8918
143539,659,4191,8249
143058,651,4196,8217
143058,671,4205,8343
142577,684,4148,8354
142577,635,4078,7991
142096,689,4159,8399
142096,667,4163,8261
141856,644,4149,8139
141856,675,4122,8255
141856,650,4149,8167
141856,665,4093,8178
141616,654,4123,8158
141616,672,4152,8290
138556,668,4216,8253
138556,739,7959,11894
124071,720,7048,11342
124071,694,3850,7894
114607,706,3687,7804
114607,714,3643,7832
110096,671,3571,7572
110096,696,3610,7680
107440,697,3606,7708
107440,660,3559,7577
115309,695,3518,7674
115309,662,3427,7456
127382,682,3414,7562
127382,674,3436,7543
131869,663,3460,7508
131869,676,3369,7463
133770,667,3456,7511
133770,672,3449,7539
134251,669,3443,7488
134251,673,3361,7449
134732,659,3424,7442
134732,673,3367,7464
134732,683,3367,7520
134732,664,4034,8110
138730,654,4104,8118
138730,672,4076,8158
139451,666,4111,8178
139451,678,4090,8202
140413,664,4089,8139
140413,697,4092,8325
140413,641,4028,7966
140413,692,4060,8307
141135,650,4097,8128
141135,668,4035,8151
141135,656,4061,8085
141135,676,3963,8090
140173,663,3686,7701
140173,674,3594,7696
137554,659,3680,7714
137554,669,3667,7717
136898,681,3630,7853
136898,658,3605,7552
136897,673,3602,7710
136897,680,3565,7714
136923,663,3623,7653
136923,671,3625,7770
136832,675,3665,7810
136832,661,3715,7673
137860,687,3788,7987
137860,637,4147,8122
140240,661,4242,8232
140240,664,10246,14218
146780,672,13068,17362
146780,655,10799,14831
149351,655,11415,15530
149351,657,11399,15529
149307,642,11204,15141
149307,654,11356,15508
149280,660,10030,14022
149280,663,9257,13427
148630,663,6706,10917
148630,665,6327,10367
147697,641,6334,10360
147697,664,6363,10487
147047,664,4667,8784
147047,672,4532,8701
145435,673,4476,8645
145435,634,4531,8437
145536,664,6148,10304
145536,685,5329,9509
144645,648,4258,8300
144645,670,4420,8530
142509,658,4103,8145
142509,676,3282,7397
136657,672,3320,7375
136657,673,3208,7272
134276,668,3268,7313
134276,671,3848,7932
141828,657,11649,15661
141828,655,11135,15226
145819,682,5210,9461
145819,640,4852,8799
144885,686,4870,9098
144885,659,4896,8952
145819,660,4994,9031
145819,669,4779,8905
144645,646,4782,8795
144645,681,4493,8657
139998,662,3267,7300
139998,674,3258,7323
135213,679,3245,7404
135213,669,3246,7207
134074,673,3243,7364
134074,672,3928,8091
139692,659,6800,10849
139692,660,7213,11272
144885,657,7267,11301
144885,681,8189,12371
148843,655,11419,15505
148843,653,12181,16283
150523,644,11896,15872
150523,655,12166,16300
149419,645,11975,15962
149419,629,11683,15816
137702,759,14001,18001
137702,751,10278,14717
122625,674,3482,7483
122625,704,3467,7559
111041,690,3388,7462
111041,694,3418,7474
107681,709,3480,7665
107681,697,3428,7531
104854,654,3379,7399
104854,747,3694,7664
85268,1127,15042,19045
85268,693,20123,24271
96220,765,20023,24457
96220,732,13279,17421
94106,690,6447,10481
94106,718,6536,10670
91703,685,6562,10525
91703,715,6562,10633
90779,691,6598,10659
90779,720,6664,10807
90493,689,6545,10548
90493,723,6580,10728
90537,692,6518,10533
90537,712,6690,10809
90294,694,6501,10576
90294,707,6605,10715
89810,706,6514,10718
89810,1485,6860,11029
76661,1453,7495,11906
76661,1260,5832,9953
71406,1440,6467,10677
71406,1335,5490,9733
69232,1284,8172,12452
69232,1128,10336,14285
68458,1087,14783,18937
68458,1126,16830,21009
68204,894,18390,22400
71520,585,15833,19978
71520,644,7111,8705
71324,528,2520,6965
71324,505,2027,6041
70354,506,1797,5825
70354,522,1789,5859
69903,532,1684,5845
69903,516,1691,5755
69903,505,1656,5672
69903,522,1710,5778
69903,507,1706,5733
69903,518,1790,5867
69915,505,1698,5710
69915,522,1792,5879
69903,534,1950,6095
69903,494,1739,5678
69915,530,1761,5916
69915,522,1815,5883
69660,507,1710,5744
69660,520,1780,5858
69660,507,1810,5832
69660,517,1844,5908
69660,531,1826,5993
69660,516,1816,5878
69660,509,1813,5846
69660,517,1853,5922
69660,508,1842,5876
69660,516,1776,5832
69660,508,1780,5816
69660,519,1854,5912
69660,530,1812,5974
69660,494,1840,5768
69660,532,1807,5968
69660,522,1882,5954
69660,512,1912,5955
69660,518,1836,5903
69660,508,1777,5808
69660,519,1850,5916
69660,507,1917,5945
69660,516,1817,6029
69417,530,1796,5818
69417,524,1865,5950
69660,506,1897,5911
69660,520,1785,5866
69417,503,1860,5872
69417,527,1862,5939
69672,528,1868,6020
69672,497,1942,5888
69429,528,1825,5976
69429,519,1846,5920
69429,504,1868,5878
69429,522,1815,5903
69429,510,1885,5900
69429,519,1859,5928
69429,531,1865,6028
69429,520,1877,5933
62186,515,1963,6006
62186,520,1892,5947
53998,508,1828,5853
53998,517,1814,5881
50869,509,1805,5850
50869,519,1876,5933
49652,508,1809,5972
49652,516,1760,5685
49165,531,1775,5937
49165,521,1852,5922
48921,505,1787,5803
48921,518,1820,5900
48921,509,1932,5963
48921,518,1846,5901
48921,506,1827,5856
48921,516,1781,5844
48929,533,1939,6100
48929,523,1856,5932
48954,507,1929,5946
48954,520,1836,5907
48929,504,1908,5913
48929,524,1853,5939
48921,505,1824,5981
48921,520,1865,5800
48921,529,1860,6006
48921,522,1890,5962
48921,508,1881,5908
48921,518,1856,5926
48921,506,1881,5898
48921,523,1856,5935
48921,509,1813,5847
48921,537,1774,5953
48921,510,1853,5893
48921,520,1849,5911
48921,509,1798,5839
48921,516,1829,5881
48921,505,1825,5848
48921,522,1857,5923
48921,524,1934,5971
48921,514,1781,5840
48921,530,1857,6009
48921,526,1902,5984
48921,511,1923,5953
48921,520,2071,6139
48921,507,1821,5851
48921,520,1823,5890
48921,530,1868,6030
48921,492,1787,5715
48921,533,1846,6016
48921,518,1822,5885
48678,506,1845,5864
48678,519,1794,5878
48678,506,1818,5834
48678,523,2136,10602
34624,520,1836,13642
34624,525,1858,13680
26851,502,1871,13418
26851,536,1890,13765
23936,520,1905,13690
23936,507,1835,13442
22715,512,1924,13632
22715,516,1856,13506
22226,516,1832,13582
22226,533,1761,13679
22226,495,1790,13321
22226,536,1929,13817
21982,515,1930,13680
21982,510,1838,13467
21982,517,1810,13617
21982,508,1863,13430
21982,520,1889,13709
21982,529,1791,13661
21982,491,1831,13307
21982,536,1814,13711
21982,498,1888,13446
21982,518,1795,13539
21982,525,1861,13718
21982,512,1794,13447
21982,516,1857,13614
21982,529,1909,13774
21982,518,1828,13608
21982,512,1876,13503
21982,518,1817,13599
21982,507,1620,13233
21988,520,1875,13677
21988,502,1810,13343
21988,520,1791,13605
21988,533,1850,13762
21982,495,1830,13329
21982,531,1852,13715
21996,522,1828,13637
21996,506,1847,13426
21996,518,1750,13547
21996,505,1795,13362
21996,523,1840,13675
21996,525,1830,13638
21988,498,1866,13403
21988,529,1808,13668
21988,523,1850,13694
21988,504,1842,13401
21988,523,1899,13720
21988,503,1868,13408
21744,522,1813,13643
21744,529,1736,13613
21988,497,1863,13404
