nvml:nvidia_geforce_gtx_970_0,rapl:ram,rapl:cores,rapl:pkg
21766,822,8409,20250
21766,528,2323,14005
21766,499,2015,13535
21766,539,1936,13880
21766,513,1831,13536
21766,516,1900,13619
21766,512,1909,13579
21766,515,1879,13566
21766,516,1859,13563
21766,511,1791,13483
21766,512,1788,13475
21766,542,1976,13963
21766,513,1785,13492
21766,514,1858,13564
21766,508,1831,13480
21766,518,1955,13655
21766,511,1923,13585
21766,513,1843,13553
21766,513,1860,13554
21766,531,1842,13748
18102,502,1888,13446
18102,533,1832,13764
18102,612,5945,17205
18102,532,2207,14303
18102,514,2053,13736
18102,516,1801,13506
18102,513,1834,13533
18102,529,1788,13663
18102,522,1700,13474
18102,513,1630,13334
18102,513,1703,13394
18102,508,1842,13448
18102,518,1848,13608
18102,516,1839,13558
18102,511,1654,13345
18102,540,1897,13874
18102,492,1908,13355
18102,539,1831,13807
18102,513,1840,13542
18102,513,2002,13653
17863,524,1897,13722
17863,504,1832,13397
17863,511,1793,13474
17863,515,1919,13613
17863,536,1828,13795
17863,515,1841,13555
17863,511,1817,13512
17863,516,1866,13552
17863,510,1811,13467
17863,515,1783,13502
17863,510,1844,13506
17863,520,1791,13525
17863,535,1762,13740
17863,511,1716,13410
17863,517,1784,13472
17863,504,1797,13386
17863,523,1918,13720
17863,514,1768,13467
17863,512,1684,13370
17863,512,1745,13427
17863,524,1903,13687
17863,532,1925,13791
17863,515,1605,13316
17863,507,1875,13494
17863,518,1788,13542
17863,515,1819,13557
17863,513,1898,13583
17863,510,1849,13502
17863,537,1784,13778
17863,513,1818,13517
17863,510,1796,13479
17863,520,1978,13688
17863,513,1837,13521
17863,511,1855,13542
17863,512,1831,13519
17863,515,1886,13594
17863,533,1793,13749
17863,513,1848,13542
17863,517,1905,13622
17863,513,1847,13534
17863,521,1938,13746
17863,503,1896,13431
17863,514,1764,13466
17863,532,1879,13810
17863,517,1750,13499
17863,513,1780,13496
17863,514,1813,13522
17863,517,1851,13552
17863,512,2008,13711
17863,515,1754,13475
17863,503,1797,13406
17863,517,1846,13542
17863,536,1796,13782
17863,513,1784,13489
17863,510,1791,13452
17863,517,1776,13506
17863,509,1647,13306
17863,513,1804,13483
17863,515,1877,13614
17863,531,1791,13698
17863,499,1827,13366
17863,534,1800,13734
17863,513,1777,13483
17863,513,1959,13643
17863,512,1793,13482
17863,511,1852,13536
17863,514,1789,13501
17863,517,1867,13588
17863,510,1868,13531
17863,535,1800,13768
17863,509,1785,13446
17863,518,1879,13604
17863,510,1739,13415
17863,514,1675,13379
17863,508,1690,13336
17863,520,1769,13516
17863,534,1745,13701
17863,514,1804,13533
17863,512,1976,13629
17863,518,1914,13638
17863,516,1807,13560
17863,509,1880,13514
17863,514,1860,13571
17863,520,1899,13593
17863,510,1818,13493
17863,532,1790,13723
17863,514,1811,13537
17863,513,1833,13514
17863,512,1846,13530
17863,512,1829,13518
17863,509,1806,13478
17863,517,1831,13542
17863,537,1784,13786
17863,511,1854,13535
17863,509,1793,13477
17863,520,1927,13637
17863,511,1882,13561
17863,513,1821,13537
17863,512,1805,13489
17863,514,1816,13519
17863,521,1807,13623
17863,529,1803,13691
17863,507,1790,13431
17863,522,1882,13624
17863,506,1827,13465
17863,512,1799,13500
17863,512,1830,13514
17863,514,1823,13535
17863,534,1818,13772
17863,515,1867,13603
17863,509,1801,13456
17863,518,2006,13727
17863,515,1906,13600
17863,514,2030,13736
17863,507,1807,13454
17863,519,1821,13558
17863,535,1905,13866
17863,512,1782,13476
17863,506,1898,13498
17863,521,1907,13685
17608,574,11564,22831
17608,613,20152,31778
17608,610,20551,32856
17608,898,18290,29885
17608,599,19058,30779
17608,592,20327,32073
17608,783,18157,29925
17608,826,12904,24542
17608,792,12680,24306
17608,713,33146,45227
17608,618,50172,61914
17608,823,22097,33993
17608,630,20552,32116
17608,677,20324,32305
17608,643,20085,31483
17608,649,20306,32209
17608,1033,15688,27446
17608,656,16963,28722
17608,646,19882,31612
17608,650,20258,31857
17329,657,20276,32288
17329,728,19626,31665
17329,1168,10291,22087
17329,667,17052,28958
17329,623,20219,31829
17329,679,19876,31632
17329,643,19882,31593
17329,645,19932,31511
17329,592,19311,31025
17329,588,20727,32401
17329,587,22003,33527
17329,612,22386,34154
17329,2000,19108,31694
17329,725,13376,25014
25132,859,19711,28606
25132,969,19786,24176
39699,957,19801,23818
39699,938,19377,23647
45491,973,19731,23757
45491,1096,19792,24035
47436,930,19837,23800
47436,1057,19974,24288
48410,886,20061,24220
48410,1033,18876,23189
48653,1553,18241,22986
48653,1393,12750,16652
49172,1362,17148,21928
49172,1093,19011,23386
48896,931,18228,22168
48896,1172,8601,12795
48896,606,16107,20072
48896,651,19747,23899
48646,601,19646,23632
48646,577,20855,24982
48621,600,21937,25764
48621,898,21831,26097
48864,924,20097,24459
48864,991,19985,24539
48896,988,20132,24176
48896,1166,20384,24677
48896,886,20248,24185
48896,1034,19782,24022
48896,965,19808,23962
48896,767,18634,22895
50842,924,19463,23828
50113,827,19295,23170
50113,913,19395,23753
49139,962,18993,23041
49139,1015,19173,23570
55878,839,19503,23495
55878,968,19556,23967
62873,789,19321,23303
62873,676,19898,24291
83530,627,17440,21223
83530,674,13980,18207
100697,637,12099,16104
100697,719,4290,8545
106252,687,3395,7537
106252,684,3331,7412
117928,668,3273,7318
117928,678,3297,7352
123211,693,3393,7440
123211,680,3321,7426
126985,685,3391,7525
126985,654,3285,7252
127226,666,3284,7377
127226,698,3307,7488
126262,662,3305,7357
126262,657,3281,7309
127226,686,3346,7425
127226,674,3329,7442
126201,689,3384,7411
126201,710,3268,7482
126744,681,3284,7341
126744,655,3184,7145
129789,668,4484,8542
129789,649,16029,19831
139693,648,18048,22084
139693,648,17394,21570
143375,674,16791,21227
143375,638,16412,20207
144575,672,16922,21296
144575,648,16421,20480
144816,647,15951,19901
144816,652,16667,20867
144335,670,11485,15422
144335,692,9306,13747
144575,622,9092,13182
144575,687,9199,13253
144575,628,8196,12099
144575,688,5771,10034
142097,650,4468,8494
142097,663,4596,8673
138996,663,4309,8403
138996,669,4043,8151
137860,652,4102,8110
137860,672,4113,8258
136442,705,4241,8428
136442,655,4180,8117
136508,686,4147,8376
136508,677,4136,8221
136748,654,4137,8165
136748,673,4089,8156
137164,662,4128,8222
137164,656,4023,8112
137379,648,4092,8113
137379,671,3795,7861
134341,662,3697,7747
134341,671,3713,7762
133618,695,3717,7906
133618,693,3717,7865
133618,658,3652,7655
133618,662,3600,7665
133137,668,3594,7674
133137,661,3660,7687
132238,675,3615,7727
132238,676,3643,7771
133884,688,3606,7774
133884,655,3644,7660
134581,654,4149,8159
134581,669,4145,8231
136026,686,4284,8352
136026,669,4138,8209
137164,681,4201,8434
137164,655,4058,8005
136201,678,3712,7881
136201,675,3743,7825
136176,666,3701,7793
136176,655,3699,7741
134516,675,3709,7799
134516,662,3774,7798
134035,672,3722,7843
134035,659,3678,7878
133859,697,3812,7730
133859,691,3722,7929
134582,668,3796,7865
134582,669,3689,7808
134517,658,3770,7799
134517,678,3701,7793
134060,662,3722,7778
134060,655,3690,7726
135239,660,3741,7788
135239,705,3755,8016
135239,634,3778,7681
135239,676,3934,8039
136226,706,4424,8675
136226,669,4428,8499
138541,639,4300,8222
138541,612,3780,7833
128346,912,14552,18914
128346,924,19388,23182
90477,644,20214,24709
90477,656,20430,24182
101422,721,16412,20553
101422,714,5616,9840
106957,709,3828,7997
106957,695,3866,7945
105820,739,3902,8065
105820,677,3832,7734
107269,718,3832,8081
107269,629,3743,7715
110337,662,3730,7762
110337,685,3703,7822
125057,667,3714,7764
125057,645,5015,9028
134517,687,5056,9316
134517,669,5105,9208
138756,643,5183,9165
138756,680,4917,9136
138756,690,4003,8090
138756,655,3962,7941
140895,657,9912,13817
140895,662,15587,19727
144815,643,15581,19527
144815,671,13355,17818
144602,642,6278,10210
144602,664,6036,10154
144261,659,4908,8944
144261,670,4394,8509
141402,689,4455,8733
141402,641,4384,8306
140199,699,4483,8639
140199,655,4406,8408
139785,683,4486,8669
139785,677,4371,8494
139544,652,4402,8460
139544,667,4338,8406
140440,648,4447,8462
140440,668,4404,8534
140266,667,4461,8516
140266,682,4433,8601
139958,663,4413,8507
139958,646,4378,8317
139089,695,4317,8478
139089,658,4008,8204
139785,678,5727,9640
139785,648,5684,9721
142123,666,5794,9931
142123,665,5746,9809
143230,674,5776,9990
143230,657,4913,8924
142577,654,4754,8833
142577,669,4751,8858
142577,647,4797,8826
142577,665,4770,8899
141642,686,4968,9047
141642,666,4951,9028
141161,683,4840,9064
141161,640,5126,9051
142577,665,6118,10229
142577,661,6039,10093
144405,646,6215,10267
144405,680,6114,10254
144501,678,6164,10405
144501,631,6047,9899
144431,682,6138,10388
144431,647,4943,8922
141882,689,4517,8673
141882,669,4335,8398
141135,682,4348,8563
141135,653,4425,8434
140920,666,4505,8545
140920,673,4338,8466
140894,645,4285,8260
140894,680,4349,8549
141135,667,5230,9331
141135,663,5472,9575
142749,658,5592,9631
142749,671,5333,9499
144403,673,5559,9571
144403,661,5534,9604
146297,655,5509,9551
146297,668,4809,8911
144231,687,4114,8363
144231,660,4115,8187
142789,663,4105,8165
142789,655,4026,8047
142548,668,4084,8180
142548,677,4017,8151
142308,646,4047,7988
142308,678,4042,8218
142335,668,4181,8267
142335,649,4954,8944
143443,684,4773,9013
143443,650,4692,8679
144260,686,4879,9040
144260,648,4542,8546
142337,676,4197,8399
142337,636,4152,8080
141375,682,4182,8385
141375,675,4205,8318
140440,648,4202,8226
140440,705,4958,9033
123152,715,7838,11980
123152,693,4255,8335
112510,693,3476,7549
112510,695,3432,7503
106545,682,3393,7435
106545,742,3667,7776
107028,774,4348,8559
107028,713,3920,7961
111303,678,4087,8202
111303,663,3822,7824
127770,676,3852,8001
127770,649,3871,7820
134758,668,4711,8822
134758,641,10222,14166
142989,659,15811,19823
142989,661,15709,19854
147430,636,13152,17152
147430,702,11454,15553
147698,736,10098,14386
147698,691,5812,9996
144191,656,4400,8413
144191,671,4410,8495
141882,675,4354,8511
141882,693,4428,8634
141642,647,4382,8375
141642,672,3915,7963
138822,683,3896,8088
138822,645,5543,9496
141856,655,4976,9121
141856,669,4714,8769
142096,676,4710,8915
142096,658,4794,8819
142363,643,4776,8739
142363,664,4807,8940
142844,692,5196,9281
142844,669,6024,10216
144046,659,6049,10120
144046,667,6311,10295
144768,651,5977,10045
144768,666,5651,9780
141642,676,3837,7996
141642,664,3879,7905
139785,664,3855,7915
139785,681,3871,8017
138607,660,3875,7915
138607,663,3879,7951
139478,691,3821,8013
139478,660,3838,7932
137860,672,3879,7988
137860,661,3871,7816
138101,670,3895,8020
138101,668,3896,7991
138101,673,3778,7896
138101,653,4015,7965
139545,659,3905,7945
139545,675,3877,8070
138100,658,3867,7875
138100,674,3940,8042
138100,681,3826,8047
138100,644,3839,7768
138582,685,3847,8048
138582,658,3717,7737
138516,667,3778,7895
138516,672,3776,7858
137620,662,3903,7948
137620,664,3858,7906
138582,663,3879,7937
138582,671,3837,7935
138822,685,3821,7999
138822,663,3875,7998
139304,644,3944,7895
139304,694,3868,8066
138101,647,3936,7948
138101,678,3972,8104
137886,659,3889,7901
137886,651,3867,7899
138275,681,3894,8084
138275,663,3906,7919
137646,663,3819,7866
137646,672,3852,7965
138582,687,3914,8141
138582,660,3813,7835
139063,668,3964,8027
139063,656,3842,7934
138582,656,3937,7966
138582,663,5896,9915
144500,648,13043,16759
144500,644,17767,21906
146950,675,17162,21654
146950,667,12074,16271
147457,636,6419,10395
147457,683,6366,10550
145873,638,5851,9803
145873,650,5358,9376
144741,687,5427,9681
144741,657,6490,10505
146807,642,6858,10831
146807,665,6671,10869
147528,638,6730,10730
147528,680,6682,10845
140988,682,6917,11162
140988,751,7022,11131
127467,704,6141,10193
127467,692,4094,8109
117020,700,3985,8106
117020,701,3911,7996
112289,687,3962,8007
112289,702,3920,7993
111082,683,3919,8147
111082,651,3817,7737
125118,680,3767,7940
125118,682,3715,7827
131716,658,3719,7775
131716,657,3692,7712
136027,659,3730,7777
136027,676,3710,7817
136202,667,3760,7842
136202,658,3719,7717
137927,678,3734,7936
137927,661,3775,7790
136027,680,3741,7948
136027,668,3684,7749
136923,646,3642,7657
136923,675,3683,7739
137164,663,3686,7762
137164,692,3788,7977
140440,642,6555,10567
140440,651,6785,10861
144191,660,6794,10883
144191,668,6710,10785
146424,652,6742,10823
146424,660,6386,10403
146567,673,5765,10041
146567,667,5691,9817
145222,647,5703,9701
145222,659,5743,9863
145222,652,5106,9093
145222,676,4166,8336
142603,656,4245,8268
142603,669,4227,8353
141710,656,4315,8339
141710,664,4212,8309
141229,686,4212,8436
141229,656,4132,8175
140961,665,4120,8231
140961,665,4161,8263
140413,646,4172,8189
140413,674,4070,8236
138516,652,3740,7752
138516,656,3772,7753
138035,658,3717,7793
138035,687,3747,7907
137379,657,3754,7771
137379,675,3744,7872
138035,676,3716,7922
138035,649,3711,7633
137138,684,3723,7928
137138,676,3761,7856
137339,655,3774,7783
137339,679,3669,7807
136682,646,3745,7734
136682,680,3715,7832
137860,672,3702,7833
137860,664,4021,8105
141856,658,7940,11954
141856,669,8304,12431
146327,645,8432,12458
146327,656,8413,12466
147769,680,7347,11624
147769,635,7115,10919
146594,674,6310,10581
146594,660,5914,9992
146807,631,6099,10050
146807,684,6087,10338
145943,661,5995,10130
145943,642,6058,10032
146354,680,6015,10230
146354,646,4797,8766
141856,659,3927,8009
141856,674,3984,8111
139570,661,4053,8104
139570,694,3930,8126
139958,660,3931,8018
139958,636,3769,7751
138341,678,3858,7993
138341,682,3882,7992
139063,647,3868,7876
139063,675,3829,7945
141709,649,6449,10347
141709,684,10448,14739
146086,633,10268,14218
146086,668,9940,14118
148151,652,8644,12811
148151,650,5020,8961
145702,665,4715,8877
145702,652,4901,8896
144260,668,4898,9094
144260,670,4782,8926
144019,660,4966,8999
144019,668,4888,9024
143538,655,4887,8861
143538,674,4863,8991
130247,749,13308,17364
130247,728,9541,13769
123189,686,4192,8157
123189,709,4246,8380
117743,683,4279,8292
117743,697,3911,8052
111785,709,3915,8101
111785,656,3846,7856
117020,681,3688,7788
117020,664,3734,7763
132415,655,7189,11242
132415,652,7912,12005
141615,651,7793,11763
141615,658,7834,12013
145366,654,8131,12127
145366,679,7726,12092
145846,647,5957,9957
145846,656,5731,9740
146327,657,5871,9986
146327,664,4909,8963
142817,665,4302,8428
142817,667,4253,8341
141402,683,3958,8142
141402,655,3264,7247
135239,686,3287,7430
135239,663,3357,7352
132896,657,3287,7360
132896,688,3317,7439
132415,669,3211,7291
132415,679,3223,7330
132985,668,3870,7947
132985,665,8654,12712
142337,645,7510,11512
142337,686,6127,10400
145366,638,5389,9404
145366,673,5532,9650
144741,645,5240,9234
144741,673,5127,9281
141951,655,4105,8135
141951,661,4007,8075
140506,685,4004,8233
140506,669,4043,8149
140439,649,4080,8081
140439,674,4025,8165
140439,663,4050,8126
140439,659,4065,8102
140506,663,4102,8156
140506,670,4153,8246
140507,655,4026,8033
140507,673,4064,8205
139958,674,4072,8230
139958,649,5259,9245
143539,652,6106,10115
143539,654,6079,10096
144982,693,5978,10370
144982,634,6156,9997
145463,678,6028,10286
145463,650,5930,9954
146087,646,6003,10087
146087,682,6136,10300
145702,649,6051,10088
145702,658,5423,9540
144982,655,4475,8498
144982,664,4443,8508
142817,664,4323,8430
142817,667,4405,8652
140988,674,3943,7913
140988,656,4007,8035
140680,675,3904,8119
140680,653,3820,7758
139063,669,3964,8042
139063,696,3953,8193
139303,653,3947,7991
139303,660,3867,7914
139303,670,3842,7921
139303,666,3974,7972
140025,659,3968,8242
140025,674,3919,7838
138341,677,3847,7989
138341,667,3995,8023
139063,675,3943,8104
139063,650,3945,7912
138782,685,3885,8090
138782,656,4001,8030
139023,650,3816,7836
139023,678,3448,7544
136442,695,3432,7644
136442,640,3429,7355
136000,682,3402,7571
136000,680,3353,7506
135304,660,3419,7422
135304,676,3386,7511
135063,670,3382,7490
135063,664,4084,8162
140266,643,4861,8793
140266,685,4815,8993
140199,656,3974,8022
140199,677,3238,7350
135720,658,3285,7272
135720,680,3220,7347
136657,660,4443,8468
136657,656,12894,16889
130690,731,11011,15153
130690,747,8335,12693
121947,676,3836,7801
121947,693,3581,7655
113234,723,3600,7808
113234,684,3548,7597
108908,695,3612,7722
108908,692,3607,7684
106787,663,3564,7618
106787,703,3600,7746
122005,629,4460,8316
122005,684,6052,10308
136897,653,6220,10241
136897,659,5978,10014
143299,653,5693,9818
143299,666,4567,8678
141161,657,3838,7882
141161,695,3816,8027
140440,649,4877,8842
140440,676,5691,9921
143058,644,5401,9329
143058,685,4259,8474
142577,648,4195,8176
142577,680,4242,8393
141856,647,4266,8284
141856,677,4210,8343
141402,648,4153,8129
141402,672,4192,8341
143538,652,9867,13500
143538,656,17317,21680
148702,676,14462,18801
148702,654,13546,17664
149831,647,13762,17800
149831,646,13684,17769
149351,647,13553,17471
149351,653,11472,15641
148009,660,6341,10449
148009,674,6423,10519
147768,668,7812,12010
147768,657,7919,12075
148249,643,7749,11713
148249,662,7945,12107
148249,655,7084,11156
148249,666,4781,8838
146156,665,4696,8854
146156,668,5595,9653
145943,647,5982,10018
145943,663,6049,10164
146156,663,6122,10196
146156,654,5968,10059
147288,636,6043,10022
147288,681,6199,10365
146665,652,6055,10061
146665,653,6184,10287
145392,671,5131,9254
145392,685,4325,8561
143779,661,4393,8465
143779,645,4320,8278
145152,647,9437,13424
145152,687,8759,13089
147457,647,7447,11524
147457,655,7477,11531
148418,653,7751,11862
148418,665,7671,11797
147937,633,7599,11543
147937,685,5478,9660
143470,674,3711,7778
143470,677,3621,7786
138582,659,3696,7769
138582,662,4298,8323
142363,663,6139,10262
142363,642,6595,10600
145393,658,6623,10749
145393,674,6606,10746
146808,647,6594,10585
146808,675,4649,8848
144260,647,4564,8568
144260,674,4605,8735
143057,644,4602,8596
143057,686,4544,8804
143539,658,4413,8503
143539,633,4551,8444
142363,692,4600,8826
142363,644,4569,8527
143298,680,4517,8736
143298,662,4565,8653
142817,651,4546,8598
142817,661,4535,8627
144260,659,4599,8605
144260,667,4516,8616
144020,656,4509,8570
144020,692,4501,8740
143298,647,4517,8530
143298,652,4581,8536
143779,675,4491,8746
143779,631,4525,8430
142817,697,4432,8713
142817,677,4134,8185
140266,658,4075,8146
140266,717,9378,13206
126961,717,9388,13644
117743,706,3671,7868
117743,682,3551,7555
109928,693,3424,7542
109928,683,3499,7510
105598,708,3513,7683
105598,708,3532,7636
105407,658,3436,7478
105407,667,3413,7417
115835,678,3287,7395
115835,672,3299,7397
125140,661,3298,7316
125140,687,3399,7502
130116,657,3429,7519
130116,660,3979,7970
135785,680,3877,8058
135785,654,4522,8570
140747,648,5794,9782
140747,695,5421,9726
143778,653,5027,9112
143778,655,4876,8925
143778,670,4871,9004
143778,649,4925,8910
143366,668,4813,8958
143366,644,4835,8767
144500,689,4885,9099
144500,646,4678,8632
144260,679,4742,8977
144260,650,4409,8421
142604,648,4172,8187
142604,690,4644,8880
143634,654,5097,9157
143634,653,4583,8589
141951,667,3888,7965
141951,686,3895,8031
140026,677,3832,8006
140026,643,3908,7841
139330,687,3875,8087
139330,679,3998,8100
140266,637,3945,7874
140266,679,3803,8014
139089,666,3987,8039
139089,669,3972,8034
139544,655,3907,7939
139544,664,3929,7992
139304,672,3945,8031
139304,653,3935,7981
140025,666,3984,8088
140025,673,3979,8071
138823,675,3892,8051
138823,683,3913,8084
139545,649,3971,7965
139545,677,3882,8003
140266,658,3893,7900
140266,668,3976,8119
140481,659,3976,8036
140481,669,3996,8048
140748,671,4455,8588
140748,660,5759,9858
144260,652,5790,9829
144260,667,5711,9791
145846,641,5815,9844
145846,667,5690,9829
145633,669,5603,9770
145633,635,5761,9691
145633,690,5673,9954
145633,648,5539,9512
145366,643,4863,8881
145366,666,4698,8828
144260,663,4784,8866
144260,656,4795,8837
144500,683,4856,9120
144500,657,5638,9724
146496,642,14035,17743
146496,655,17859,21974
149831,650,13006,17310
149831,663,7442,11580
149351,634,7583,11530
149351,673,7331,11533
148871,639,7330,11300
148871,669,7489,11677
149423,645,7586,11547
149423,667,7479,11672
148248,668,7518,11782
148248,667,7506,11609
144740,664,3957,8032
144740,661,3615,7670
138822,664,3603,7639
138822,687,3685,7848
139063,658,3709,7703
139063,672,3621,7735
136748,654,3660,7669
136748,685,3620,7820
136267,650,3701,7643
136267,672,3655,7739
137445,680,3599,7836
137445,675,3657,7739
136748,647,3936,7908
136748,662,6163,10240
143325,665,6430,10635
143325,654,6572,10475
134581,681,6339,10495
134581,738,6582,10513
124417,734,5085,9446
124417,691,3442,7509
111323,685,3451,7518
111323,708,3527,7641
107270,657,3452,7380
107270,716,3511,7726
104439,681,3552,7534
104439,673,3445,7601
110390,671,3395,7398
110390,675,3633,7751
126323,666,4036,8094
126323,675,3956,8010
135304,679,3956,8140
135304,657,3850,7908
138823,664,3930,8027
138823,666,3892,7955
138434,668,3969,8032
138434,676,3992,8111
139304,659,3990,8038
139304,671,3964,8057
139785,658,3963,7989
139785,664,3950,8078
140026,681,3962,8169
140026,642,3907,7810
138823,672,3866,7975
138823,677,3896,7992
140266,667,4354,8474
140266,658,4485,8536
141203,667,4116,8267
141203,669,4405,8538
143780,649,7534,11468
143780,659,9792,13934
147118,666,7833,12046
147118,662,6588,10632
146327,650,5641,9660
146327,659,5366,9489
146013,680,4905,9048
146013,643,5752,9758
145916,651,6050,10067
145916,672,5282,9491
145916,665,5137,9236
145916,666,5145,9233
145393,640,5101,9103
145393,667,5115,9254
144672,657,5135,9194
144672,684,4039,8207
138822,655,3384,7428
138822,664,3474,7603
137471,667,3488,7432
137471,681,3573,7701
136026,675,3411,7545
136026,682,3487,7579
133339,655,3372,7403
133339,673,4083,8143
137645,654,3998,8042
137645,674,4090,8229
139063,673,3963,8087
139063,681,3632,7755
136683,639,3626,7546
136683,676,3879,8020
140051,675,4453,8623
140051,668,5080,9185
143058,642,5117,9143
143058,662,5144,9166
144260,664,4998,9125
144260,670,5147,9249
142096,648,4101,8096
142096,670,3920,8016
140988,684,3910,8135
140988,667,3967,8051
140025,657,3941,7977
140025,655,3942,7945
140747,663,3912,8043
140747,665,3938,7988
138822,660,3752,7776
138822,688,3432,7554
139304,664,4104,8169
139304,671,4094,8255
140747,679,4148,8268
140747,640,4065,8063
141469,655,4184,8184
141469,667,4043,8209
141709,669,4147,8227
141709,681,4084,8322
140747,649,4071,8082
140747,678,4090,8212
139852,657,3907,7926
139852,678,3650,7735
138675,665,3656,7704
138675,675,3564,7698
136508,663,3666,7674
136508,662,3626,7672
136749,674,3632,7729
136749,695,3628,7855
137470,661,3715,7732
137470,674,3625,7748
136683,671,3654,7749
136683,660,3652,7642
136507,657,3639,7720
136507,677,3662,7786
137204,683,3658,7801
137204,666,3574,7678
136723,662,3651,7613
136723,681,3627,7734
121340,699,7478,11302
121340,737,9577,13973
116778,677,3640,7685
116778,711,3406,7588
108478,694,3418,7516
108478,702,3418,7505
106355,670,3372,7391
106355,677,3479,7466
104681,697,3464,7677
104681,651,3435,7376
114421,678,3345,7449
114421,697,3257,7468
126021,643,3259,7181
126021,684,3316,7400
129612,686,3185,7409
129612,658,3250,7208
130752,690,3260,7421
130752,678,3236,7341
132895,659,3246,7264
132895,688,3288,7441
132021,657,3287,7308
132021,666,3326,7322
132655,683,3238,7423
132655,675,3351,7442
134822,655,4020,7934
134822,668,3992,8071
138101,677,3973,8150
138101,670,3929,7985
139303,677,4014,8124
139303,659,3822,7879
139999,670,3940,8071
139999,667,3913,7979
138848,665,4029,8067
138848,669,3816,7915
139544,656,3981,7980
139544,698,3888,8144
140333,649,3785,7746
140333,689,3425,7604
138581,663,3882,7956
138581,651,4117,8094
139544,686,4112,8325
139544,662,4050,8107
140025,660,4057,8125
140025,650,5433,9403
143538,668,6122,10282
143538,637,6134,10062
145393,682,6145,10405
145393,650,5904,9912
145874,679,4939,9131
145874,658,4371,8443
143779,642,4181,8154
143779,682,4334,8525
143607,650,4194,8190
143607,662,6465,10491
145916,661,6755,10834
145916,661,6550,10685
147768,640,6761,10771
147768,671,6705,10870
145606,665,4797,8937
145606,678,4211,8347
143299,654,4215,8263
143299,672,4191,8294
142844,671,4141,8312
142844,665,4172,8230
140532,674,3715,7830
140532,656,3727,7657
139063,680,3668,7854
139063,669,3704,7825
137860,660,3624,7690
137860,676,3694,7755
138341,654,3701,7723
138341,669,3722,7770
139063,654,3672,7760
139063,684,3898,8036
140026,646,4295,8317
140026,661,4250,8491
142818,657,4344,8239
142818,670,4064,8190
141615,682,3927,8138
141615,654,3851,7788
139478,672,3923,8025
139478,684,4471,8689
142337,645,4497,8510
142337,658,4459,8523
142577,676,3909,8005
142577,685,3436,7630
139784,655,4064,8088
139784,640,15193,18814
146299,672,17493,22035
146299,640,17713,21778
148150,649,17643,21671
148150,649,13961,18039
148828,640,9083,13044
148828,667,7269,11472
145633,677,4195,8364
145633,659,4059,8105
142509,682,4042,8248
142509,667,4031,8138
141856,651,4088,8112
141856,668,4072,8175
141375,655,4061,8106
141375,666,4107,8180
140440,664,4080,8146
140440,680,4130,8216
133137,669,4137,8217
133137,749,10665,14432
125057,727,7168,11634
125057,708,4068,8166
117723,687,4032,8043
117723,703,4126,8239
115330,686,3994,8017
115330,711,4076,8208
111302,662,4098,8127
111302,675,3955,8053
129128,687,3983,8201
129128,667,3963,8078
136176,646,3966,7951
136176,664,3943,8133
137379,673,3885,7841
137379,674,3812,7944
138889,667,3908,7965
138889,663,3898,7915
140240,689,3887,8137
140240,628,3833,7736
140654,674,3798,7991
140654,685,3892,8038
139545,666,3976,8033
139545,672,3871,7965
139785,652,3931,7965
139785,663,4041,8085
140266,665,3879,7951
140266,656,3970,7940
141228,662,3875,7960
141228,696,3797,8082
139156,670,3644,7710
139156,683,3414,7511
135304,649,3409,7412
135304,670,3411,7442
136201,663,3927,8032
136201,676,4852,9019
141882,657,4883,8932
141882,661,4865,8911
143538,655,4736,8794
143538,658,4754,8848
144260,664,4725,8791
144260,663,4778,8871
144501,685,4678,8904
144501,660,4627,8702
144741,642,4788,8799
144741,656,4393,8426
141924,680,3716,7906
141924,688,3750,7863
139544,658,3724,7767
139544,667,3711,7758
139304,663,3709,7841
139304,676,3700,7788
138367,651,3707,7726
138367,672,3743,7827
139304,645,3639,7626
139304,685,3610,7819
138341,676,3702,7830
138341,643,12335,15956
145606,674,16682,21234
145606,620,16006,19550
148631,667,14487,18917
148631,664,11117,15284
150480,631,11133,15023
150480,686,9057,13455
149831,632,6550,10556
149831,666,6299,10405
147047,653,6461,10469
147047,661,6347,10501
147768,648,6580,10576
147768,685,4620,8862
143779,652,4126,8176
143779,668,4081,8185
141615,649,4110,8107
141615,670,4052,8174
140920,656,4020,8044
140920,691,4137,8358
143470,663,7260,11381
143470,650,7513,11479
146808,654,7447,11546
146808,659,7544,11698
148009,649,7432,11407
148009,654,6430,10539
147768,650,6365,10410
147768,667,6516,10579
147528,688,6646,10962
147528,630,6369,10182
148489,667,6402,10599
148489,667,5865,10024
145873,653,5385,9413
145873,656,5425,9526
145435,683,4897,9108
145435,667,4058,8119
143057,661,4101,8157
143057,664,4022,8138
142817,661,4142,8172
142817,660,4007,8136
141856,645,4106,8110
141856,668,4049,8149
141856,654,4018,8052
141856,672,4068,8144
140199,663,4054,8134
140199,681,4316,8366
126021,771,11620,15904
126021,696,4882,8931
114421,690,3479,7550
114421,688,3437,7518
108719,692,3484,7566
108719,701,3468,7623
105165,668,3407,7370
105165,694,3440,7490
105165,676,3403,7619
105165,688,3350,7430
118226,660,3243,7273
118226,689,3347,7425
126744,656,3187,7228
126744,669,3228,7280
130092,681,3291,7390
130092,695,3213,7408
132960,657,3249,7297
132960,686,3269,7371
131756,659,3251,7268
131756,677,3219,7325
132238,662,3215,7203
132238,685,3147,7308
132439,666,3366,7363
132439,668,3867,7941
136025,663,4006,8074
136025,664,3978,8067
137886,661,4021,8101
137886,705,3973,8208
140118,659,4182,8233
140118,633,7510,11371
145633,659,11911,16148
145633,660,9379,13477
146327,643,6769,10745
146327,660,5860,9883
146113,675,5639,9935
146113,672,5742,9862
146567,670,6841,10967
146567,631,6979,10779
148222,681,7174,11460
148222,671,7034,11188
148221,656,6431,10508
148221,635,5091,8990
146807,677,7372,11621
146807,663,10650,14739
150114,648,11862,15968
150114,652,11270,15317
149760,639,8897,12908
149760,664,9084,13198
149111,636,8905,12772
149111,667,7317,11533
149379,683,7760,12060
149379,662,6872,10988
146807,640,5314,9312
146807,643,5355,9348
148221,686,9507,13733
148221,626,11165,14925
148871,675,10465,14801
148871,646,7568,11546
148631,662,7378,11506
148631,641,7336,11386
148462,679,6358,10595
148462,662,5359,9424
147288,642,5472,9470
147288,673,5490,9626
146087,668,5220,9404
146087,660,6623,10706
146567,644,6303,10244
146567,666,5577,9734
146326,666,5762,9946
146326,664,5037,9060
144259,671,4269,8425
144259,666,3680,7752
140480,666,3613,7705
140480,677,3723,7791
139543,665,3729,7803
139543,670,3721,7781
140480,656,3763,7791
140480,665,3664,7773
138341,655,3732,7731
138341,667,3729,8002
138341,681,3616,7657
138341,671,3636,7680
137646,662,3690,7752
137646,693,3774,7959
138367,640,3646,7650
138367,669,3669,7678
137952,676,3857,7990
137952,676,3746,7838
139519,642,3742,7727
139519,686,3679,7852
138433,684,3738,7936
138433,660,3722,7714
139063,662,3745,7791
139063,655,3830,7845
140507,675,4420,8660
140507,652,4452,8447
143058,684,4493,8661
143058,655,4342,8363
142817,659,4378,8483
142817,666,4419,8479
141228,674,3996,8129
141228,678,3944,8042
127949,652,4565,8417
127949,772,13780,17865
122006,700,5059,9289
122006,697,3628,7689
112993,720,3674,7892
112993,697,3566,7643
109444,689,3630,7655
109444,711,3629,7774
107753,663,3537,7549
107753,664,3651,7621
120858,686,4644,8870
120858,664,4716,8831
135239,655,4759,8780
135239,679,4251,8430
137620,642,3699,7631
137620,667,3752,7874
139759,649,4879,8870
139759,676,5662,9722
143058,667,5926,10122
143058,671,4283,8374
142096,659,4278,8344
142096,688,4174,8405
141375,651,4134,8131
141375,664,4210,8201
141401,680,4194,8432
141401,665,4188,8231
141856,659,4221,8287
141856,672,4194,8261
142363,653,4258,8299
142363,664,4217,8286
142336,659,4296,8387
142336,663,4258,8355
142818,683,4232,8470
142818,659,4183,8252
142817,671,4256,8333
142817,664,4198,8266
142123,658,4258,8314
142123,660,4180,8186
142337,681,4255,8403
142337,663,4096,8108
140506,678,3732,7862
140506,658,3686,7745
138756,663,3748,7811
138756,673,3835,7904
138515,660,3798,7875
138515,698,3756,7979
139304,659,3760,7812
139304,655,3731,7869
138756,679,4014,8019
138756,673,4387,8527
141402,652,4461,8467
141402,677,4356,8492
141882,648,4438,8451
141882,670,4467,8575
144500,681,5578,9737
144500,635,5455,9372
145703,679,7503,11713
145703,664,14655,18831
150072,630,14961,18709
150072,670,13713,18018
151244,644,12082,16130
151244,652,7826,11841
148391,669,6355,10557
148391,670,5801,9893
147048,641,5777,9791
147048,676,5202,9431
144672,654,4856,8867
144672,675,4741,8951
144500,646,4663,8665
144500,671,4835,8954
144260,644,4828,8826
144260,683,4661,8895
144260,662,4239,8278
144260,648,4141,8110
142844,677,4152,8321
142844,671,7000,11149
147981,654,8053,12165
147981,666,5941,10049
143057,670,3730,7818
138341,651,3169,7158
138341,679,3214,7311
138341,676,3197,7267
133162,714,3338,7394
133683,687,3270,7410
133683,659,3226,7200
133683,703,3809,8049
138582,648,4340,8351
138582,672,4449,8574
141469,651,4404,8420
141469,664,4425,8449
141401,673,4407,8612
141401,659,4518,8503
140680,669,3863,7976
140680,687,3574,7720
138607,668,3667,7712
138607,649,5145,8997
142989,658,7920,12090
142989,706,8351,12572
146354,661,7958,12092
146354,661,6259,10336
145393,668,4187,8326
145393,621,4187,8132
131056,671,4819,8815
131056,760,15154,19143
127202,711,8543,12845
120077,714,3782,7962
120077,684,3729,7701
113958,707,3774,7963
113958,687,3741,7759
111544,701,3855,7941
111544,659,3750,7870
111544,1054,7197,11470
94832,844,17876,21637
94832,735,19578,23743
95782,720,10108,14358
95782,721,9110,13236
94590,734,8443,12710
93864,687,7649,11607
93864,734,7808,12025
92412,690,7713,11725
92412,711,7814,11898
93425,699,7780,11854
93425,718,7698,11837
92187,695,7769,11780
92187,717,7783,11889
92457,704,7787,11894
92457,708,7777,11814
89369,1010,7200,11380
89369,1309,7560,11818
76213,1581,7451,11768
76213,1342,6347,10413
71163,1414,5751,10109
71163,1330,6667,10752
69462,1148,8924,13189
69462,1108,12948,16989
68701,1092,16116,20389
68701,1035,16804,20732
71035,602,16406,20484
71035,809,8130,12631
71324,502,2575,6817
71324,534,2060,6235
70145,507,1854,5870
70145,523,1896,5968
69914,506,1955,5962
69914,519,1935,6021
69672,535,1924,6100
69672,516,1861,5910
69672,509,1966,5994
69672,518,1903,5977
69672,506,1950,5963
69672,533,1919,6075
69672,501,1957,5917
69672,507,1861,5891
69672,519,1935,6144
69672,520,1995,5929
69672,540,1989,6168
69429,517,1955,6033
69429,507,1988,5989
69429,529,1994,6124
69429,500,1970,5930
69672,530,1933,6079
69672,520,1951,6026
69429,511,1949,5983
69429,521,1927,6003
69429,507,2021,6044
69429,517,1979,6035
69429,513,2046,6085
69429,519,2009,6074
69429,529,1979,6125
69429,519,1924,6000
69429,512,2036,6060
69429,520,1955,6035
69429,509,2008,6023
69429,519,1991,6055
69429,511,2001,6036
69429,520,1990,6062
69429,507,1984,6005
69429,543,2028,6230
69429,510,1957,5978
69429,518,1910,5965
69429,512,1996,6044
69429,515,2004,6043
69429,515,1999,6045
69429,517,1914,5985
69429,508,1932,5971
69429,515,1905,5956
69417,531,1980,6143
69417,518,1922,5996
69417,507,1903,5934
69417,519,2022,6089
69417,508,1928,5951
69417,516,1873,5935
69417,508,1991,6019
69417,523,2033,6237
57123,537,1955,6000
57123,515,1970,6018
52052,507,1965,5994
52052,517,1978,6053
50138,508,2013,6031
50138,518,1942,6011
49409,528,1959,6109
49409,495,1991,5922
49165,534,2023,6177
49165,522,1973,6059
48922,504,1938,5942
48922,519,1977,6051
48922,509,2054,6066
48922,519,1963,6040
48922,506,1910,5935
48922,518,1996,6063
48922,530,1951,6099
48922,517,2003,6072
48922,510,2017,6052
48922,518,2007,6072
48922,508,2019,6046
48922,518,1983,6057
48922,507,2001,6030
48922,515,1952,6009
48922,536,2032,6209
48922,517,1846,5900
48678,507,1950,5970
48678,517,1966,6036
48678,510,1977,5995
48678,518,1898,5976
48678,505,1985,6006
48678,540,1965,6159
48711,517,2039,6096
48711,513,1956,6008
48686,510,2026,6053
48686,517,1868,5943
48711,510,1995,6020
48711,517,1894,5959
48686,505,1926,5950
48686,521,1952,6019
48686,529,2021,6166
48686,527,2061,6157
48678,504,1896,5901
48678,519,1975,6047
48678,507,1960,5978
48678,520,2004,6089
48678,508,1988,6014
48678,517,1991,6056
48678,532,1982,6137
48678,517,1968,6032
48678,511,1954,5997
48678,516,1972,6029
43618,518,2614,10575
43618,488,1992,13462
30025,514,1966,13718
30025,529,1984,13858
25158,504,2022,13612
25158,529,1983,13856
23203,523,1944,13767
23203,504,2013,13577
22470,527,1955,13817
22470,497,1871,13372
21982,522,1938,13767
21982,529,1937,13798
21982,516,2043,13769
21982,514,1936,13624
21737,499,1957,13506
21737,520,1899,13685
21737,526,1989,13840
21737,502,1965,13509
21737,520,1963,13764
21737,524,1961,13761
21737,525,2040,13858
21737,511,1941,13597
21737,520,1977,13781
21737,502,1902,13453
21982,518,2026,13776
21982,510,1992,13634
21982,514,1930,13685
21982,536,2009,13950
21982,502,2031,13568
21982,525,2010,13841
21737,499,2051,13898
21737,527,1980,13516
21982,526,2051,13898
21982,522,1961,13746
21982,505,2001,13623
21982,585,3521,15143
21982,521,3157,14864
21982,528,1943,13817
21737,496,1994,13822
21737,529,2004,13542
21982,523,2046,13855
21982,505,1968,13561
21737,522,1995,13832
21737,525,1991,13825
21737,495,2017,13514
21737,531,1951,13851
21982,499,2039,13864
21982,559,2053,13480
21982,619,2694,14453
21982,523,1990,13766
21982,522,1985,13819
21982,524,1894,13718
