nvml:nvidia_geforce_gtx_970_0,rapl:ram,rapl:cores,rapl:pkg
21507,994,8486,21965
21513,522,2284,14015
21513,512,2055,13675
21263,523,1919,13748
21263,507,2097,13641
21263,517,1977,13706
21263,538,2012,13962
21019,495,1945,13420
21019,538,2017,13979
21019,499,1955,13482
21019,531,2000,13856
20774,521,2024,13833
20774,532,2185,13737
21507,520,1957,13751
21507,510,2067,13664
21263,522,2019,13816
21263,525,1988,13787
21019,505,1945,13557
21019,521,2010,13772
20774,525,2013,13865
21019,519,2004,13774
21019,502,1944,13422
20774,529,1938,13875
20774,521,1928,13637
21743,532,2166,13853
21743,517,1911,13569
21263,515,1966,13717
21263,515,2055,13695
21019,519,1961,13772
21019,509,1977,13553
21263,524,2002,13841
21263,530,1967,13806
21263,517,1972,13728
21263,510,2017,13616
21263,523,1939,13759
21263,507,1928,13500
21743,545,2144,13968
21743,507,1971,13535
21263,526,2013,13859
21263,526,1928,13733
21263,498,1982,13518
21263,529,1986,13832
21263,522,2017,13830
21263,501,1951,13446
21263,527,1971,13872
21263,506,2003,13541
21019,524,2002,13844
21019,528,1921,13769
21752,520,2114,13638
21752,531,2018,13865
21263,501,2023,13871
21263,529,2033,13554
21019,521,1970,13771
21019,507,1963,13530
20774,518,2060,13817
20774,537,1942,13878
21018,497,1965,13478
21018,533,1970,13854
21263,519,1951,13727
21263,512,1938,13580
21507,541,2168,13934
21507,507,2034,13594
21507,519,1955,13740
21507,533,1988,13888
21019,519,2036,13786
21019,509,2030,13628
20774,523,1948,13779
20774,508,1931,13503
21018,519,1963,13746
21018,506,1944,13506
21019,525,1975,13817
21019,529,1912,13752
21752,521,2138,13664
21752,530,1965,13817
21507,621,5751,17276
21507,526,1988,13855
21263,523,1934,13758
21263,594,3556,15345
21019,506,2170,13805
21019,539,1963,13798
21019,500,1900,13451
21019,529,1898,13734
21019,500,1910,13748
21019,528,1908,13439
21752,543,2164,13948
21752,534,1930,13803
21263,500,1954,13499
21263,537,2000,13902
21263,496,1977,13473
21263,531,2015,13887
21263,523,1975,13785
21263,500,2022,13513
21263,525,2083,13915
21263,511,2018,13646
21263,524,2044,13827
21263,535,2068,13962
21752,519,2085,13583
21752,535,2009,13876
21507,520,1972,13762
21507,507,1932,13501
21263,519,1990,13750
21263,546,2114,13966
21269,512,2028,13583
21269,529,1953,13798
21263,526,2025,13869
21263,509,2034,13631
21263,517,1935,13707
21263,511,1969,13591
21507,545,2117,13945
21507,505,1899,13452
21263,525,1875,13712
21263,505,1945,13500
21263,519,1973,13759
21263,529,1967,13802
21018,525,1950,13805
21018,505,1899,13450
21263,518,1990,13757
21263,511,1964,13547
21263,523,1976,13815
21263,528,1889,13743
21507,520,2121,13630
21507,533,2022,13922
21263,517,1968,13736
21263,509,1986,13586
21019,524,2036,13854
21019,504,1976,13526
21263,518,1983,13734
21263,537,1981,13929
21018,497,1984,13497
21018,528,1976,13809
20774,523,2010,13858
20774,504,1924,13475
21507,545,2124,13938
21507,527,1907,13741
21263,498,2053,13581
21263,536,2005,13924
21263,500,1889,13431
21263,525,1954,13751
21263,522,1886,13720
21263,504,1903,13454
21263,519,1944,13738
21263,504,1900,13465
21018,520,1868,13670
21018,534,1940,13850
21263,521,2107,13632
21263,518,1899,13614
21263,533,1976,13923
21263,503,1937,13483
21018,518,1989,13760
21018,513,1980,13628
21263,524,2020,13844
21263,529,1898,13754
21019,515,2016,13753
21019,510,1978,13591
21018,522,2039,13846
21018,509,2092,13646
21507,532,2139,13808
21507,523,2119,13845
21263,523,1952,13780
21263,528,1970,13815
21263,568,11135,22313
21263,623,20637,32302
21241,611,22493,34495
21241,967,18337,30598
20997,685,18736,30063
20997,704,17675,29689
21236,561,22076,33348
21236,656,22106,34278
21485,743,15296,27309
21485,628,35566,47263
21200,600,50640,61640
21200,652,21399,33387
21228,807,19886,31883
21228,614,19759,31149
21228,744,20192,32243
21228,655,20356,32536
20992,811,20585,31859
20992,1055,22283,34626
30479,824,18837,23607
30479,1018,19547,23689
41404,1052,19641,23904
41404,1068,18884,23093
45758,1120,19552,23583
45758,1114,19746,24098
46975,1200,20124,24839
46975,1066,19514,23227
47948,1130,19662,24070
47948,982,19630,24155
47923,1051,19755,23783
47923,1019,19360,23449
48166,1089,19623,23720
48166,1082,19573,23988
48166,1136,20082,24112
48166,1093,19469,23813
48166,1056,19496,24194
48166,1145,19683,23354
48166,1119,19653,24288
48166,978,19858,24097
48166,1065,19757,23922
48166,987,19684,23947
48166,969,21033,24648
48166,916,21548,26141
48191,1012,19858,24418
48191,684,20273,23994
66272,580,21274,25174
66272,557,21260,25405
72004,577,21610,25616
72004,567,21762,25791
82805,581,21670,26191
82805,577,21605,25765
85895,557,21881,25764
85895,571,21527,25681
103094,554,21820,25664
103094,555,21603,25784
106181,576,21822,25773
106181,570,21686,25719
107851,594,21849,25859
107851,571,21603,25704
111691,574,21702,26149
111691,584,21644,25840
108113,562,21683,25600
108113,563,21593,25703
110987,556,21696,25670
110987,553,21577,25574
110264,578,21813,25796
110264,574,21615,25755
109540,551,21702,25641
109540,571,21621,25673
112602,592,21641,26299
112602,548,21690,25197
109520,588,21779,26283
109520,561,21715,25757
110506,555,21741,25711
110506,574,21483,25626
112602,548,21660,25502
112602,583,21809,25909
108575,565,21759,25744
108575,570,21492,25609
111953,562,21799,25745
111953,590,21619,26346
110452,565,21736,25764
110452,579,21855,25867
110043,542,21685,25662
110043,575,21637,25734
113139,554,21706,25669
113139,576,21621,25713
109782,574,21800,25790
109782,557,21652,25707
111230,563,21703,25632
111230,570,21581,25692
112843,581,21820,26280
112843,559,21528,25173
109299,591,21594,26118
109299,564,21343,25453
111899,548,21474,25335
111899,564,21337,25440
110934,571,21492,25503
110934,577,21384,25430
110264,552,21421,25370
110264,572,21321,25466
113380,591,21385,25918
113380,544,21413,24902
110264,589,21544,26064
110264,564,21424,25540
111229,555,21636,25556
111229,573,21543,25705
112602,543,21696,25473
112602,586,21630,25853
109058,562,21720,25625
109058,569,21542,25656
112602,562,21709,25668
112602,556,21561,25696
111156,592,21735,26271
111156,578,21698,25812
110746,656,22727,26633
110746,576,21547,25706
113084,541,21717,25492
113084,711,23624,27930
109246,555,21720,25619
109246,580,21610,25730
113084,562,21598,25530
113084,558,21581,25669
110673,575,21667,25705
110673,602,21649,26285
110452,541,21619,25544
110452,576,21458,25617
113084,548,21646,25537
113084,586,21680,25802
109541,567,21732,25678
109541,558,21452,25550
112141,564,21671,25659
112141,557,21437,25516
111638,576,21624,25585
111638,579,21651,25815
110747,584,21607,26188
110747,542,21452,24916
113325,576,21750,26149
113325,584,21607,25809
109970,559,21671,25599
109970,558,21568,25638
111879,563,21590,25537
111879,567,21372,25516
113325,559,21454,25389
113325,581,21301,25445
109801,596,21442,25904
109801,567,21095,25262
112918,554,21275,25230
112918,556,21195,25337
111417,557,21572,25369
111417,580,21288,25459
110747,544,21397,25316
110747,572,21224,25378
113325,557,21354,25182
113325,579,21367,25625
110211,569,21445,25368
110211,557,21280,25394
111691,585,21249,25755
111691,576,21365,25511
112602,545,21499,25349
112602,585,21195,25402
110264,549,21327,25113
110264,575,21022,25276
113084,557,21174,25133
113084,553,21075,25162
111470,575,21375,25273
111470,560,21353,25479
111471,589,21402,25959
111471,541,21384,25520
114290,575,21558,25396
114290,581,21600,25795
110023,564,21699,25629
110023,556,21527,25607
112381,559,21626,25549
112381,566,21544,25681
112602,568,21602,25592
112602,576,21396,25450
110264,582,21423,25872
110264,541,21040,24662
113566,591,21300,25925
113566,550,21150,25179
111638,563,21493,25387
111638,566,21402,25461
111176,546,21460,25386
111176,571,21216,25398
114290,557,21450,25313
114290,578,21412,25636
110211,568,21185,25159
110211,568,21384,25432
112361,605,21906,26310
112361,575,21496,25659
112361,556,21710,25667
112361,585,21604,25778
110747,539,21716,25496
110747,581,21418,25685
114028,558,21635,25612
114028,580,21636,25732
110914,568,21699,25618
110914,559,21513,25618
112120,565,21628,25598
112120,567,21556,25703
114028,572,21672,26086
114028,591,21701,26006
110264,554,21713,25526
110264,559,21481,25535
113084,563,21611,25616
113084,556,21561,25677
111397,574,21734,25739
111397,565,21958,25961
110934,561,21584,25567
110934,586,22063,25982
104010,602,24125,28868
104010,565,21990,26154
92594,542,22199,26148
92594,543,22022,26023
87347,545,21876,25790
87347,563,21791,25969
87831,553,21933,25885
87831,559,21921,26004
85896,547,22059,25944
85896,550,21832,26017
85211,561,21870,25837
85211,561,21952,26071
85896,580,21934,26450
85896,555,21938,26017
84928,541,22005,25998
84928,565,21835,25964
86137,548,21947,25812
86137,564,21809,25960
85895,570,22604,26402
85895,578,23280,27568
99780,570,21366,25328
99780,556,21262,25331
108112,595,21398,26003
108112,534,21103,24571
112120,574,21391,25754
112120,588,21339,25563
109299,547,21327,25209
109299,586,21293,25536
112843,553,21524,25435
112843,560,21473,25486
111397,575,21662,25674
111397,555,21548,25585
111397,567,21286,25266
111397,569,21219,25344
113808,579,21330,25816
113808,585,21298,25576
110264,557,21430,25281
110264,561,21304,25332
113105,559,21277,25288
113105,556,21365,25451
111879,574,21509,25447
111879,573,21352,25412
110693,555,21403,25392
110693,572,21235,25369
113808,593,21392,26008
113808,563,21319,25273
110693,568,21480,25473
110693,562,21309,25399
112381,555,21417,25385
112381,567,21331,25377
114049,562,21474,25503
114049,583,21751,25857
110747,560,21618,25554
110747,567,21530,25531
113808,592,21567,26234
113808,527,21602,25075
112120,596,21749,26315
112120,577,21680,25755
111638,543,21680,25616
111638,573,21470,25589
113994,553,21638,25606
113994,577,21679,25763
110915,569,21832,25759
110915,559,21717,25826
112602,564,21688,25607
112602,567,21605,25711
114455,575,21667,26111
114455,565,21808,25469
110726,580,21746,26160
110726,573,21636,25823
114269,550,21768,25666
114269,558,21556,25720
112120,572,21829,25787
112120,559,21637,25638
111396,564,21526,25536
111396,570,21508,25661
114235,582,21748,26155
114235,556,21765,25390
109970,591,21574,26068
109970,571,21470,25688
112843,551,21450,25357
112843,552,21388,25380
112340,568,21501,25440
112340,577,21458,25608
111450,549,21465,25429
111450,569,21305,25381
114531,559,21494,25412
114531,580,21431,25620
111176,594,21637,26155
111176,558,21392,25471
112361,555,21469,25399
112361,572,21283,25437
114049,537,21490,25287
114049,587,21510,25731
110452,563,21500,25370
110452,566,21327,25462
113567,562,21492,25477
113567,550,21328,25422
112361,595,21673,26178
112361,543,21542,25752
111470,586,21669,25613
111470,572,21554,25674
114510,547,21563,25446
114510,639,22214,26294
110023,620,21398,25408
110023,558,21544,25616
113084,563,21608,25529
113084,556,21565,25691
112361,577,21663,25661
112361,576,21702,25802
111471,580,21616,26156
111471,571,21496,25627
114289,540,21597,25407
114289,572,21606,25745
111879,564,21760,25721
111879,557,21519,25627
111879,559,21604,25526
111879,569,21492,25595
114235,550,21632,26156
114235,585,21565,25141
110693,594,21649,26202
110693,532,21459,24906
113084,584,21607,26128
113084,568,21479,25682
112843,560,21708,25633
112843,578,21686,25777
111451,540,21625,25454
111451,576,21470,25684
114049,560,21654,25624
114049,564,21555,25572
111879,572,21764,25771
111879,554,21641,25700
112361,594,21530,26189
112361,569,21438,25518
114992,541,21658,25478
114992,583,21629,25811
110988,560,21740,25646
110988,559,21495,25594
113326,562,21621,25550
113326,557,21432,25544
113085,574,21696,25701
113085,575,21525,25610
111156,571,21391,25851
111156,548,21234,24822
114531,587,21343,25931
114531,555,21339,25340
111879,566,21464,25424
111879,562,21359,25390
112361,558,21339,25377
112361,568,21332,25411
114531,553,21510,25432
114531,582,21338,25493
111156,568,21458,25410
111156,562,21485,25565
113105,587,21668,26205
113105,566,21500,25578
113084,552,21610,25546
113084,587,21566,25748
111397,542,21606,25461
111397,575,21460,25649
114531,555,21596,25468
114531,571,21584,25733
111638,570,21642,25653
111638,557,21532,25632
112602,588,21613,26089
112602,539,21414,24953
114937,575,21590,26079
114937,585,21484,25712
110693,559,21283,25173
110693,559,21275,25394
113346,552,21314,25186
113346,559,21207,25299
113030,572,21388,25382
113030,578,21300,25434
111176,575,21380,25743
111176,546,21256,24879
114049,583,21339,25896
114049,564,21389,25469
112361,568,21498,25474
112361,553,21345,25310
112382,559,21362,25344
112382,629,22480,26276
114290,574,21140,25356
114290,584,21664,25827
110211,595,21749,26280
110211,567,24501,27992
100456,570,22227,26688
100456,573,22094,26319
92835,549,22139,26060
92835,559,22077,26163
88300,539,22278,26181
88300,553,21903,26079
87332,554,21930,25849
87332,565,21858,25988
87105,553,21996,25905
87105,553,21910,26067
85896,575,22039,26532
85896,535,21918,25473
87347,575,21985,26450
87347,570,21884,26073
86379,534,22050,25944
86379,555,21968,26082
85412,549,22044,25944
85412,563,21899,26060
90433,576,24567,28479
90433,552,21373,25454
103577,579,21558,25628
103577,566,21563,25610
108093,581,21470,25981
108093,542,21256,25471
113566,576,21434,25264
113566,578,21380,25548
110726,562,21495,25439
110726,557,21339,25404
112602,560,21418,25358
112602,569,21331,25456
114531,560,21563,25460
114531,579,21495,25619
110935,585,21497,25963
110935,544,21346,25588
114290,581,21413,25327
114290,549,21376,25387
113085,567,21781,25809
113085,572,21705,25763
111899,547,21709,25639
111899,570,21595,25652
114235,559,21660,25676
114235,577,21693,25857
111397,568,21778,25741
111397,579,21663,26198
113084,557,21656,25661
113084,574,21492,25723
113512,555,21660,25592
113512,591,21587,25875
111396,534,21748,25425
111396,573,21541,25711
114531,559,21663,25584
114531,578,21564,25912
112602,559,21770,25511
112602,556,21623,25680
112656,591,21518,26145
112656,537,21459,24898
114937,571,21670,26099
114937,587,21587,25808
111156,559,21675,25610
111156,563,21515,25637
113567,553,21693,25538
113567,562,21452,25595
113512,570,21824,25766
113512,579,21626,25801
111879,548,21697,25597
111879,569,21504,25626
114772,591,21594,26257
114772,564,21473,25553
112843,558,21421,25309
112843,559,21406,25402
112623,557,21273,25330
112623,572,21344,25447
115254,549,21444,25315
115254,581,21503,25684
111230,567,21519,25451
111230,556,21249,25319
113808,564,21309,25981
113808,597,21296,25333
113753,552,21709,25595
113753,580,21468,25587
111712,544,21583,25457
112623,564,21846,26332
112623,575,21520,25221
114958,553,21821,25620
114958,583,21621,25869
111417,590,21795,26296
111417,534,21504,25010
113808,563,21769,25755
113808,587,21548,26235
114290,546,21788,25362
114290,595,21664,26208
111933,564,21784,25907
111933,552,21465,25332
115013,554,21870,25603
115013,579,21645,26011
112140,596,21721,26160
112140,530,21665,25160
112864,588,21688,26227
112864,544,21526,25062
115199,575,21754,26284
115199,576,21773,25891
111156,563,21771,25728
111156,560,21686,25757
114531,558,21739,25699
114531,556,21437,25480
113325,572,21599,25643
113325,572,21509,25559
111899,556,21490,25465
111899,568,21405,25493
114958,584,21596,26119
114958,571,21480,25597
111879,565,21658,25588
111879,562,21468,25626
113104,554,21501,25466
113104,566,21452,25500
115419,548,21604,25480
115419,583,21739,25885
111229,572,21986,25933
111229,565,21557,25658
114531,595,21846,26474
114531,559,21678,25755
113325,558,21857,25739
113325,578,21763,25879
111879,540,21708,25610
111879,576,21553,25745
115178,553,21712,25611
115178,566,21658,25729
112307,574,21793,25763
112307,552,21698,25746
112843,592,21654,26286
112843,537,21512,24994
115660,577,21771,26205
115660,581,21754,26005
111638,558,21957,25778
111638,569,21597,25828
114290,552,21864,25720
114290,563,21632,25736
113994,570,21915,25891
113994,577,21793,25916
112120,549,21814,26325
112120,577,21687,25224
115013,590,21556,26099
115013,563,21439,25522
112843,565,21669,25636
112843,556,21553,25544
113084,561,21515,25565
113084,568,21368,25455
115440,553,21572,25497
115440,578,21530,25648
111175,571,21537,25491
111175,554,21417,25450
114048,566,21487,25503
114048,595,21404,26137
114269,560,21617,25638
114269,579,21573,25657
112120,543,21623,25507
112120,573,21381,25542
115495,553,21552,25416
115495,559,21460,25585
113084,575,21594,25589
113084,558,21460,25468
112602,564,21724,25685
112602,568,21531,25698
115715,589,21762,26310
115715,573,21672,25804
111658,561,21565,25481
111658,557,21457,25530
114531,558,21531,25505
114531,557,21412,25405
114290,572,21521,25545
114290,577,21496,25586
112140,552,21507,25404
112140,573,21302,25468
115736,564,21509,25443
115736,595,21401,26162
112843,569,21603,25635
112843,563,21527,25608
113105,550,21472,25360
113105,576,21353,25520
115440,544,21585,25444
115440,581,21583,25747
111638,569,21691,25632
111638,555,21454,25528
114048,565,21497,25491
114048,554,21405,25453
105458,619,24749,29335
105458,562,21999,26128
95431,552,22142,26097
95431,548,21986,25972
89950,544,22260,26270
89950,544,22119,26104
88257,560,22262,26303
88257,564,21956,26093
87816,549,22117,26016
87816,553,21978,26085
86621,588,22106,26706
86621,529,22047,25507
87773,577,22026,26531
87773,570,22031,26224
87090,533,22244,26094
87090,553,22076,26197
87289,550,22136,26110
87289,563,22097,26214
87531,570,22545,26371
87531,577,23808,28034
100438,568,21570,25505
100438,556,21379,25481
109969,593,21484,26060
109969,565,21366,25493
112602,559,21516,25474
112602,578,21449,25526
111638,539,21496,25348
111638,576,21385,25526
115233,556,21480,25410
115233,571,21704,25775
112602,574,21846,25886
112602,552,21756,25765
113566,593,21713,26287
113566,575,21561,25690
115736,544,21867,25748
115736,588,21671,25962
111879,559,21767,25637
111879,558,21527,25606
114235,555,21685,25604
114235,561,21497,25602
114235,570,21570,25530
114235,577,21566,25684
112120,550,21652,25532
112120,570,21442,25630
115715,587,21619,26135
115715,567,21444,25525
112843,565,21628,25593
112843,562,21557,25674
113566,552,21561,25431
113566,570,21497,25643
115956,550,21581,25420
115956,582,21606,25822
111658,571,21602,25596
111658,556,21297,25361
114772,590,21550,26066
114772,562,21338,25502
113808,563,21813,25738
113808,579,21526,25646
112382,546,21497,25460
112382,570,21400,25512
115956,553,21490,25372
115956,567,21312,25390
112843,574,21551,25535
112843,554,21422,25522
113807,563,21404,25351
113807,567,21301,25447
115660,575,21540,25980
115660,586,21472,25747
111879,559,21583,25425
111879,563,21724,25795
114772,556,21785,25703
114772,565,21658,25851
114214,569,21818,25720
114214,580,21955,26078
112602,550,21850,25752
112602,572,21623,25800
115922,588,21648,26194
115922,564,21699,25828
113567,562,21856,25730
113567,560,21776,25834
113084,554,21647,25661
113084,572,21564,25661
115660,555,21773,25613
115660,578,21624,25828
112602,569,21861,25810
112602,556,21541,25665
114476,594,21741,26307
114476,568,21595,25680
114696,553,21684,25599
114696,584,21837,25998
112602,539,21734,25526
112602,586,21717,25897
116438,557,21622,25602
116438,575,21832,25861
113304,572,21906,25904
113304,555,21819,25892
114027,596,21778,26366
114027,534,21534,25003
116361,576,21717,26209
116361,584,21661,25914
112120,564,21740,25657
112120,560,21588,25668
115419,553,21708,25578
115419,562,21498,25672
114696,569,21759,25687
114696,575,21661,25763
113084,584,21844,26325
113084,537,21530,25095
116383,588,21716,26237
116383,573,21598,25731
113491,563,21855,25775
113491,562,21705,25823
114268,570,22149,26012
114268,578,21582,25794
116383,542,21684,25481
116383,584,21828,26084
112120,566,21880,25802
112120,563,21330,25396
115178,594,21629,26206
115178,520,21446,24925
114235,599,21657,26215
114235,577,21562,25648
113325,536,21612,25469
113325,580,21453,25685
116382,548,21670,25472
116382,573,21453,25608
113567,572,21655,25654
113567,556,21529,25616
113994,594,21575,26086
113994,537,21425,24963
116623,577,21556,26028
116623,630,22487,26396
112361,574,21752,25887
112361,583,21733,25901
116219,557,21886,25783
116219,565,21812,25905
113326,577,21877,25880
113326,554,21828,25779
114290,574,21818,25908
114290,570,21661,25767
116864,580,21769,26228
116864,556,21550,25147
112361,594,21622,26153
112361,567,21469,25587
115199,551,21590,25474
115199,562,21487,25581
114455,571,21703,25663
114455,577,21597,25734
113566,553,21573,25488
113566,574,21561,25632
116383,563,21560,25556
116383,572,21431,25545
113808,597,21600,26185
113808,559,21575,25617
114531,555,21534,25500
114531,572,21345,25504
116864,538,21662,25429
116864,584,21545,25827
112120,564,21651,25507
112120,563,21394,25560
115419,560,21513,25429
115419,549,21357,25414
114510,600,21625,26224
114510,583,21544,25685
113808,538,21585,25500
113808,577,21424,25618
116624,545,21576,25394
116624,579,21457,25663
113271,562,21614,25556
113271,554,21426,25528
114290,564,21545,25410
114290,568,21391,25571
116383,585,21627,26135
116383,547,21613,25155
112120,587,21622,26053
112120,575,21432,25683
115440,553,21570,25485
115440,549,21400,25414
114696,569,21630,25599
114696,575,21566,25654
113566,550,21475,25476
113566,570,21417,25526
116383,559,21491,25350
116383,578,21463,25674
113512,591,21636,26183
113512,597,24416,28514
103286,544,22086,25979
103286,564,21946,26131
93998,540,22012,25979
93998,546,21988,26025
89224,553,22378,26296
89224,564,22026,26181
89510,556,22102,26049
89510,551,22086,26154
87816,572,22063,26603
87816,519,22145,25571
88741,586,22123,26743
88741,564,22150,26268
88058,538,22215,26139
88058,552,22039,26162
87531,543,22051,25915
87531,561,22081,26157
88784,557,22408,26368
88784,553,22262,26413
90675,569,24601,28559
90675,571,21410,25533
107610,588,21621,26153
107610,573,21532,25673
109969,559,21609,25492
109969,565,21610,25801
113084,551,21573,25463
113084,577,21414,25611
115901,541,21647,25391
115901,587,21668,25960
112140,563,21657,25479
112140,567,21469,25682
115440,561,21667,25562
115440,550,21535,25633
114531,595,21709,26266
114531,583,21591,25757
113326,545,21647,25605
113326,567,21381,25418
116383,551,21753,25691
116383,574,21638,25730
113030,570,21843,25849
113030,556,21612,25621
114531,593,21634,26187
114531,536,21397,24958
116383,582,21536,26018
116383,555,21602,25165
112602,585,21811,26234
112602,573,21495,25701
115956,556,21469,25469
115956,553,21472,25487
114717,568,21680,25627
114717,580,21578,25723
113346,549,21572,25518
113346,570,21409,25524
116404,589,21532,26041
116404,538,21460,24940
113808,595,21574,26175
113808,562,21594,25725
114290,543,21791,25572
114290,580,21577,25807
117105,541,21738,25581
117105,582,21748,25961
112843,569,21896,25781
112843,555,21692,25830
115474,562,21793,25717
115474,559,21570,25668
115419,600,21977,26559
115419,551,21555,25056
113325,573,21648,26110
113325,578,21374,25631
116383,542,21537,25328
116383,560,21503,25651
114235,571,21635,25606
114235,563,21565,25632
114049,554,21590,25498
114049,571,21380,25570
117105,558,21638,25559
117105,576,21479,25656
113491,591,21793,26267
113491,562,21482,25638
114937,554,21525,25453
114937,569,21404,25491
116327,548,21715,25564
116327,581,21564,25782
113084,560,21736,25614
113084,569,21523,25641
116382,566,21680,25623
116382,556,21723,25864
114696,598,21997,26611
114696,571,21889,25928
113994,534,21829,25670
113994,586,21464,25710
117105,546,21610,25500
117105,579,21529,25681
114214,566,21680,25621
114214,554,21511,25557
115199,564,21605,25595
115199,567,21436,25516
117105,581,21633,26159
117105,548,21609,25148
113325,589,21590,26111
113325,563,21488,25608
115956,550,21666,25562
115956,562,21481,25572
115419,565,21641,25631
115419,578,21635,25779
114049,547,21623,25401
114049,577,21432,25649
116921,561,21621,25579
116921,562,21498,25599
114531,593,21936,26243
114531,579,21917,26278
114772,549,21846,25717
114772,585,21424,25678
117346,541,21639,25490
117346,582,21693,25848
113084,545,21770,25563
113084,577,21501,25739
116439,554,21592,25486
116439,585,21605,25803
112656,579,21729,26178
112656,546,21464,25017
116142,582,21540,26076
116142,585,21687,25879
112602,534,21596,25377
112602,580,21555,25742
115660,552,21504,25401
115660,669,23277,27166
112897,587,21483,25579
112897,576,21610,25835
115956,592,21825,26359
115956,550,21820,25401
112361,594,21858,26411
112361,531,21720,25174
115736,588,21893,26439
115736,562,21575,25691
115178,560,21823,25796
115178,579,21682,25793
114048,542,21734,25574
114048,569,21542,25691
117105,558,21728,25625
117105,564,21552,25677
114751,572,21597,25611
114751,552,21511,25549
114531,580,21536,25997
114531,583,21385,25672
117105,544,21601,25434
117105,579,21495,25663
113807,559,21615,25521
113807,555,21359,25465
115474,564,21584,25512
115474,570,21411,25578
116383,561,21544,25444
116383,577,21535,25627
113325,598,21615,26237
113325,561,21440,25514
116142,554,21471,25424
116142,551,21497,25509
115419,565,21651,25642
115419,579,21453,25591
114531,543,21623,25557
114531,570,21427,25498
116865,560,21466,25462
116865,574,21475,25557
113973,569,21644,25585
113973,586,21472,26169
115254,564,21543,25571
115254,572,21696,25828
117587,537,21778,25613
117587,579,21615,25741
113326,566,21655,25664
113326,557,21538,25547
115922,562,21596,25585
115922,559,21509,25593
115178,577,21638,25637
115178,575,21833,25940
114049,579,21780,26341
114049,540,21613,25066
116864,585,21861,26377
116864,565,21739,25822
114751,568,21814,25814
114751,553,21780,25732
115013,563,21767,25801
115013,567,21551,25650
117346,551,21777,25702
117346,582,21591,25701
114049,595,21823,26410
114049,569,24886,28364
101887,570,22404,26976
101887,541,22000,26036
93032,548,22214,26179
93032,567,22024,26189
91400,547,22524,26404
91400,557,22423,26595
88983,542,22523,26378
88983,561,21999,26176
89950,560,22278,26227
89950,562,22100,26191
88799,578,22328,26926
88799,517,22139,25608
88755,574,22187,26693
88755,572,22142,26226
88514,551,22221,26208
88514,555,22191,26320
88073,533,22357,26154
88073,574,22074,26301
94769,607,24567,28995
94769,540,21725,25310
109782,562,22013,25956
109782,574,21820,25967
111176,592,21623,26166
111176,567,21556,25678
113829,548,21609,25485
113829,570,21468,25593
116404,545,21600,25488
116404,583,21575,25761
113105,569,21577,25533
113105,561,21467,25534
115681,562,21617,25515
115681,552,21437,25579
115419,604,21716,26356
115419,545,21639,25108
114290,576,21630,26090
114290,573,21379,25541
117587,550,21554,25484
117587,568,21579,25628
114476,571,21720,25694
114476,555,21582,25699
115495,565,21640,25533
115495,565,21496,25648
117587,580,21618,26101
117587,554,21637,25224
113325,591,21946,26456
113325,562,21857,25969
116624,551,22114,26003
116624,563,21711,25843
115660,562,21817,25695
115660,578,21660,25836
114510,549,21646,25530
114510,571,21464,25601
117587,559,21623,25589
117587,571,21594,25682
115178,599,21688,26350
115178,558,21490,25517
115178,550,21564,25446
115178,577,21406,25607
117828,542,21682,25550
117828,585,21884,26062
113325,566,22010,25997
113325,556,21790,25818
116624,564,21890,25788
116624,555,21721,25874
115660,577,21950,25937
115660,574,21884,25989
114048,577,21777,26302
114048,575,21684,25839
117587,547,21895,25818
117587,574,22001,26050
114214,565,21974,25892
114214,556,21632,25730
115440,563,21627,25583
115440,568,21488,25628
117531,582,21607,26119
117531,549,21734,25256
113567,595,21773,26382
113567,567,21553,25640
116623,548,21648,25486
116623,563,21480,25651
115922,563,21762,25733
115922,577,21697,25772
115737,546,21972,25883
115737,574,21943,26113
120214,559,21874,25800
120214,570,21623,25699
117806,603,21820,26399
117806,530,21947,25390
118529,590,21931,26541
118529,570,21826,25937
120937,534,21995,25779
120937,587,21971,26208
116865,562,22031,25902
116865,557,21772,25905
119492,564,21910,25801
119492,559,21874,25989
119251,574,22025,26007
119251,576,22006,26139
117138,576,21920,26421
117138,578,21793,25954
119492,555,21972,25898
119492,563,21934,25974
115901,567,22129,26105
115901,562,21961,26099
116219,557,21657,25546
116219,567,21550,25662
118551,547,21632,25603
118551,584,21663,25819
114531,591,21732,26228
114531,567,21466,25602
116865,552,21756,25633
116865,558,21499,25551
117106,565,21984,26014
117106,575,21740,25813
115014,549,21745,25582
115014,575,21516,25711
118310,560,21656,25575
118310,566,21492,25624
115901,573,21777,25771
115901,555,21646,25712
115956,581,21663,26138
115956,576,21419,25626
118529,542,21655,25522
116843,567,21868,25771
116843,583,21755,26033
114696,579,21752,26106
114696,543,21452,25156
118310,558,21804,25675
118310,578,21549,25685
115178,573,21793,25821
115178,556,21635,25665
116142,594,21718,26395
116142,566,21440,25464
118288,529,21746,25264
118288,595,21617,26136
113994,557,21737,25417
113994,566,21509,25822
117346,561,21677,25547
117346,555,21499,25624
115660,579,21711,25774
115660,565,21595,25681
114937,585,21540,26116
114937,576,21488,25624
118529,550,21558,25473
118529,577,21552,25704
114937,557,21640,25518
114937,559,21490,25584
116142,556,21490,25416
116142,567,21488,25592
118529,551,21552,25496
118529,583,21662,25802
114268,568,21619,25565
114268,556,21475,25569
117644,586,21643,26150
117644,563,21480,25606
116142,563,21707,25702
116142,579,21727,25811
114992,540,21778,25526
114992,575,21498,25776
117828,560,21701,25595
117828,566,21669,25756
115660,593,21694,26236
115660,532,21645,25137
115660,595,21737,26342
115660,571,21897,26011
118047,536,21966,25763
118047,592,21994,26295
114531,559,22139,26044
114531,564,21998,26101
116920,556,22080,25890
116920,554,21952,26124
115901,577,22196,26231
115901,570,22118,26211
115233,578,22034,26446
115233,548,21782,25413
117828,581,22124,26596
117828,579,22001,26202
115474,561,22104,25938
115474,562,22153,26289
116383,560,22085,26067
116383,571,22006,26047
118529,577,22101,26496
118529,558,22132,25789
114772,594,22142,26715
114772,565,24793,28275
104060,566,22737,27130
104060,577,22464,26823
96398,548,22680,26553
96398,558,22534,26656
91626,534,22809,26564
91626,552,22556,26813
90659,556,22428,26356
90659,566,22369,26516
90191,576,22430,26909
90191,517,22550,26072
88983,582,22361,26964
88983,534,22206,25688
90192,568,22425,26806
90192,566,22258,26492
88983,532,22461,26377
88983,566,22268,26435
90434,545,22526,26277
90434,565,22255,26498
92593,572,24991,28921
92593,571,21596,25808
109467,583,21722,26145
109467,550,22112,25667
111176,595,22168,26798
111176,563,22006,26088
115254,544,22112,25902
115254,573,21942,26097
116383,558,22063,26046
116383,585,22237,26428
114751,536,22130,25864
114751,580,21902,26127
118069,559,22069,25986
118069,564,21995,26134
115419,593,22199,26712
115419,532,22047,25553
115956,587,22112,26660
115956,579,22004,26199
118047,532,22151,25857
118047,591,22202,26514
113786,563,22193,26141
113786,555,22052,26095
117106,559,22098,25963
117106,555,22003,26178
116142,578,22227,26168
116142,579,22168,26349
115255,569,22180,26589
115255,582,22034,26334
117828,548,22220,26096
117828,568,22133,26178
115474,566,22191,26152
115474,554,21712,25798
116679,563,21810,25767
116679,569,21631,25786
118551,582,21925,26326
118551,550,22155,25740
114048,593,22224,26799
114048,567,22045,26125
117403,545,22133,25977
117403,567,21934,26132
116142,565,22231,26178
116142,576,22048,26129
115255,545,22141,25923
115255,573,21928,26185
118069,559,22165,26093
118069,573,22041,26179
115233,590,21965,26431
115233,570,22000,26211
116219,557,21836,25828
116219,569,21749,25828
118551,538,21771,25526
118551,589,21720,26024
114048,561,21781,25693
114048,559,21754,25828
117402,562,21739,25645
117402,554,21947,26066
116197,579,21867,25889
116197,570,22026,26083
115013,573,21801,26264
115013,582,22075,26311
118310,551,22161,26119
118310,572,22125,26212
114959,559,22326,26126
114959,556,22155,26305
115737,571,22252,26206
115737,567,22016,26135
118310,579,21881,26338
118310,553,22240,25849
114289,595,21927,26549
114289,566,21683,25767
117644,537,21785,25457
117644,571,22030,26387
116438,560,22127,26017
116438,582,22164,26315
115715,545,22167,26013
115715,572,22002,26215
118310,558,22181,26047
118310,573,22043,26222
115178,589,22026,26491
115178,535,21844,25446
116438,591,21731,26337
116438,567,21628,25710
118288,531,21835,25483
118288,594,22123,26501
114510,561,22142,26061
114510,557,21883,25974
116679,589,22025,26443
116679,534,21925,25504
116624,571,22192,26169
116624,577,22131,26223
114772,571,22131,26545
114772,554,22025,25715
117290,580,22213,26723
117290,556,22165,26133
115419,570,22323,26284
115419,561,22026,26194
115660,559,21844,25805
115660,566,21558,25619
118289,584,21831,26270
118289,555,22187,25839
114476,593,22240,26812
114476,528,22002,25445
116865,571,22174,26561
116865,581,21944,26222
116383,560,22243,26195
116383,578,22215,26343
114531,580,22338,26622
114531,536,21947,25622
117828,561,22150,26099
117828,557,22039,26120
115901,586,22335,26736
115901,542,22176,25818
115496,592,22137,26772
115496,572,22016,26152
118529,539,22231,25956
118529,588,22166,26455
114772,561,22306,26202
114772,553,22122,26194
116219,560,22237,26071
116219,569,22140,26419
117828,560,22159,26086
117828,581,22259,26393
114289,582,22140,26534
114289,578,22019,26314
117183,550,22142,26056
117183,553,22033,26102
115901,561,22323,26200
115901,579,22216,26387
115255,548,22171,26103
115255,571,22105,26246
118069,584,22154,26526
118069,553,22060,25786
115233,568,22316,26827
115233,556,22148,25606
115978,575,22156,26554
115978,584,21977,26280
117346,543,22174,25964
117346,590,22220,26459
114531,552,22047,25796
114531,572,21645,25951
117666,559,21767,25690
117666,550,21724,25837
116164,589,21821,26166
116164,551,22096,25706
115254,580,22134,26731
115254,544,22000,25519
118310,570,22318,26717
118310,583,22169,26403
115199,564,22324,26301
115199,555,22224,26260
115978,558,22217,26057
115978,572,22041,26281
118047,550,22049,26001
118047,584,21956,26050
114048,587,21829,26266
114048,572,22057,26306
117403,556,22181,26136
117403,564,21944,26063
116624,553,22223,26076
116624,582,22148,26347
114773,545,22262,26229
114773,570,22038,26087
118310,557,22177,25956
118310,569,22071,26318
115901,571,22209,26213
115901,554,22080,26112
115978,608,23591,28059
115978,584,23646,27922
100969,534,22637,26560
100969,551,22519,26682
94240,539,22283,26160
94240,559,22333,26432
91642,542,22372,26291
91642,547,22411,26503
89467,577,22416,26900
89467,534,22264,25852
90191,582,22374,26975
90191,517,22289,25732
89467,550,22520,26873
89467,566,22409,26600
90176,555,22521,26542
90176,563,22294,26412
89950,536,22438,26198
89950,555,22653,26964
88741,555,22511,26440
88741,565,24386,28313
99973,589,22438,27069
99973,529,21998,25545
109728,602,22192,26867
109728,576,22128,26210
112602,530,22168,25874
112602,589,22019,26323
116865,552,22125,26087
116865,571,22110,26129
114958,566,22303,26141
114958,562,22198,26456
115736,561,22179,26068
115736,567,22053,26223
118047,571,22190,26573
118047,562,22105,25819
114531,592,22173,26680
114531,565,21970,26084
116865,543,22185,25935
116865,570,22034,26295
116438,564,22143,26169
116438,575,22168,26179
115255,580,22191,26642
115255,539,21960,25540
117828,590,22130,26681
117828,529,21644,25102
115737,592,21846,26399
115737,569,21793,25888
115737,553,21772,25796
115737,569,21671,25747
118608,543,21830,25541
118608,583,22135,26451
114531,568,22256,26219
114531,557,22136,26221
116219,584,21978,26338
116219,547,21852,25552
117828,582,21824,26301
117828,553,21808,25983
114290,577,21845,25585
114290,577,21763,26064
117644,550,21792,25723
117644,562,21744,25826
116624,565,21859,25765
116624,577,22217,26417
114772,549,22289,26138
114772,608,22271,26474
117666,576,22181,26559
117666,558,22116,25767
114772,591,22212,26737
114772,562,22099,26216
115978,547,22275,26012
115978,583,22020,26343
117828,544,22211,26007
117828,590,22217,26419
114049,562,22252,26119
114049,569,22140,26301
117106,562,22248,26242
117106,555,22130,26188
115901,589,22327,26754
115901,595,22158,26480
115233,541,22199,26115
115233,576,22002,26119
118069,544,22189,25905
118069,586,22070,26454
114696,565,22289,26190
114696,557,22132,26211
115682,587,22225,26673
115682,543,22067,25642
118069,580,22310,26827
118069,556,22203,25763
113753,579,22248,26647
113753,578,22140,26376
117106,547,22212,26013
117106,560,22082,26275
116142,571,22353,26230
116142,574,22293,26476
115233,553,22264,26143
115233,575,22054,26267
118529,574,22275,26617
118529,563,22251,25956
114992,589,22274,26798
114992,566,22167,26286
116679,547,22190,25993
116679,579,22098,26352
116383,560,22316,26228
116383,585,22302,26513
114235,577,22302,26628
114235,543,22169,25784
117828,559,22178,26137
117828,576,22196,26264
115178,588,22350,26843
115178,573,22146,26395
115660,552,22239,26106
115660,567,22028,26118
118288,546,22259,26128
118288,588,22260,26495
114049,565,22289,26211
114049,564,21962,25979
117105,590,22221,26733
117105,526,22039,25581
115660,578,22248,26302
115660,594,22169,26758
115495,539,22242,26139
115495,589,22069,26375
117828,544,22374,26190
117828,575,22253,26379
114531,569,22268,26163
114531,561,22212,26413
116142,565,22234,26216
116142,565,22118,26132
116864,568,22260,26892
116864,580,22224,25692
114751,581,22245,26754
114751,573,22066,26213
117829,542,22216,25996
117829,585,22127,26368
115014,565,22352,26316
115014,554,22203,26213
116197,562,22159,25985
116197,573,22015,26318
118288,551,22208,26101
118288,583,22193,26308
114049,590,22294,26828
114049,540,22140,26351
117106,590,22266,26250
117106,550,22152,26194
115901,563,22361,26243
115901,575,22243,26350
115255,549,22361,26321
115255,574,22055,26205
117828,560,22273,26072
117828,580,22195,26446
114476,571,22307,26263
114476,556,22118,26211
116439,573,21957,26323
116439,587,21804,26102
117828,542,21986,25796
117828,592,21939,26196
114531,554,22109,25865
114531,568,22070,26294
117106,563,22207,26136
117106,555,22084,26238
115660,573,22348,26254
115660,570,22259,26412
115233,585,22291,26878
115233,575,22097,26234
117828,536,22241,25989
117828,589,22202,26500
115178,564,22292,26249
115178,555,22305,26351
115901,558,22315,26189
115901,570,22182,26372
117991,553,22321,26178
117991,581,22381,26563
114268,583,22353,26735
114268,549,22222,25883
117106,585,22258,26842
117106,558,22134,26184
115660,558,22290,26226
115660,579,22239,26384
114992,544,22216,26147
114992,572,22111,26230
118069,555,22251,26003
118069,576,22074,26357
115178,570,21959,25928
115178,555,21825,25901
115978,581,21846,26315
115978,583,21795,26056
111879,580,24859,28815
111879,546,22512,26590
98089,543,22542,26426
98089,564,22495,26592
93318,553,22612,26517
93318,555,22513,26751
90191,574,22766,27104
90191,537,22530,26199
90675,586,22809,27358
90675,531,22953,27043
89708,557,22989,26808
89708,566,22617,26879
89708,546,22652,26577
89708,565,22502,26625
89950,535,22688,26420
89950,558,22723,26948
88557,549,22886,26884
88557,568,22561,26675
89950,583,22639,27128
89950,546,24878,28439
102853,596,22119,26660
102853,575,21940,26025
110023,533,21860,25649
110023,588,21705,25999
115737,547,22042,25898
115737,578,22018,26208
113566,565,22159,25953
113566,562,22211,26414
115978,563,22182,26142
115978,566,22134,26247
118069,560,22290,26579
118069,572,21836,25639
114290,588,22007,26519
114290,566,21772,25884
117347,542,21890,25641
117347,562,22111,26374
116383,567,22312,26267
116383,576,22261,26358
115014,577,22328,26780
115014,541,22119,25681
117828,584,22212,26736
117828,549,22158,25699
115233,578,22371,26768
115233,572,22210,26448
116679,554,22223,26149
116679,570,22010,26126
118288,539,22240,26568
118288,589,22333,26077
114268,566,22333,26219
114268,556,22214,26274
116624,589,22278,26786
116624,522,22073,25600
116142,598,22324,26887
116142,584,21999,26174
115014,530,22040,25754
115014,581,22033,26281
118069,551,22257,26192
118069,564,22189,26199
115419,570,22428,26316
115419,558,22283,26467
115660,565,22230,26214
115660,568,22176,26295
118529,577,22377,26831
118529,587,22238,26523
114214,556,22367,26207
114214,564,22208,26367
117346,550,22299,26114
117346,566,22126,26364
116142,569,22379,26319
116142,576,22300,26407
114937,572,22285,26673
114937,546,22093,25744
118288,591,22198,26768
118288,569,22262,26340
115419,551,22466,26251
115419,575,22231,26528
116142,551,22282,26207
116142,569,22117,26226
117991,575,22374,26663
117991,547,22290,26017
114268,568,22410,26321
114268,644,23401,27537
117347,584,21731,26164
117347,657,23173,26871
114455,586,21652,26031
114455,571,22245,26481
116438,543,22250,26033
116438,582,22162,26430
118288,542,22230,26000
118288,582,22250,26512
114290,565,22291,26111
114290,563,22127,26297
117347,561,22199,26150
117347,551,22145,26289
116142,590,22301,26726
116142,560,22289,25953
115014,575,22262,26803
115014,571,22162,26244
118069,543,22300,26012
118069,571,22209,26488
115660,571,22295,26278
115660,555,22253,26232
115660,587,22274,26759
115660,546,22156,25754
118288,584,22285,26862
118288,547,22270,25759
114290,582,22389,26857
114290,570,22205,26424
117161,558,22324,26279
117161,551,22222,26141
116142,572,22367,26360
116142,579,22317,26553
115014,547,22470,26352
115014,571,22216,26302
117587,587,22311,26847
117587,536,22135,25639
115682,597,22424,27059
115682,559,22257,26228
116219,544,22299,26209
116219,583,22080,26327
118069,548,22335,26259
118069,575,22209,26306
114751,569,22416,26351
114751,556,22206,26318
116383,564,22322,26226
116383,564,22110,26183
116624,586,22373,26930
116624,558,22213,25832
114531,582,22375,26832
114531,567,22084,26184
117587,549,22242,26158
117587,559,21905,26045
115901,571,21991,25993
115901,563,21966,25975
115419,554,21905,25808
115419,571,21761,25980
118069,556,21913,26459
118069,578,21784,25227
114214,589,22037,26566
114214,569,21816,26054
116142,555,21918,25837
116142,566,21710,25790
117268,551,21927,25740
117268,582,21937,26149
114269,559,21990,25883
114269,569,21972,26071
118047,582,21982,26398
118047,534,21965,25586
116142,599,22277,26874
116142,576,22352,26432
115956,531,22260,26056
115956,588,22054,26348
118288,546,22284,26178
118288,581,22332,26495
114214,561,22328,26127
114214,559,22217,26442
116383,562,22274,26230
116383,566,22053,26157
117509,578,22017,26451
117509,557,22031,25646
114269,587,21909,26390
114269,570,21836,26036
117347,541,21899,25667
117347,571,22023,26316
115660,561,22272,26179
115178,566,22415,26829
115178,562,22180,25783
115660,583,22421,26807
115660,545,22092,25737
117750,599,22375,26980
117750,573,22342,26363
114289,567,22298,26353
114289,569,22081,26195
117346,566,22324,26448
117346,536,22207,25951
115901,588,22337,26681
115901,545,22314,26058
115474,574,22337,26660
115474,549,22192,25826
117828,583,22309,26805
117828,553,22240,25892
114992,589,22220,26679
114992,558,22071,26144
116383,566,22048,26130
116383,565,21853,25938
115660,583,24691,28613
115660,564,22542,26642
100438,553,22658,26650
100438,549,22715,26782
93077,540,22879,26776
93077,548,22633,26755
92110,593,22724,27363
92110,526,22554,26019
90192,572,22744,27361
90192,541,22601,26606
89708,546,22669,26630
89708,563,22407,26565
89950,534,22679,26520
89950,548,22549,26651
88542,552,22749,26736
88542,559,22547,26740
90192,552,22753,26639
90192,550,22624,26704
88983,565,22734,27276
88983,574,25092,29275
100921,562,22107,26058
100921,571,22080,26087
109541,544,22199,26157
109541,574,21935,26082
115681,556,22172,26094
115681,573,22040,26026
114269,571,22072,26154
114269,554,21984,26029
115715,566,22021,26005
115715,601,21983,26730
118047,542,22062,25942
118047,577,21980,26135
114290,566,22165,26133
114290,557,22005,26036
116624,559,22150,26135
116624,559,22083,26158
116142,574,22217,26286
116142,575,22196,26215
114751,581,22182,26708
114751,536,21971,25472
118069,589,22058,26631
118069,563,22111,26161
115419,565,22187,26153
115419,559,22060,26108
115660,559,21872,25810
115660,573,21690,25869
118288,548,22022,25887
118288,583,22047,26221
113973,572,22083,26011
113973,555,21850,25964
116624,592,21687,26243
116624,532,21456,24970
116865,594,21680,26190
116865,580,21765,25851
114269,548,21685,25570
114269,581,21552,25800
117806,555,21688,25532
117806,562,21678,25786
116142,573,21813,25821
116142,562,21629,25683
115474,560,21664,25636
115474,571,21537,25706
117828,590,21647,26215
117828,571,21647,25693
114937,563,21761,25716
114937,556,21556,25599
115682,559,21594,25579
115682,568,21490,25525
118047,554,21713,25623
118047,583,21634,25712
114048,572,21739,25819
114048,556,21495,25531
116679,595,21699,26321
116679,558,21497,25465
117105,566,21727,25736
117105,584,21600,25760
114772,541,21621,25454
114772,578,21439,25558
118310,566,21704,25721
118310,571,21585,25604
115419,573,21697,25806
115419,556,21602,25540
115956,599,21589,26223
115956,571,21452,25585
118310,550,22117,26051
118310,579,21909,26094
114290,562,22035,25953
114290,553,21903,25914
116921,562,21700,25651
116921,566,21459,25541
117587,565,21707,25624
117587,581,21642,25860
114290,591,21625,26096
114290,537,21479,24967
117828,588,21661,26229
117828,559,21431,25585
115419,570,21822,25795
115419,570,21667,25648
115014,550,21694,25682
115014,577,21641,25763
117828,558,21737,25575
117828,582,21714,25934
114751,569,21592,25567
114751,556,21564,25614
116438,595,21620,26261
116438,537,21437,25521
117828,570,21605,25405
117828,590,21675,25910
113807,560,21626,25529
113807,564,21589,25663
116624,562,21637,25593
116624,559,21698,25814
116383,577,22075,26052
116383,579,22063,26170
114992,582,22006,26564
114992,541,21727,25186
117828,586,21775,26286
117828,570,21451,25570
115474,569,21707,25677
115474,563,21582,25694
115660,555,21560,25437
115660,573,21481,25629
118232,551,21536,25463
118232,581,21504,25651
113994,568,21598,25557
113994,559,21415,25521
117105,590,21537,26088
117105,563,21365,25497
116142,560,21591,25547
116142,579,21509,25631
114717,535,21641,25433
114717,578,21369,25590
118047,552,21609,25427
118047,569,21436,25593
115474,572,21663,25674
115474,552,21660,25652
115715,590,21505,26073
115715,544,21430,24945
118529,581,21562,26143
118529,577,21603,25724
114455,558,21647,25536
114455,567,21492,25649
116383,553,21615,25543
116383,569,21424,25514
117806,558,21685,25507
117806,581,21763,26027
114289,555,21662,25578
114289,570,21495,25641
117347,585,21695,26181
117347,528,21417,25024
115660,591,21730,26226
115660,575,21624,25705
115013,541,21621,25447
115013,577,21423,25653
117587,556,21648,25535
117587,574,21536,25657
114937,573,21680,25653
114937,559,21609,25679
116438,599,21603,26239
116438,538,21731,25152
118069,572,22015,26480
118069,589,22037,26276
114048,562,21986,25881
114048,558,21470,25541
116624,561,21729,25606
116624,565,21400,25580
116624,574,21618,25606
116624,578,21666,25766
114531,579,21654,26050
114531,547,21544,25142
117347,587,21568,26126
117347,556,21556,25595
115419,567,21770,25743
115419,571,21666,25725
115474,549,21584,25580
115474,572,21410,25519
118529,560,21595,25461
118529,587,21726,25901
114992,571,21753,25719
114992,561,21711,25815
116438,588,21650,26160
116438,578,21484,25697
116624,553,21876,25725
116624,585,21807,25966
114531,553,21737,25586
114531,597,22280,26455
108092,569,23307,27241
108092,558,22172,26280
96398,573,22189,26700
96398,520,22045,25565
92835,559,22129,26141
92835,562,22142,26223
90417,564,22154,26678
90417,554,22083,26203
89708,548,22155,26125
89708,563,22071,26120
90191,549,22209,26091
90191,568,22112,26278
88983,553,22308,26215
88983,550,22049,26150
90418,569,22088,26081
90418,562,22025,26134
89708,572,22135,26720
89708,550,22013,26098
88499,547,23410,27200
88499,589,22395,26703
105680,560,22004,25952
105680,580,21670,25741
110191,555,21680,25559
110191,577,21373,25561
116142,563,21629,25554
116142,551,21490,25611
115660,602,21698,26300
115660,575,21655,25692
114992,537,21638,25491
114992,580,21460,25690
117531,547,21707,25606
117531,574,21588,25669
114937,571,21755,25759
114937,555,21657,25713
116197,564,21606,25481
116197,569,21485,25655
117991,583,21717,26211
117991,557,21627,25270
113973,584,21740,26150
113973,571,21563,25759
116624,554,21841,25737
116624,567,21579,25729
116142,563,21776,25672
116142,581,21709,25845
114751,549,21692,25592
114751,573,21386,25580
117588,561,21653,25562
117588,567,21611,25687
115496,598,21825,26404
115496,563,21689,25661
115737,557,21586,25623
115737,575,21775,25886
118310,546,21856,25768
118310,582,21882,25926
114290,574,21922,25948
114290,559,21630,25684
117162,564,21678,25676
117162,592,21653,26228
116383,567,21824,25905
116383,584,21814,25934
114773,545,21877,25744
114773,564,21660,25633
117588,568,22144,26276
117588,568,22039,26124
114937,573,22220,26161
114937,554,22151,26130
115715,569,22152,26216
115715,571,22009,26119
117806,593,22076,26696
117806,569,22006,26088
114455,562,22032,25982
114455,563,22090,26216
115956,551,22090,25980
115956,570,21940,26009
117806,548,21728,25556
117806,585,21718,25977
114289,567,21686,25697
114289,560,21505,25456
116865,567,21756,26407
116865,595,21549,25624
116383,565,21744,25738
116383,576,21607,25649
114992,549,21674,25667
114992,574,21635,25690
118047,555,21726,25670
118047,568,21765,25744
115419,576,21776,25887
115419,554,21563,25564
115715,565,21699,25668
115715,567,21603,25697
118288,591,21759,26407
118288,577,21752,25882
114214,559,21719,25566
114214,565,21436,25589
116865,551,21599,25476
116865,569,21423,25537
117028,566,21625,25594
117028,578,21618,25754
114509,547,21690,25593
114509,578,21544,25644
117806,560,21606,26237
117806,585,21325,25351
115901,567,21722,25696
115901,572,21698,25790
115660,545,21961,25944
115660,571,21857,25940
117750,551,21699,25652
117750,577,21890,26007
114696,568,22044,25977
114696,557,21891,25988
116383,563,22138,26125
116383,562,21949,26043
117750,587,21997,26499
117750,586,21737,25951
114214,546,21584,25387
114214,577,21480,25640
117105,552,21681,25625
117105,559,21628,25769
115901,567,21726,25547
115901,576,21532,25757
115254,552,21541,25409
115254,570,21489,25608
117587,585,21527,26094
117587,550,21563,25129
114937,588,21609,26143
114937,562,21472,25598
115901,546,21683,25509
115901,580,21507,25735
118047,543,21499,25238
118047,584,21520,25794
114509,568,21554,25475
114509,570,21485,25658
116624,561,21583,25488
116624,551,21451,25581
116142,595,21654,26198
116142,583,21452,25626
115233,543,21582,25458
115233,573,21441,25560
118310,545,21714,25514
118310,573,21497,25686
115419,571,21709,25702
115419,555,21505,25573
115956,559,21656,25553
115956,570,21416,25611
118013,580,21741,26213
118013,578,21618,25823
114290,552,21701,25487
114290,572,21489,25713
116624,553,21567,25531
116624,569,21419,25528
116865,560,21591,25467
116865,581,21697,25864
114531,546,21697,25529
114531,578,21505,25726
117588,586,21685,26196
117588,559,21443,25485
115419,570,21730,25805
115419,568,21656,25711
115715,538,21620,25448
115715,577,21592,25810
118254,554,21769,25709
118254,576,21576,25665
114937,567,21758,25691
114937,557,21690,25783
116383,562,21761,26340
116383,568,21592,25026
118254,571,21632,26081
118254,588,21677,25958
114235,555,21581,25438
114235,562,21462,25577
117105,554,21602,25523
117105,559,21499,25650
116383,573,21736,25707
116383,577,21508,25632
115178,577,21620,26017
115178,543,21352,24969
118048,584,21612,26128
118048,559,21442,25474
115660,564,21614,25586
115660,564,21771,25786
115901,555,22040,26078
115901,571,21824,25934
118232,553,21961,25862
118232,580,21847,25996
114696,569,21893,25878
114696,595,23703,27808
102611,565,21735,26195
102611,554,22081,26283
93515,540,22290,26169
93515,559,22077,26210
92110,545,22017,25948
92110,556,21930,26085
89933,534,22215,26132
89933,545,22119,26106
90417,562,22026,26010
90417,561,22005,26210
89450,542,21977,25906
89450,546,22048,26167
88741,572,22119,26602
88741,569,22136,26334
89708,526,22136,25990
89708,553,22050,26168
88982,546,22309,26293
88982,559,22095,26179
94948,584,24407,28336
94948,563,21497,25636
109709,560,21644,25502
109709,553,21496,25668
112548,596,21796,26280
112548,583,21252,25448
114028,534,21625,25443
114028,590,21630,25828
117346,551,21761,25687
117346,578,21564,25725
114455,567,21803,25683
114455,557,21556,25669
115923,562,21604,25533
115923,566,21491,25645
118048,574,21639,26073
118048,560,21622,25265
113807,579,21999,26407
113807,579,21607,25858
117403,549,21763,25654
117403,553,21558,25586
115901,572,21760,25721
115901,575,21575,25771
114992,553,21623,25485
114992,571,21520,25649
118310,560,21697,25657
118310,599,21628,26344
114958,562,21832,25748
114958,565,21788,25914
116197,554,21676,25607
116197,572,21548,25700
118069,540,21559,25340
118069,586,21677,25932
114531,565,21692,25672
114531,563,21537,25579
116865,562,21625,25656
116865,551,21615,25629
116383,600,21795,26418
116383,577,21765,25847
115233,543,21930,25824
115233,576,21704,25868
117588,550,21776,25681
117588,564,21605,25556
115419,573,21780,25889
115419,555,21581,25589
115901,565,21621,25594
115901,567,21591,25682
118069,577,22014,26509
118069,562,22026,26352
113753,584,22144,25976
113753,557,21984,26040
116383,557,22091,26054
116383,562,21883,25967
115901,572,22172,26199
115901,572,21982,26048
114696,552,22273,26134
114696,571,21967,26205
118047,589,22181,26694
118047,566,22030,26110
115419,569,22243,26285
115419,561,22079,26167
115660,544,22135,25995
115660,572,22024,26141
118232,549,22079,26024
118232,583,22095,26256
113973,567,22136,26129
113973,556,21980,25946
117084,564,22149,26145
117084,553,21965,26083
116361,598,22270,26848
116361,579,22084,26214
115233,544,22167,26093
115233,574,21989,26076
118047,551,22140,26075
118047,572,22143,26193
115419,571,22200,26190
115419,556,22091,26176
116142,564,22064,26074
116142,566,21531,25614
118232,578,21688,26198
118232,554,21731,25292
114269,589,21816,26363
114269,564,22015,26055
117106,555,22249,26244
117106,558,21994,26045
116142,569,22184,26133
116142,578,22023,26141
114772,547,22167,26044
114772,574,22040,26172
118069,585,22132,26672
118069,546,22035,25543
115178,585,22225,26742
115178,567,22023,26195
116142,552,22066,25985
116142,566,21813,25894
118529,544,21969,25811
118529,587,22160,26407
114049,566,22107,26016
114049,566,21924,26056
117587,591,21712,26240
117587,560,21594,25677
115901,563,21724,25752
115901,573,21416,25466
115014,535,21746,25573
115014,585,21422,25677
118310,548,21672,25549
118310,576,21538,25683
115178,569,21911,25853
115178,556,22013,26103
116438,566,22083,26004
116438,567,21896,26039
118288,579,22078,26607
118288,553,21992,26164
114510,591,22084,26040
114510,560,21989,26032
116624,549,21814,25683
116624,568,21566,25776
116383,564,21764,25671
116383,578,21396,25562
114992,547,21710,25537
114992,574,21512,25736
117829,561,21662,25614
117829,594,21429,26112
115682,562,21785,25700
115682,565,21461,25555
115956,554,21629,25612
115956,575,21558,25686
118232,545,21639,25547
118232,581,21593,25751
114696,567,21657,25558
114696,557,21527,25645
116624,564,21754,25691
116624,566,21667,25787
117806,575,21622,26048
117806,590,21810,26106
114268,549,21618,25419
114268,574,21461,25678
117106,550,21816,25671
117106,552,21908,26004
116142,575,22064,26086
116142,571,21886,25988
114937,554,22039,25963
114937,571,21882,26062
118047,584,22032,26529
118047,575,22008,26144
115178,562,21829,25790
115178,560,21695,25774
116438,546,21616,25447
116438,583,21518,25738
118310,543,21781,25627
118310,584,21675,25904
114235,567,21759,25629
114235,557,21535,25663
116624,564,21848,25841
116624,560,21533,25621
117049,589,21806,26310
117049,583,21537,25707
114772,541,21727,25538
114772,577,21558,25761
118069,555,21760,25708
118069,558,21665,25786
116142,574,21893,25886
116142,563,21452,25497
115496,555,21736,25649
115496,571,21674,25865
118069,589,21683,26273
118069,545,21686,25770
113512,610,23988,27835
113512,570,21516,25720
98572,530,22093,25948
98572,550,21968,26124
92109,552,22136,26112
92109,561,22036,26032
91385,556,22048,26029
91385,553,22127,26280
89467,566,22370,26840
89467,583,22516,26617
90675,546,22306,26253
90675,574,22515,26721
89510,531,22555,26439
89510,554,22254,26375
89224,549,22272,26121
89224,565,22162,26364
89708,552,22348,26231
89708,554,22197,26339
88784,542,22238,26861
84258,1265,16129,20167
84258,1304,9110,13292
73750,917,12235,16272
73750,1035,14728,18928
70874,827,15432,19456
70874,499,2921,7155
70157,534,2273,6489
70157,518,2053,6124
69671,509,1997,6032
69671,517,1991,6048
69429,509,2023,6040
69429,517,2023,6097
69429,511,1970,6015
69429,513,1984,6025
69429,535,2035,6206
69429,517,2074,6158
69186,508,2264,6288
69186,515,2180,6249
69186,509,2129,6163
69186,514,2053,6107
69186,508,2117,6134
69186,519,2093,6164
69186,535,2433,6615
69186,515,2239,6303
69186,506,2447,6466
69186,519,2425,6494
69186,508,2438,6462
69186,515,2376,6442
69186,506,2283,6307
69186,521,2231,6315
69186,527,2154,6307
69186,520,2254,6342
69186,511,2387,6405
69186,520,2173,6262
69186,504,2111,6113
69186,519,1970,6063
66802,511,2060,6065
66802,519,2084,6142
56888,530,2038,6208
56888,518,2220,6289
53032,509,2306,6337
53032,504,2112,6097
51815,522,2226,6332
51815,517,2176,6244
51086,508,2400,6429
51086,516,2297,6351
51112,533,2456,6638
51112,521,2419,6503
50625,505,2423,6437
50625,523,2384,6484
50625,506,2231,6232
50625,515,2105,6161
50625,507,2353,6378
50625,518,2231,6298
50625,532,2110,6275
50625,516,2135,6210
50625,507,2130,6160
50625,503,2068,6039
50625,520,2146,6253
50625,519,2064,6133
50632,507,2140,6165
50632,518,2167,6217
50632,537,2081,6271
50632,521,2227,6287
50632,508,2124,6151
50632,518,2232,6310
50632,508,2204,6228
50632,515,2138,6200
50632,505,2283,6301
50632,520,2368,6435
50632,533,2306,6501
50632,514,2079,6123
50632,509,2132,6148
50632,523,2340,6429
50632,506,2200,6222
50632,518,2278,6354
50632,503,2153,6156
50632,521,2137,6225
50632,528,2183,6336
50632,515,2230,6290
50632,509,2146,6183
50632,518,2077,6140
50632,510,2243,6283
50632,515,2162,6224
50632,504,2145,6155
50632,521,2033,6114
50632,531,2244,6424
50632,515,2135,6197
50632,504,2219,6228
50632,526,2252,6353
49901,506,2299,6285
49901,520,2166,6243
49171,502,2056,6046
49171,525,2103,6194
48928,530,2011,6181
48928,518,2030,6099
48685,504,2078,6077
48685,520,2078,6156
48685,510,2046,6084
48685,518,2152,6216
48685,505,2178,6186
48685,521,2059,6136
48685,531,2029,6200
48685,519,2012,6082
48685,504,2035,6044
48685,521,2022,6099
48685,507,1958,5991
48685,517,2178,6249
48685,505,1998,6014
48685,515,2304,6355
48685,531,2184,6360
48685,494,1955,5890
48685,530,1932,6083
48685,521,2070,6149
48685,506,2130,6150
48685,516,2132,6191
48685,505,2122,6145
48685,529,2089,6215
48685,524,1928,6056
48685,513,2116,6169
48685,508,2241,6269
48685,515,2333,6370
48685,509,2375,6417
48685,524,2194,6285
48678,503,2127,6122
48678,522,2145,6244
48685,527,2242,6396
48685,521,2190,6263
48685,505,2300,6309
48685,522,2239,6337
48685,506,2179,6196
48685,517,2303,6376
48685,505,2405,6410
48685,520,2213,6293
48685,532,2069,6251
48685,515,2048,6099
48685,505,2226,6247
48685,522,2323,6399
48685,507,2092,6120
48685,515,2206,6265
48685,508,2268,6293
48685,523,2380,6462
48685,529,2261,6416
48685,500,2662,11140
33916,498,2089,13661
33916,535,2104,14024
26612,521,2122,13948
26612,517,2084,13821
23698,505,2260,13884
23698,503,2175,13710
22476,520,2201,14026
22476,526,2123,13961
21987,502,2088,13664
21987,530,2104,13950
21743,521,1942,13782
21743,503,2056,13598
21752,522,2198,14040
21752,504,2288,13808
21752,525,2194,14072
21752,519,2203,13977
21752,500,2064,13616
21752,531,2196,14049
21752,519,1905,13714
21752,504,1984,13547
