nvml:nvidia_geforce_gtx_970_0,rapl:ram,rapl:cores,rapl:pkg
21982,673,5983,17660
21982,534,2543,14399
21738,511,2480,14140
21738,524,2335,14160
21743,520,2383,14162
21743,512,2310,13932
21738,519,2315,14123
21738,498,2328,14151
22226,522,2429,13934
22226,535,2329,14240
21982,514,2335,14088
21982,508,2439,14063
21982,517,2443,14232
21982,509,2346,13967
21738,519,2327,14111
21738,503,2374,13944
21738,518,2375,14156
21738,534,2397,14323
21738,495,2380,13895
21738,529,2337,14214
21738,517,2259,14047
21738,501,2293,13801
21738,526,2105,13994
21738,504,2254,13805
21738,518,2276,14078
21738,533,2143,14024
21738,498,2312,13870
21738,525,2312,14158
21738,517,2334,14113
21738,511,2309,13951
21738,514,2330,14095
21738,512,2441,14017
21738,514,2300,14022
21738,533,2379,14334
21738,511,2252,13938
21738,514,2302,14008
21738,512,2369,14065
21738,517,2440,14134
21738,511,2316,14010
21738,513,2335,14029
21738,533,2436,14388
21738,516,2431,14164
21738,503,2393,13982
21738,519,2435,14232
21738,509,2354,14020
21738,517,2435,14161
21738,511,2309,14002
21738,512,2373,14070
21738,535,2449,14423
21738,516,2439,14154
18323,496,2403,13894
18323,531,2346,14251
18323,509,2394,14050
18323,517,2438,14165
18323,516,2399,14109
18323,509,2431,14087
18323,538,2432,14413
18323,506,2419,14035
18323,518,2433,14217
18323,512,2434,14132
18323,511,2379,14061
18323,527,2458,14336
18323,497,2420,13936
18323,511,2319,14018
18323,535,2365,14339
18323,511,2303,13977
18323,513,2223,13953
18323,514,2353,14070
18323,509,2376,14034
18323,526,2386,14208
18079,509,2383,14036
18079,504,2399,13986
18079,531,2432,14380
18079,514,2380,14097
18079,513,2355,14066
18079,511,2415,14090
18079,515,2450,14132
18079,510,2468,14385
18079,537,2327,14046
18079,495,2331,13828
18079,509,2399,14373
18079,538,2213,13934
18079,510,2343,14001
18079,503,2381,13968
18079,525,2416,14206
18079,512,2427,14105
18079,514,2437,14157
18079,511,2415,14112
18079,536,2431,14385
18079,514,2455,14158
18078,498,2469,13989
18078,529,2410,14294
18078,509,2413,14089
18078,514,2243,13941
18078,509,2354,13996
18078,537,2422,14437
18078,493,2346,13814
18078,538,2317,14292
18078,511,2255,13950
18078,512,2354,14048
18078,507,2380,14028
18078,512,2293,13987
18078,514,2381,14095
18078,512,2351,14037
18078,533,2381,14338
18078,519,2345,14067
18078,512,2411,14098
18078,513,2382,14099
18078,508,2425,14073
18078,516,2449,14180
18078,522,2377,14171
18078,503,2397,13981
18078,536,2299,14289
18078,513,2370,14068
18078,512,2326,14007
18078,514,2406,14123
18078,513,2451,14145
18078,511,2442,14114
18078,507,2402,14041
18078,514,2449,14175
18078,536,2319,14312
18078,514,2443,14124
18078,513,2404,14104
18078,511,2435,14126
18078,511,2417,14101
18078,521,2411,14164
18078,506,2283,13930
18078,513,2277,13980
18078,512,2331,14323
18078,536,2397,14066
18072,515,2375,14152
18072,509,2384,14012
18072,509,2344,14013
18072,511,2342,14017
18072,516,2157,13862
18072,509,2407,14087
18072,537,2361,14357
18072,518,2383,14093
18072,509,2405,14082
18072,514,2306,14023
18072,510,2362,14044
18072,516,2445,14142
18072,509,2449,14125
18072,516,2303,14051
18072,532,2424,14377
18072,513,2425,14136
18072,508,2356,13999
18072,517,2373,14128
18072,505,2350,13978
18072,515,2403,14122
18078,530,2509,14365
18078,499,2459,13962
18078,536,2334,14321
18078,512,2429,14112
18078,515,2403,14136
18078,514,2293,13995
18078,512,2435,14132
18078,518,2449,14155
18078,511,2419,14114
18078,509,2350,14023
18078,590,11747,23329
18078,619,21655,33213
18078,604,22056,33764
18078,918,19698,31405
18078,710,18818,30639
18078,682,17874,29532
18078,606,21335,33759
18078,619,21269,32937
18078,729,17232,29004
18078,614,28770,39791
18026,638,52433,64830
18026,641,27420,38946
18026,722,21438,33168
18026,706,20256,32019
18026,747,20958,32673
18026,618,21563,33163
18026,759,21222,33691
18026,1033,22931,34593
27779,808,19762,24951
27779,1031,20651,25042
41133,1023,21046,24855
41133,1029,20752,25230
46457,1010,20618,24637
46457,1083,20237,24397
48135,1059,20323,24583
48135,1066,20369,24588
48864,1013,20923,24999
48864,1008,20581,24839
49107,1160,20707,25466
49107,1016,19807,24037
49351,953,20524,24464
49351,1155,20718,25050
49351,1132,20474,24663
49351,1044,20605,24794
49594,1063,20732,24854
49594,1047,20660,24800
49594,1160,20870,25643
49594,1003,21046,24680
49594,1164,20836,25577
49594,1116,20673,24958
49587,1053,20913,24795
49587,905,23713,28137
49587,897,20849,24815
49587,917,20612,24991
65700,581,20595,24432
65700,581,21036,25250
73652,557,21529,25377
73652,554,22004,26190
79846,600,22605,27090
79846,565,21351,25487
87231,550,22438,26343
87231,575,22217,26351
100371,566,21901,25913
100371,557,21371,25365
108431,559,22408,26324
108431,580,22384,26526
111008,586,21180,25218
111008,568,21460,25506
111750,554,21730,25722
111750,571,22503,26599
116044,556,22563,26557
116044,581,22656,26777
112507,584,22004,26474
112507,563,22369,26530
114860,551,22747,26637
114860,560,22308,26404
114118,573,22600,26637
114118,573,21833,25765
113471,580,21410,25419
113471,570,22063,26258
115747,580,22572,27074
115747,552,22607,26160
112286,594,21779,26324
112286,561,22513,26597
115824,545,22267,26117
115824,562,22389,26585
114379,567,22743,26657
114379,567,21730,25792
113973,557,22198,26169
113973,576,22646,26510
116306,605,21423,26230
116306,551,22215,25758
112286,585,21684,26125
112286,570,22320,26473
115363,556,22542,26509
115363,557,22455,26563
113898,562,22760,26626
113898,560,21815,25883
114214,566,21887,25827
114214,570,22190,26342
116525,583,22311,26826
116525,564,22657,26165
113009,581,21147,25608
113009,587,21778,26096
116065,543,22420,26221
116065,582,22288,26443
112955,561,21878,25858
112955,559,21691,25755
115639,562,22550,26487
115639,564,22460,26526
115583,573,22369,26389
115583,568,21306,25352
114193,587,21758,26371
114193,587,22722,26772
116766,549,21684,25602
116766,587,22826,27012
113009,557,21622,25534
113009,562,22583,26624
116843,564,22520,26516
116843,558,22135,26217
114379,574,22618,26625
114379,554,21886,25837
114675,594,21958,26590
114675,543,22180,26357
116546,579,22520,26443
116546,599,22710,26798
113470,547,21183,25072
113470,580,21466,25638
116766,552,22238,26182
116766,576,22453,26554
113952,570,21808,25786
113952,559,21678,25753
115342,563,22394,26358
115342,565,22452,26538
116009,582,22463,26942
116009,589,21933,26185
113711,537,21513,25360
113711,603,22628,26838
116766,547,21364,25199
116766,583,22277,26473
112747,568,21660,25567
112747,560,22179,26284
116283,562,22525,26482
116283,554,22398,26475
114598,597,22759,27320
114598,582,21835,25972
114674,542,21843,25806
114674,572,22420,26496
117247,544,22425,26337
117247,604,22626,26793
112988,558,21166,25019
112988,569,22342,26465
116525,562,22095,26044
116525,558,22397,26508
114620,578,22532,26576
114620,589,21744,26363
114434,552,21973,25890
114434,576,21962,26122
117247,547,22504,26407
117247,585,22608,26810
113470,557,21705,25593
113470,594,22427,26619
116787,560,21571,25464
116787,577,22572,26733
112988,597,21911,26434
112988,531,21943,25395
116121,585,22856,27402
116121,562,22627,26671
115102,560,22810,26715
115102,573,21986,26113
114675,551,22151,26121
114675,573,22571,26742
117246,557,22450,26319
117246,599,22716,26869
113009,562,21430,25385
113009,565,22695,26805
115824,580,22860,27343
115824,563,22802,26938
115102,565,22826,26789
115102,573,21998,26063
114620,544,22305,26157
114620,574,22775,27079
117509,554,22850,26656
117509,577,22885,27127
113491,568,22255,26141
113491,583,22525,26692
116306,589,21713,26232
116306,566,22552,26729
114379,564,22781,26693
114379,561,21662,25783
114675,548,22932,26779
114675,574,22503,26664
117247,549,22695,26643
117247,580,22764,26894
113491,564,22252,26087
113491,569,22622,26856
116546,560,22698,27261
116546,597,22604,26590
114861,575,22495,26578
114861,560,22146,26168
114916,559,22111,26128
114916,567,22590,26640
117247,545,22987,26874
117247,581,22940,27122
113229,563,22101,26039
113229,563,23072,27101
116283,566,22639,26621
116283,556,22695,26808
114839,596,23103,27719
114839,560,22407,26116
114861,581,21890,26255
114861,572,22704,26829
117007,544,23009,26871
117007,579,22652,26800
113711,547,21926,25799
113711,578,22607,26776
117247,560,22896,26844
117247,559,22893,26920
114861,595,23068,27702
114861,532,21956,25410
114861,585,22594,27200
114861,612,24470,28520
100854,543,22661,26557
100854,571,23602,27830
94160,549,23156,27035
94160,562,23227,27303
90132,548,23282,27241
90132,553,23284,27430
88440,557,23862,27825
88440,594,23772,28484
89165,548,23811,27761
89165,530,23438,26995
88198,559,23327,27785
88198,565,23619,27600
88440,555,22528,26527
88440,568,22921,27160
88681,551,23357,27218
88681,553,23026,27196
87715,542,23166,27052
87715,563,23465,27663
92487,597,24578,28599
92487,554,21704,25732
106815,587,22742,27309
106815,568,22529,26612
114138,541,22648,26545
114138,604,22835,26949
112286,548,21308,25220
112286,572,22577,26720
116546,561,23056,27015
116546,578,22852,26977
113195,569,22324,26310
113195,555,22159,26199
115845,591,22834,27444
115845,562,22522,26572
115342,560,22398,26325
115342,585,21601,25777
113973,542,21772,25644
113973,595,22490,26685
117028,554,21234,25110
117028,584,22372,26567
113009,568,21486,25391
113009,559,22542,26602
116142,588,22667,27209
116142,571,22529,26743
115363,560,22914,26831
115363,578,22286,26321
114455,544,22319,26231
114455,577,22764,26943
117028,554,22951,26840
117028,600,22881,27052
113250,559,21299,25167
113250,571,22764,26916
116844,593,22834,27475
116844,522,22757,26176
114861,593,23233,27739
114861,575,22146,26325
114696,548,22474,26418
114696,575,22814,26949
117969,548,22928,26745
117969,581,22990,27196
113250,570,22010,25943
113250,557,22979,27059
116306,564,22996,26943
116306,555,22879,26980
115342,605,23059,27772
115342,570,22122,26081
114620,540,22580,26463
114620,578,22694,26846
117191,547,22981,26906
117191,585,22990,27204
112955,567,22242,26126
112955,561,22531,26599
116787,564,22619,26635
116787,554,22831,26904
115343,596,23129,27687
115343,568,22230,26405
115101,553,22614,26565
115101,569,22479,26566
117191,541,22643,26526
117191,586,22715,26895
113732,557,21666,25583
113732,567,22693,26783
117006,561,22609,26496
117006,556,22160,26279
115583,574,22776,26822
115583,597,21906,26551
115102,547,22015,25891
115102,582,22449,26704
117431,537,22721,26530
117431,586,22704,26913
113175,557,21723,25541
113175,570,22661,26822
116547,561,22649,26638
116547,558,22858,26945
115101,599,23170,27773
115101,529,22464,26548
115342,594,22393,26380
115342,576,22649,26828
117947,540,22890,26722
117947,584,23089,27280
113657,557,22287,26169
113657,563,23026,27147
117303,561,23027,26920
118210,583,23119,27534
118210,561,22934,26719
113657,581,22012,26324
113657,552,22853,26525
116065,587,22689,27261
116065,561,22785,26869
115583,568,23037,27079
115583,553,21843,25795
114882,575,22489,26697
114882,552,22331,26205
117969,578,23019,27336
117969,558,23136,26853
114193,579,22311,26586
114193,553,22955,26732
117785,584,22852,27324
117785,574,22750,26973
115398,564,22220,26145
115398,562,21468,25582
116121,551,22655,26552
116121,572,22425,26543
117488,548,22563,26435
117488,582,22518,26694
113732,556,21878,25742
113732,570,22611,26773
117028,598,22639,27263
117028,550,22534,26523
115101,571,22636,26687
115101,560,21546,25587
115397,551,22118,26043
115397,569,22489,26574
117728,552,22607,26511
117728,584,22638,26771
114193,555,22063,26065
114193,572,22446,26543
117566,562,22633,26575
117566,593,22514,27270
114937,568,22340,26304
114937,560,21499,25567
115660,560,22582,26581
115660,571,22455,26546
117028,553,22643,26458
117028,579,21997,26222
113973,552,21641,25557
113973,572,22316,26453
117750,562,22662,26607
117750,574,22654,26696
114675,595,22195,26861
114675,564,21786,25918
115824,548,22696,26567
115824,571,22391,26512
116787,555,22751,26644
116787,579,21924,26101
114433,550,21807,25674
114433,570,22394,26576
117487,561,22688,26625
117487,575,22490,26566
114138,592,21960,26534
114138,564,21695,25830
116524,551,22579,26445
116524,564,22475,26615
116305,564,22634,26625
116305,577,21833,25931
114620,545,22052,25827
114620,573,22430,26712
117970,561,22480,26336
117970,578,22375,26601
114380,592,21902,26366
114380,529,21496,24993
116547,592,22556,27182
116547,562,22433,26442
116547,552,22688,26586
116547,583,21951,26096
114675,545,21852,25787
114675,568,22360,26441
117509,560,22587,26550
117509,578,22289,26418
113897,571,22000,26004
113897,553,22064,26079
116306,591,22667,27297
116306,567,22427,26514
116547,556,22443,26407
116547,580,21759,25884
114455,539,21809,25669
114455,571,22496,26603
115342,594,24840,28803
115342,560,22262,26416
98990,543,23104,27011
98990,545,22906,26998
92487,578,23372,27942
92487,532,23218,27359
90857,562,23177,26942
90857,565,22733,27003
88924,525,23165,26961
88924,573,23276,27528
90132,546,23305,27129
90132,560,22646,26798
89208,580,21762,25762
89208,555,22267,26374
88241,573,23412,27928
88241,534,23581,27135
89890,580,23133,27756
89890,557,23028,27087
88725,529,22979,26812
88725,591,25738,29925
97782,572,21891,25851
97782,561,22593,26718
110359,560,22616,26443
110359,556,22600,26831
113436,575,23282,27179
113436,559,22122,26192
113973,591,22387,27011
113973,579,22830,27013
117028,543,22947,26821
117028,580,22754,26891
113250,558,22056,25879
113250,570,22458,26631
117028,562,22675,26621
117028,562,22899,26957
115342,575,23049,27057
115342,554,22335,26362
115398,599,22671,27364
115398,537,22793,26215
117432,574,23028,27539
117432,587,22929,27137
114193,557,21752,25673
114193,566,22457,26533
117247,556,22608,26494
117247,557,22579,26727
115584,575,22759,26742
115584,554,21923,25957
115157,593,22613,27167
115157,540,22484,26032
117672,581,22597,27074
117672,580,22688,26888
114193,554,22003,25767
114193,570,22265,26475
116787,555,22304,26157
116787,557,22259,26470
115638,574,22611,26502
115638,556,21877,25951
115102,567,22390,26389
115102,569,22350,26520
117728,573,22631,27016
117728,590,22395,26734
113732,567,21816,25609
113732,565,22538,26667
117268,555,22507,26390
117268,556,22484,26676
115342,574,23074,27001
115342,555,21855,25929
115342,593,22201,26734
115342,544,22438,25977
118153,578,22640,27159
118153,582,22655,26830
114138,554,21703,25557
114138,571,22194,26333
117006,558,22299,26243
117006,560,22490,26512
114861,574,22505,26520
114861,556,21711,25772
116121,567,22574,26577
116121,569,22387,26514
118210,575,22644,27036
118210,593,22114,26440
114193,541,21587,25360
114193,577,21775,25967
117969,551,22284,26123
117969,575,22464,26625
115398,572,22061,26055
115398,557,21519,25609
116787,563,22551,26472
116787,568,22159,26293
117729,583,22421,26904
117729,586,21883,26098
114937,543,21645,25521
114937,582,21980,26192
117751,546,22570,26298
117751,576,22569,26721
114620,570,22058,26053
114620,557,22115,26183
116362,564,22818,26802
116362,560,22482,26610
117028,593,22610,27139
117028,582,21952,26120
114916,537,22262,26074
114916,590,22555,26875
117991,544,22494,26322
117991,577,22477,26631
114675,569,21691,25649
114675,555,21559,25592
116361,563,22608,26557
116361,569,22513,26645
116766,572,22390,26409
116766,604,21833,26540
114675,552,21687,25674
114675,572,22584,26672
117750,547,22586,26473
117750,570,22396,26393
114193,572,21921,26060
114193,555,21507,25513
116361,563,22577,26564
116361,564,22493,26468
117006,570,22620,26677
117006,576,21787,25924
114214,573,21632,26140
114214,570,22551,26633
117694,553,22485,26447
117694,573,22370,26491
114620,564,21714,25690
114620,551,21462,25450
116065,567,22617,26628
116065,568,22424,26536
117913,557,22802,26761
117913,576,22591,26695
114159,589,21842,26360
114159,572,22466,26665
117970,553,22548,26463
117970,543,22545,26499
115583,571,22736,26737
115583,561,21835,25904
115583,560,22033,25977
115583,566,22341,26420
117913,589,22666,27267
117913,547,22716,26239
113952,593,21854,26418
113952,564,22670,26711
117028,557,22518,26521
117028,557,22508,26632
115528,557,22998,26898
115528,561,22091,26074
115343,561,22540,26588
115343,570,22892,27031
118451,551,22976,26860
118451,579,22972,27043
114434,569,22357,26417
114434,592,22865,27572
117728,555,22855,26811
117728,558,22825,26954
116362,560,22928,26846
116362,565,22216,26227
115639,553,22298,26300
115639,568,22851,26929
118451,552,22869,26765
118451,584,22900,27119
113973,568,22085,25997
113973,557,22989,27042
117565,590,22736,27416
117565,555,22799,26846
115824,565,22959,26992
115824,568,22313,26330
115178,543,22622,26577
115178,575,22987,27099
118232,554,22869,26754
118232,576,22900,27053
114620,570,22223,26200
114620,557,21621,25652
116603,598,22660,27315
116603,533,22458,25885
117672,573,22778,27226
117672,587,22678,26938
114434,547,22156,25988
114434,569,22687,26815
117269,555,22446,26279
117269,559,22484,26720
115880,572,22701,26661
115880,557,22024,26017
115343,594,22400,27079
115343,538,22502,25952
118210,579,22710,27280
118210,578,22543,26705
113973,563,24107,27829
113973,578,20739,25081
99956,525,22746,26600
99956,548,23163,27232
94419,558,23108,27087
94419,563,23255,27434
91340,545,23220,27180
91340,549,23227,27304
88967,580,23484,28015
88967,538,23366,26896
90132,579,22852,27427
90132,548,23169,27127
88967,541,22948,26896
88967,552,23297,27470
89166,553,23453,27417
89166,563,23385,27454
89450,552,23372,27238
89450,557,23001,27205
88725,576,23195,27802
88725,537,24992,28273
100631,585,22309,27031
100631,575,22474,26637
108262,564,21936,25877
108262,560,21833,25948
113973,550,22672,26553
113973,570,22425,26553
115824,565,22647,26582
115824,578,21991,26182
114194,547,21623,25428
114194,569,22424,26603
117510,680,22335,26957
117510,542,21166,24666
113491,685,22450,26848
113491,583,20627,24883
117488,545,21804,25651
117488,581,22535,26654
113898,565,21941,25831
113898,556,22024,26183
116306,562,22523,26411
116306,559,22300,26412
116525,574,22351,27060
116525,569,21524,24950
115157,579,21695,26226
115157,570,22435,26551
117934,543,22602,26410
117934,589,22558,26849
114138,559,21952,25823
114138,553,22219,26293
116787,560,22568,26449
116787,556,22306,26473
116546,575,22630,26610
116546,569,21661,25742
114916,577,21866,26390
114916,578,22275,26474
117728,553,22458,26423
117728,569,22511,26559
114379,564,21952,25844
114379,557,21911,26002
116842,564,22461,26445
116842,558,22246,26332
116120,579,22579,26554
116120,561,21630,25702
115178,586,22490,27077
115178,572,22612,26733
118691,546,22674,26561
118691,583,22813,27027
114214,558,21948,25861
114214,556,22546,26629
116787,558,22836,26683
116787,560,22742,26930
116305,570,22739,26725
116305,571,22100,26197
114937,583,22150,26730
114937,537,22561,25986
118232,585,22919,27502
118232,570,23042,27122
114641,561,22564,26463
114641,561,22335,26430
116546,558,22974,26863
116546,562,22777,26943
117269,571,22961,26928
117269,577,22495,26530
114937,550,22014,25977
114937,570,22647,26822
118473,582,22741,27289
118473,577,22936,27099
115178,559,22343,26250
115178,562,22112,26254
116306,551,22966,26844
116306,569,22510,26646
117510,560,22795,26595
117510,582,21717,26037
114937,549,21523,25380
114937,569,22352,26469
117991,588,22659,27225
117991,570,22330,26413
114882,564,21801,25776
114882,562,21458,25569
116844,551,22446,26347
116844,565,22295,26410
117268,566,22560,26474
117268,577,21887,26000
115419,548,21780,25678
115419,570,22380,26562
118232,561,22638,27259
118232,601,22431,26517
114620,559,21887,25781
114620,558,21759,25826
116844,558,22552,26551
116844,567,22295,26381
117247,563,22576,26539
117247,578,21992,26071
115639,550,21633,25538
115639,572,22402,26529
118210,563,22575,26565
118210,592,22536,27231
115824,576,22229,26280
115824,562,21695,25774
116362,550,22478,26364
116362,571,22535,26605
118451,551,22577,26439
118451,585,22643,26900
114455,554,22076,25925
114455,573,22647,26728
117509,564,22655,26660
117509,559,22654,26789
116065,594,22741,27315
116065,551,22003,25941
115583,562,22295,26324
115583,580,22489,26704
118416,542,22604,26439
118416,583,22597,26741
114455,568,22038,25967
114455,567,22582,26725
117269,563,22659,26580
117269,587,22616,27316
116065,568,22793,26869
116065,574,21939,25997
115342,544,22347,26217
115342,568,22341,26417
118153,560,22664,26603
118153,581,22784,26989
114916,569,22056,26017
114916,555,22352,26318
117325,569,22857,26905
117325,560,22383,26410
116787,601,22413,27135
116787,571,21623,25613
115419,547,22152,26077
115419,576,22442,26564
118691,555,22526,26516
118691,574,22560,26655
115639,569,21863,25781
115639,559,21803,25900
116844,565,22515,26443
116844,567,22415,26538
117510,586,22796,27250
117510,561,22103,25707
114937,573,22013,26509
114937,577,22469,26642
118472,548,22737,26591
118472,576,22334,26416
115178,574,21907,25973
115178,556,21939,25994
116383,564,22697,26536
116383,571,22175,26356
117028,594,22587,27214
117028,554,22043,25501
115178,573,22026,26544
115178,579,22371,26530
117991,554,22568,26532
117991,568,22356,26367
115122,570,21834,25860
115122,558,21640,25706
117324,563,22379,26348
117324,562,22446,26479
117487,596,22588,27180
117487,552,21821,25355
115343,573,21894,26363
115343,574,22318,26479
118691,550,22503,26417
118691,573,22364,26465
114915,564,21760,25719
114915,554,21822,25871
116788,564,22305,26231
116788,562,22223,26304
116765,578,22451,26495
116765,585,23863,27969
101578,570,23055,27664
101578,557,23213,27296
95368,540,23317,27196
95368,562,23169,27325
91807,533,23159,27092
91807,549,22994,27105
89875,550,23302,27259
89875,561,23134,27208
90116,552,23407,27258
90116,553,23286,27477
89149,574,23211,27752
89149,531,23309,26844
90599,579,23132,27692
90599,560,23096,27184
89391,540,23032,26998
89391,549,23284,27406
89633,545,23365,27221
89633,566,23241,27353
95609,579,24171,28121
95609,567,22435,26550
110599,588,22357,26907
110599,530,22489,25943
113230,594,22984,27575
113230,565,22263,26387
114861,545,22414,26217
114861,581,22573,26857
118153,539,22828,26682
118153,582,22881,27097
114434,559,22112,25935
114434,565,22501,26630
117269,560,22556,26467
117269,553,22311,26482
116305,598,22724,27333
116305,572,22037,26042
115639,547,22839,26789
115639,577,22570,26745
118932,545,22867,26692
118932,580,22724,26940
114434,567,21962,25905
114434,561,22461,26515
117325,562,22765,26693
117325,555,22776,26905
116065,600,23171,27795
116065,567,22230,26188
115342,542,22478,26396
115342,583,22513,26763
118690,552,22712,26668
118690,574,22809,26909
114674,564,21814,25689
114674,557,22331,26425
117028,563,22830,26816
117028,558,22616,26645
117005,599,22756,27410
117005,545,21958,25409
115156,577,22259,26812
115156,573,22694,26781
118450,546,22831,26715
118450,583,22740,26952
115638,561,22325,26229
115638,557,21853,25952
117083,563,22761,26656
117083,566,22636,26759
117487,591,22815,27358
117487,552,22070,25580
115639,575,22131,26683
115639,578,22929,27088
118473,539,23015,26746
118473,590,22886,27248
115157,559,22403,26229
115157,558,22213,26323
116843,567,22929,26887
116843,568,22601,26707
117728,588,22946,27439
117728,557,22246,25789
114937,574,22349,26821
114937,579,22796,27004
118691,553,22958,26919
118691,566,22651,26607
115342,569,22293,26277
115342,556,21889,25959
117061,563,22989,26978
117061,561,22697,26760
117487,574,23047,27041
117487,576,22342,26499
115638,573,22080,26562
115638,577,22717,26930
118393,549,23010,26868
118393,576,23047,27227
114861,562,22632,26542
114861,561,22300,26397
116787,560,23047,27006
116787,558,22848,26888
117247,574,22763,26713
117247,575,21750,25877
115343,580,21932,26510
115343,541,22533,26007
118473,577,22619,27160
118473,582,22785,26950
115824,555,22352,26226
115824,558,22133,26182
116788,560,22720,26674
116788,570,22569,26725
117488,566,22697,26592
117488,578,22215,26307
115639,580,21843,26442
115639,544,22596,26115
118451,586,22550,27135
118451,565,22536,26540
115398,570,21982,26030
115398,560,21724,25830
117028,550,22670,26496
117028,569,22327,26447
117431,562,22694,26625
117431,581,22033,26279
115398,550,22086,25948
115398,567,22454,26539
118232,595,22837,27526
118232,567,22414,26445
115398,561,22035,25976
115398,559,21773,25877
116787,556,22625,26594
116787,563,22371,26379
117006,573,22750,26771
117006,577,21935,25919
115879,552,21822,25836
116843,569,22821,27154
116843,551,22604,26401
117728,582,22913,27288
117728,595,22325,26663
114937,535,22396,26201
114937,582,22333,26536
118713,551,22605,26571
118713,578,22517,26662
114916,568,21654,25690
114916,558,22173,26048
117028,562,22486,26612
117028,587,22449,27001
116787,551,22733,26483
116787,596,22053,26447
115419,530,22624,26330
115419,592,22651,27042
118932,547,22692,26484
118932,581,22648,26841
115398,588,22654,26627
115398,558,21293,25275
117510,566,22605,26616
117510,551,22378,26439
116065,603,22651,27338
116065,568,21700,25702
116361,547,22540,26494
116361,575,22403,26566
119150,541,22567,26434
119150,580,22475,26588
114675,569,21706,25693
114675,560,22325,26396
117784,561,22509,26463
117784,551,22327,26352
116065,581,22739,26805
116065,564,22032,26109
115879,579,22707,27269
115879,572,22734,26855
118932,552,22957,26882
118932,575,22812,26948
114860,563,22314,26189
114860,557,22276,26379
117246,564,22795,26715
117246,554,22840,26961
116043,577,22985,27014
116043,603,22223,26907
115583,546,22574,26521
115583,579,22501,26720
118932,543,22713,26553
118932,579,22777,26903
114379,564,22082,25992
114379,567,22400,26609
117991,556,22640,26498
117991,554,22564,26710
116547,573,23174,27100
116547,558,22427,26532
116065,591,22866,27501
116065,537,22889,26334
118394,584,22912,27438
118394,578,22918,27086
114193,559,21983,25862
114193,561,22523,26560
110652,590,24494,28406
110652,571,23035,27214
98924,560,23630,27605
98924,558,23668,27733
92970,578,23763,28376
92970,516,23091,26508
90358,578,23456,28042
90358,568,23298,27516
90841,539,22854,26623
90841,574,23237,27471
90132,534,23449,27280
90132,555,23296,27440
88924,561,23413,27382
88924,562,23284,27390
90374,556,23442,27339
90374,551,23191,27333
89165,567,23215,27744
89165,568,23379,27597
90857,536,23528,27260
90857,601,24520,28797
102543,568,21844,25826
102543,553,21830,25812
111563,563,22563,26494
111563,569,22422,26596
115583,565,22637,27153
115583,580,22158,25692
114675,573,22317,26821
114675,543,22836,26325
118451,584,22912,27479
118451,579,23035,27197
115157,560,22528,26446
115157,568,22061,26229
117269,552,22980,26832
117269,561,22564,26689
117247,571,22946,26879
117247,575,22277,26429
115343,551,22335,26252
115343,573,22685,26824
118692,584,22758,27304
118692,578,22626,26809
114379,563,22227,26104
114379,563,22366,26484
117028,550,22884,26718
117028,563,22844,26973
117006,574,22960,26950
117006,576,22379,26489
115639,549,22204,26117
115639,570,22723,26856
118210,585,22755,27269
118210,577,22721,26936
114861,566,22029,25961
114861,561,21802,25870
117028,553,22527,26491
117028,566,22380,26424
117247,565,22706,26661
117247,577,22103,26290
114861,550,21788,25668
114861,572,22431,26581
118932,562,22494,26410
118932,576,22411,26544
115343,594,21566,26128
115343,558,21837,25906
117028,553,22642,26571
117028,574,22529,26693
118209,552,22704,26564
118209,582,22234,26454
115157,545,22294,26058
115157,575,22552,26802
118692,561,22485,26412
118692,573,22237,26322
115343,597,22000,26635
115343,564,21373,25506
116546,551,22624,26499
116546,568,22560,26650
117912,555,22693,26570
117912,587,21858,26144
115102,544,21964,25800
115102,570,22571,26721
118393,562,22549,26452
118393,578,22521,26643
115342,599,22418,27029
115342,558,21524,25550
116787,557,22530,26533
116787,572,22474,26591
117969,546,22406,26271
117969,580,21796,25865
115101,551,21528,25518
115101,571,22504,26587
118450,560,22585,26560
118450,575,22601,26599
115342,574,22217,26289
115342,559,21771,25858
117084,585,22564,27084
117084,560,22351,26389
117269,564,22584,26590
117269,584,21914,26075
115398,542,21713,25607
115398,571,22545,26589
118714,561,22565,26522
118714,576,22551,26691
115102,571,22230,26236
115102,555,21784,25816
116843,585,22581,27146
116843,573,22551,26679
117028,549,22408,26263
117028,587,21726,25920
114882,542,22077,25947
114882,571,22647,26781
118473,559,22879,26750
118473,578,22944,27152
114916,595,22388,26932
114916,528,22548,25957
117269,590,22922,27558
117269,565,22769,26947
116787,561,22791,26704
116787,572,22068,26071
116120,542,22181,26083
116120,578,22810,27074
118691,553,23030,26841
118691,577,22898,27110
115101,569,22007,25964
115101,557,22242,26259
117566,592,23019,27629
117566,523,22873,27013
117269,594,23148,27017
117269,578,22233,26373
116361,542,22210,26156
116361,572,22618,26706
119173,555,22593,26541
119173,576,22807,26900
114861,570,21989,25876
114861,558,22334,26463
117509,594,22598,27242
117509,557,22394,26469
117028,564,22604,26595
117028,572,21801,25823
116065,543,21756,25660
116065,574,22288,26460
118714,549,22595,26470
118714,583,22712,26908
114641,572,21944,25901
114641,561,22464,26534
117509,560,22571,27134
117509,553,22394,25807
116787,603,22599,27273
116787,571,21694,25698
116065,536,22149,25993
116065,585,22454,26731
118450,548,22692,26564
118450,583,22792,26976
114620,568,22229,26016
114620,560,22555,26763
117487,565,22581,26504
117487,552,22532,26706
117005,598,22986,27501
117005,578,22137,26232
116338,546,22142,26096
116338,574,22662,26788
118931,548,22447,26269
118931,591,22540,26876
115101,564,21760,25599
115101,557,22397,26522
117728,566,22785,26675
117728,561,22661,26786
117005,600,22784,27411
117005,584,22102,26189
116361,540,22389,26262
116361,582,22689,26896
118691,551,22865,26753
118691,578,22852,26976
115320,564,22449,26340
115320,563,22147,26262
117005,567,22630,26578
117005,561,22507,26556
116765,576,22619,26645
116765,575,21856,26004
115879,580,21968,26523
115879,573,22576,26696
118931,547,22836,26684
118931,580,22775,26895
115824,569,22448,26445
115824,556,22190,26249
117566,564,22651,26607
117566,566,22606,26623
117969,573,22802,26847
117969,579,22300,26435
114488,610,23986,28551
114488,526,22903,26410
100661,586,23483,27998
100661,562,23438,27558
93740,531,23538,27392
93740,558,23458,27647
91368,552,23587,27480
91368,562,23491,27592
91126,553,23563,27467
91126,551,23456,27623
89934,571,23573,28124
89934,519,23480,26981
90840,589,23618,28137
90840,567,23413,27580
90132,538,23241,27166
90132,549,23215,27334
89166,549,23674,27530
89166,563,23283,27494
90857,554,22988,26881
90857,585,25024,29201
103991,561,21779,25648
103991,574,22577,26679
110118,599,21921,26627
110118,563,21656,25736
114675,549,22738,26568
114675,579,22564,26743
117729,546,22718,26586
117729,582,22299,26514
114193,556,22115,25893
114193,571,22845,27007
118209,561,22570,26552
118209,555,22494,26623
116546,574,22874,26878
116546,589,22086,26714
116547,549,22137,26092
116547,580,22514,26760
119172,537,22704,26520
119172,585,22655,26837
114915,559,21824,25707
114915,562,22484,26611
117969,563,22902,26807
117969,553,22908,27027
116524,573,23229,27244
116524,597,22018,26716
116305,546,22550,26497
116305,580,22574,26740
118634,542,22769,26592
118634,586,22599,26842
114433,560,21832,25725
114433,556,22546,26612
117728,561,22623,26509
117728,554,22539,26649
116764,577,22896,26928
116764,558,21998,26037
116065,590,22671,27243
116065,579,22553,26716
119391,548,22729,26621
119391,579,22703,26826
114620,565,22266,26265
114620,557,22580,26628
117510,561,22639,26563
117510,561,22520,26668
117006,574,22599,26571
117006,572,21885,25902
115879,585,22290,26910
115879,578,22451,26590
118691,558,22670,26625
118691,571,22918,26953
115343,562,22366,26296
115343,559,22149,26262
117510,562,22639,26593
117510,566,22644,26650
117728,571,22765,26843
117728,580,22317,26393
115638,580,21863,26436
115638,566,22573,26650
118931,555,22610,26596
118931,576,22452,26580
115397,554,21902,25752
115397,557,21491,25542
117784,563,22699,26702
117784,566,22679,26797
117728,571,23090,27069
117728,574,22302,26326
115660,549,22115,26071
115660,572,22417,26571
119173,584,22672,27195
119173,559,22529,26613
116065,572,22482,26483
116065,559,22064,26148
116546,554,22546,26479
116546,566,22458,26462
119116,552,22919,26885
119116,586,22982,27184
115156,556,22308,26184
115156,573,22769,26894
118232,587,22947,27545
118232,559,22710,26827
116546,561,22956,26885
116546,559,22269,26288
116547,557,22324,26354
116547,574,22682,26807
119116,544,22804,26681
119116,582,23290,27455
114641,565,22326,26281
114641,563,22584,26658
117750,589,22606,27183
117750,530,22536,26062
117028,590,23133,27626
117028,572,22149,26282
116361,544,22514,26475
116361,573,22644,26766
118691,548,22623,26531
118691,577,22568,26679
114861,567,21859,25827
114861,554,22114,26114
117728,564,22682,26707
117728,556,22582,26650
117488,597,22717,27323
117488,579,22106,26199
115638,541,22226,26135
115638,571,22879,27007
119149,555,23026,26966
119149,576,23033,27197
115561,566,22000,25894
115561,557,22283,26400
117486,563,22607,26571
117486,559,22518,26579
117650,592,22532,27087
117650,555,22057,25598
115102,568,21825,26302
115102,575,22585,26748
118691,553,22601,26563
118691,571,22529,26620
115583,569,22296,26254
115583,555,22021,26040
117246,561,22884,26804
117246,569,22519,26691
117891,590,22605,27182
117891,552,22037,25480
115879,565,22006,26483
115879,581,22815,27026
118634,548,22889,26798
118634,576,22840,26930
115342,562,22480,26422
115342,560,21625,25729
117510,561,22595,26490
117510,563,22489,26609
117913,592,22635,27179
117913,554,22148,25693
115342,576,21831,26388
115342,569,22555,26673
118932,545,22700,26549
118932,575,22295,26421
115343,566,21910,25923
115343,553,21583,25601
117269,562,22558,26539
117269,566,22536,26588
117912,568,22669,26649
117912,576,22063,26163
115102,575,21840,26391
115102,578,22051,26264
118714,554,22346,26255
118714,571,22517,26602
115343,561,21993,25895
115343,557,21637,25716
117269,561,22721,26667
117269,566,22519,26641
117969,565,22504,26423
117969,578,21889,26060
115638,550,21678,26285
115638,569,22468,25905
118932,579,22638,27127
118932,569,22409,26530
116064,568,22246,26263
116064,556,21564,25617
116787,556,22561,26417
116787,570,22571,26711
118875,552,22450,26344
118875,583,22581,26829
115398,583,21832,26199
115398,576,22735,26982
118451,551,22333,26251
118451,556,22500,26582
117028,561,22706,26639
117028,561,21847,25925
115157,590,24473,28486
115157,547,22420,26538
99889,551,23376,27220
99889,566,23217,27424
94177,574,23436,27993
94177,523,23360,26803
90841,574,23556,28091
90841,566,23359,27555
91566,548,22887,26813
91566,550,23327,27358
90358,541,23232,27143
90358,551,23332,27483
90358,558,23406,27379
90358,563,23373,27434
90116,575,23387,27953
90116,525,23312,26771
89407,571,23525,28018
89407,569,23336,27618
91038,548,22872,26784
91038,587,25117,29261
103922,543,21708,25477
103922,581,22456,26742
108932,566,21619,25494
108932,557,22151,26264
115639,559,22596,26421
115639,559,22400,26599
116065,599,22518,27109
116065,580,21318,25450
115343,539,22118,25977
115343,577,22345,26561
118635,549,22571,26481
118635,576,22631,26757
115583,562,22062,25960
115583,556,21546,25598
116972,562,22615,26547
116972,563,22595,26725
117672,593,22650,27263
117672,550,22065,25511
115342,570,21713,26231
115342,578,22609,26772
118634,547,22501,26394
118634,576,22481,26638
115583,561,22057,25972
115583,558,21645,25746
117268,560,22397,26307
117268,566,22417,26555
117913,564,22415,26366
117913,578,21907,26065
115583,567,21922,26324
115583,585,21958,26258
118932,544,22478,26315
118932,574,22174,26312
115583,564,21490,25483
115583,554,21297,25279
117269,563,22588,26599
117269,568,22590,26666
118211,566,22757,26712
118211,575,22043,26098
115342,580,21614,26260
115342,572,22314,26447
118932,552,22523,26440
118932,567,22174,26252
115824,561,21837,25792
115824,557,21374,25432
117269,561,22429,26421
117269,566,22324,26361
118393,562,22642,26565
118393,578,22195,26416
115397,579,21951,26361
115397,574,21971,26205
118931,556,22623,26582
118931,562,22444,26527
116524,561,22364,26328
116524,553,21677,25714
117028,558,22566,26487
117028,568,22403,26548
118875,546,22638,26526
118875,585,22801,26898
114620,584,21976,26447
114620,548,21027,24652
118451,588,22270,26826
118451,551,22284,26281
116546,572,22660,26710
116546,557,21810,25801
116787,564,21854,25855
116787,570,22077,26188
119173,551,22326,26249
119173,588,22293,26470
114916,561,21628,25528
114916,599,22465,27213
118209,553,22307,26258
118209,565,22227,26396
116765,557,22414,26306
116765,571,21674,25676
116305,550,22123,26172
116305,574,22237,26358
118875,560,22267,26121
118875,578,22476,26628
115802,570,21726,25693
115802,557,21493,25535
117969,593,22291,26954
117969,563,22150,26204
116950,559,22266,26231
116950,582,21824,25906
116043,543,21886,25747
116043,574,22211,26361
118875,563,22279,26269
118875,575,22295,26382
115343,567,21802,25753
115343,556,21989,26112
117488,591,22502,27066
117488,571,22279,26414
118153,543,22254,26069
118153,590,21877,26083
115343,540,21160,25011
115343,576,22272,26461
118691,558,22370,26246
118691,568,22420,26548
116284,573,22492,26436
116284,561,21538,25672
117007,596,22243,26864
117007,568,22303,26389
119115,536,22394,26198
119115,593,22405,26650
114937,557,21824,25707
114937,562,22266,26351
118232,562,22161,26116
118232,556,21902,26059
116765,570,22521,26444
116765,564,21733,25826
116306,577,21814,26296
116306,547,22159,25733
119172,583,22177,26750
119172,573,22289,26416
115583,556,21750,25608
115583,560,21682,25799
117510,559,22490,26425
117510,559,22395,26429
117006,573,22369,26373
117006,574,21458,25675
115879,581,21467,25976
115879,540,22048,25491
118931,587,22223,26825
118931,575,22403,26487
115343,567,21693,25671
115343,559,21406,25470
117509,555,22277,26148
117509,570,22192,26357
117727,571,22294,26266
117727,578,22033,26138
116120,550,21562,25458
116602,576,22516,26928
116602,559,22135,25808
118875,575,22533,26913
118875,595,22144,26508
114915,558,21544,25463
114915,573,22194,26275
118210,556,22505,26519
118210,562,22228,26032
116764,582,22426,26782
116764,553,21635,25429
117061,573,22502,26860
117061,560,22267,25989
118932,567,22572,26867
118932,601,22506,26981
114620,554,22067,25898
114620,573,22402,26534
117991,561,22116,26070
117991,557,22331,26453
116491,572,22472,26498
116491,558,21709,25695
116306,561,22344,26274
116306,569,22233,26413
119357,587,22271,26855
119357,575,22599,26740
115583,562,21826,25742
115583,562,22092,26175
117969,549,22726,26612
117969,560,22416,26496
116950,575,22743,26766
116950,575,21787,25935
116065,551,22279,26066
116065,571,22578,26782
118875,589,22708,27236
118875,551,22487,26050
115342,594,21797,26307
115342,599,23049,27138
104404,531,22374,26267
104404,571,23027,27214
97011,552,23177,27093
97011,560,23160,27276
92245,548,23356,27314
92245,547,22970,26977
90314,585,23164,27826
90314,535,22917,26378
90841,568,23163,27591
90841,560,22644,26839
89649,532,22999,26853
89649,574,22860,27102
91082,553,23112,27025
91082,559,23048,27135
90132,547,23179,27129
90132,547,22664,26759
89649,559,23206,27176
89649,591,22825,27543
94161,574,24062,28066
94161,559,21717,25798
107538,568,22342,26348
107538,566,21509,25521
112527,548,22520,26481
112527,576,22293,26444
117509,559,22419,26344
117509,576,22145,26292
114214,568,21406,25307
114214,556,21400,25517
117028,566,22430,27094
117028,592,21549,25578
116546,560,22538,26419
116546,581,21550,25746
116120,542,21461,25353
116120,569,22242,26278
118393,558,22251,26171
118393,578,22536,26764
115880,571,21875,25816
115880,558,21547,25578
117325,597,22452,27072
117325,528,22074,25515
117968,600,22450,27093
117968,576,21819,25826
115638,542,21526,25443
115638,578,22124,26291
119173,550,22217,26090
119173,575,22198,26286
115102,571,21808,25887
115102,555,21689,25757
117269,563,22457,26325
117269,561,21977,26114
117969,595,22421,26997
117969,583,21691,25866
115880,544,21457,25329
115880,576,22162,26323
118692,548,22218,26047
118692,575,22150,26270
115343,571,21460,25456
115343,555,21174,25202
117509,565,22167,26158
117509,561,21908,25982
117672,592,22168,26746
117672,555,21512,25064
115880,570,21418,25929
115880,572,22048,26179
118691,552,22153,26077
118691,569,22129,26151
115583,571,21683,25737
115583,554,21413,25478
117269,564,22263,26200
117269,560,21884,25922
117247,575,22394,27059
117247,572,21574,25093
115824,577,21701,26185
115824,570,22482,26601
119172,551,22463,26386
119172,567,22321,26380
115824,570,21761,25742
115824,555,21327,25433
117028,565,22297,26187
117028,566,22001,26107
117913,587,22060,26573
117913,554,21553,25122
115583,569,21522,25978
115583,577,21776,25978
118691,548,22008,25889
118691,571,22073,26164
115824,567,21495,25427
115824,558,21348,25512
117247,562,22170,26089
117247,568,21837,25992
118875,573,22181,26497
118875,564,22064,25833
115342,601,21001,25390
115342,584,21150,25450
118932,543,21919,25722
118932,584,22205,26407
115583,563,21929,25858
115583,558,21510,25587
117509,561,22205,26100
117509,568,22148,26252
117487,574,22091,26144
117487,575,21452,25534
115398,575,21425,25902
115398,580,22219,26439
118692,551,22122,25994
118692,577,22212,26381
115583,558,21689,25495
115583,561,21620,25826
117268,561,22014,25889
117268,568,22210,26404
117269,571,22254,26199
117269,578,21815,25904
115604,551,21754,25695
115604,568,22520,26659
118932,581,22629,27141
118932,580,22343,26545
116065,563,21795,25704
116065,560,21389,25473
117268,556,22491,26277
117268,568,22363,26610
117488,569,22713,26623
117488,579,22086,26260
115584,575,21961,26438
115584,542,22484,25978
118634,579,22654,27148
118634,579,22428,26596
115583,562,21972,25916
115583,565,21571,25704
117269,554,22443,26344
117269,560,22461,26518
116788,574,22497,26461
116788,576,21769,25982
116120,552,21949,25819
116120,570,22436,26568
118932,581,22446,26928
118932,583,22510,26770
115397,563,21879,25797
115397,558,21685,25730
118047,555,22616,26515
118047,562,22318,26468
117247,571,22545,26579
117247,572,21516,25572
115824,552,21750,25589
115824,570,22458,26622
119413,594,22573,27215
119413,547,22725,26185
114861,582,22118,26545
114861,568,22046,26209
118209,552,22248,26172
118209,561,22576,26735
116546,569,22763,26667
116546,557,21629,25688
116306,569,22023,26035
116306,568,22423,26509
119116,578,22467,26974
119116,555,22536,26076
115157,586,21727,26257
115157,571,22055,26181
119173,546,22374,26183
119173,567,22151,26386
116766,568,22588,26496
116766,556,21743,25844
116787,567,22119,26051
116787,570,22433,26631
119116,579,22474,26876
119116,556,22729,26336
115639,583,21945,26434
115639,575,22262,26430
118691,554,22532,26455
118691,554,22435,26406
116547,575,22569,26627
116547,559,21860,25968
116547,562,22239,26075
116547,571,22177,26469
118394,580,22278,26663
118394,554,22252,25901
114916,580,21351,25741
114916,549,21932,25568
118209,570,22008,26380
118209,569,22506,26630
115824,567,22503,26426
115824,561,21624,25873
116547,559,22715,26546
116547,569,22466,26659
119413,579,22489,26873
119413,582,24743,28399
106815,581,22331,26956
106815,523,23364,26810
97281,589,23436,27962
97281,556,23297,27308
92532,551,22205,26157
92532,563,22429,26642
90357,536,22731,26676
90357,555,22999,27055
91324,563,23149,27199
91324,559,23071,27134
90358,548,22637,26613
90358,547,22601,26617
89450,584,23193,27854
89450,563,23025,27166
90599,549,22714,26590
90599,552,23091,27117
89891,547,22765,26811
89891,546,23108,27156
89408,566,24307,28117
89408,561,21883,26043
105851,576,22312,26338
105851,570,21669,25817
111804,580,21704,26202
111804,569,22055,26107
117028,555,22207,26199
117028,580,22250,26417
114620,561,21619,25573
114620,554,21456,25465
117268,565,22301,26261
117268,559,22025,26120
117028,575,22341,26319
117028,576,21551,25696
115583,553,21411,25318
115583,568,22156,26273
118691,581,22371,26894
118691,572,22119,26205
115342,567,21578,25596
115342,555,21414,25476
117510,560,22195,26181
117510,566,22064,26040
117970,567,22193,26207
117970,574,21497,25601
115583,550,21185,25123
115583,599,21973,26719
118932,557,21824,25812
118932,572,22130,26215
115343,560,21485,25411
115343,558,21557,25641
117510,559,22118,26065
117510,563,21910,25987
117191,572,22196,26219
117191,576,21556,25633
115342,548,21313,25236
115342,572,21993,26117
118634,586,22091,26651
118634,576,21927,26102
115561,562,21717,25643
115561,556,21679,25712
117246,555,22108,26079
117246,565,22023,26101
118154,564,22162,26049
118154,579,21679,25850
115824,549,21373,25280
115824,567,22098,26195
119172,587,22285,26880
119172,568,21914,25962
115802,569,21273,25286
115802,558,21295,25368
117784,552,22195,26097
117784,567,21811,25965
117728,567,22151,26119
117728,579,21595,25761
115638,547,21762,25590
115638,569,22019,26167
118394,561,22153,26142
118394,574,22298,27048
115342,588,21505,25426
115342,562,21386,25479
117269,555,22173,26145
117269,564,21995,26048
118153,562,22369,26311
118153,576,21738,25860
115583,550,21623,25584
115583,569,22013,26135
119414,562,22330,26249
119414,593,22137,26790
116065,576,21773,25900
116065,556,21394,25392
117269,553,22257,26188
117269,572,21942,26099
117750,560,22109,26078
117750,577,21379,25476
115583,549,21388,25227
115583,572,22050,26262
119413,558,22128,26017
119413,577,22199,26360
115102,593,21538,26152
115102,561,21748,25828
117991,548,22269,26142
117991,564,22073,26135
117728,562,22124,26132
117728,578,21446,25574
116065,546,21550,25440
116065,569,22079,26198
118931,558,22206,26702
118931,578,22096,25605
115342,594,21762,26345
115342,530,21354,25481
117969,583,22084,25994
117969,561,21995,26052
116305,645,21924,25982
116305,577,20829,24830
116546,657,21270,25221
116546,556,20640,24744
116065,577,21775,25751
116065,559,21575,25689
115824,592,22214,26796
115824,536,22193,25651
118931,577,22192,26654
118931,585,22243,26545
114620,554,21490,25290
114620,567,22017,26169
117968,554,22167,26113
117968,556,22024,26142
116524,573,22404,26336
116524,561,21886,25898
116765,564,21688,25696
116765,566,22424,26504
119390,581,22677,27242
119390,578,22579,26795
115156,560,21831,25741
115156,562,22495,26540
118691,553,22494,26395
118691,558,22483,26669
117006,568,22659,26606
117006,553,21587,25599
116765,569,22077,26097
116765,567,22355,26434
119575,547,22540,26523
119575,586,22501,26687
115639,586,22022,26479
115639,571,22504,26712
117991,543,22470,26315
117991,559,22397,26502
117247,567,22617,26583
117247,572,21574,25723
116065,555,21461,25357
116065,569,21997,26113
118875,587,22322,26830
118875,546,22131,25686
114861,590,21600,26143
114861,568,21829,25955
117991,547,22063,25954
117991,549,22189,26188
116602,574,22525,26640
116602,556,21786,25767
116602,565,21897,25884
116602,566,22388,26437
118932,551,22561,26521
118932,601,23044,27293
115157,593,21668,26222
115157,562,22688,26770
118232,547,22636,26501
118232,561,22375,26511
116305,567,22550,26526
116305,557,22039,26107
117028,560,22655,26633
117028,567,22268,26384
118691,550,22526,26358
118691,588,22506,26719
115157,594,21847,26408
115157,537,22808,26259
118232,586,22588,27143
118232,564,22447,26572
116547,570,22701,26708
116547,560,21904,25909
116546,558,22305,26273
116546,575,22506,26646
118875,550,22688,26557
118875,584,22740,26957
114620,564,22168,26128
114620,566,22489,26567
118232,581,22464,26889
118232,532,22184,25791
116787,595,22635,27205
116787,579,21453,25571
110840,584,23521,27461
110840,563,22648,26773
98265,537,23155,26993
98265,550,22937,27108
92774,557,23347,27284
92774,562,22976,27088
91807,556,22971,26857
91807,552,22695,26871
90132,569,22779,27350
90132,553,22985,27003
90841,550,22959,26940
90841,566,23089,27263
90841,535,22854,26754
90841,547,23082,27126
89408,558,23184,27245
89408,560,23079,27156
90599,555,22787,26691
90599,551,22710,26788
89649,569,22902,27496
89649,568,23956,27479
106092,575,22277,26796
106092,580,22317,26442
109929,562,21453,25448
109929,566,22284,26364
115824,557,21946,25827
115824,555,22212,26262
115824,578,22522,26624
115824,560,21843,25841
115584,568,22232,26216
115584,601,22286,27025
118634,555,22493,26409
118634,583,22484,26689
114379,566,21786,25681
114379,555,22252,26285
117969,563,22373,26392
117969,562,22171,26230
116764,575,22346,26306
116764,570,21742,25813
116306,558,21630,25607
116306,573,22165,26318
118691,591,22375,26952
118691,566,22389,26392
114860,570,21878,25917
114860,561,21810,25887
117487,551,22214,26109
117487,565,22101,26151
117487,569,22430,26464
117487,578,21732,25861
115583,551,21671,25496
115583,574,22395,26595
119414,591,22427,26996
119414,550,22340,25866
115879,592,21762,26316
115879,560,21736,25772
117807,561,22431,26390
117807,567,22278,26369
117728,567,22282,26224
117728,582,21635,25752
115879,548,21352,25229
115879,577,22398,26588
118154,561,22655,26559
118154,577,22564,26725
114620,591,22064,26559
114620,569,22394,26593
117084,553,22652,26575
117084,564,22440,26520
117028,563,22765,26707
117028,578,22044,26179
115660,554,22160,26028
115660,576,22561,26742
118473,557,22642,26497
118473,578,22411,26581
115178,598,21675,26321
115178,558,22080,26111
117750,548,22353,26229
117750,566,22021,26162
117028,561,22233,26181
117028,572,21470,25643
116121,552,21260,25070
116121,573,22058,26253
118714,556,22186,26124
118714,582,22375,26521
115157,594,21473,25998
115157,570,22318,26462
117992,554,22110,26058
117992,557,22206,26291
116787,559,22330,26208
116787,576,21327,25499
116120,547,21538,25408
116120,572,22050,26221
118931,556,22285,26198
118931,582,22450,26631
114861,570,21380,25282
114861,559,21875,25974
117509,581,22259,26743
117509,562,22150,26282
116524,565,22355,26386
116524,573,21522,25604
115878,542,21697,25331
115878,575,22243,26679
118690,553,21957,25824
118690,585,22285,26514
114675,563,21634,25578
114675,571,22122,26197
117750,590,22099,26679
117750,526,22130,25640
116787,591,22521,26998
116787,569,21742,25828
116306,555,21598,25633
116306,572,22076,26189
119116,544,22435,26251
119116,585,22335,26572
114861,562,21296,25262
114861,567,21981,26003
117991,562,22190,26145
117991,557,22081,26247
116765,602,22607,27244
116765,562,21765,25727
116821,549,22129,26080
116821,575,22110,26231
119151,545,22511,26465
119151,581,22697,26849
114915,560,21595,25516
114915,568,22545,26592
117969,563,22380,26304
117969,561,22249,26413
116306,603,22841,27458
116306,528,21680,25766
116547,587,22162,26108
116547,571,22199,26321
118635,539,22555,26349
118635,588,22477,26755
114674,560,21756,25673
114674,564,22413,26533
118209,560,22580,26436
118209,556,22525,26735
116787,573,22723,26682
116787,553,22049,26046
116065,592,22507,27132
116065,545,22337,25852
118209,567,21769,26150
118209,594,22430,26733
115156,548,21492,25334
115156,573,22523,26677
118232,559,22409,26338
118232,562,22365,26386
116065,572,22312,26310
116065,557,21973,26137
116327,594,22568,27164
116327,536,22364,25812
119173,572,22482,26929
119173,591,22151,26471
115419,554,21171,24996
115419,570,21832,25976
118473,552,22205,26139
118473,558,22171,26323
116788,569,22376,26288
116788,562,21584,25662
116142,563,21763,25760
116142,569,21893,25951
118714,579,22370,26858
118714,558,22112,25736
115178,584,21243,25749
115178,569,21943,26029
117991,554,21997,25955
117991,554,22037,26030
116064,573,22174,26208
116064,557,21538,25654
116305,563,22263,26196
116305,570,21993,26128
118473,578,22103,26542
118473,558,22153,25796
114937,593,21533,26089
114937,558,21969,25990
118232,553,22206,26136
118232,563,21913,26155
116764,560,22477,26320
116764,564,21658,25744
116546,559,22111,26083
116546,571,22172,26284
118691,584,22456,26903
118691,551,22635,26260
114674,590,22043,26522
114674,570,22527,26695
117968,548,22393,26270
117968,563,22543,26788
113929,589,24226,27994
113929,568,22362,26582
98924,541,23038,26956
98924,549,23194,27271
92997,557,23453,27404
92997,564,23359,27543
92532,585,22985,27562
92532,519,22746,26164
90357,561,23002,27512
90357,559,22955,27010
91082,551,22410,26444
90840,550,23381,27153
90840,559,22969,27311
89874,547,23156,27006
89874,553,22418,26648
90599,556,23200,27085
90599,565,22936,27142
90132,557,23120,27246
90132,554,22858,27483
92532,573,23951,27498
92532,597,21801,26322
109897,545,22238,25917
109897,587,22077,26502
111563,560,21645,25381
111563,559,21556,25782
116120,563,22251,26118
116120,566,22084,26330
116065,597,22173,26745
116065,577,21303,25390
115639,546,21461,25414
115639,572,22115,26232
118932,551,22402,26328
118932,578,22266,26408
114455,561,21230,25121
114455,558,21988,26100
118047,563,22601,26555
118047,553,22454,26533
116602,576,22824,26853
116602,556,21792,25785
116602,613,22796,27409
116602,568,21718,25837
119413,547,22431,26338
119413,582,22225,26353
114675,560,21381,25343
114675,562,22106,26172
117728,562,22334,26252
117728,555,22189,26335
116524,573,22780,26762
116524,558,21876,25930
116361,595,22456,27076
116361,536,22128,25567
118713,579,22479,27005
118713,579,22552,26714
114696,563,21832,25756
114696,559,21963,26002
117751,559,22115,26097
117751,552,22074,26102
116305,578,22329,26332
116305,564,21460,25566
116120,559,21820,26401
116120,567,22211,25622
118714,586,22297,26884
118714,579,22132,26302
114937,557,21643,25521
114937,558,21724,25801
117509,558,22410,26387
117509,559,22137,26237
116787,575,22446,26434
116787,567,21545,25576
115824,556,21637,25543
115824,570,22112,26321
118875,589,22549,27113
118875,573,22405,26538
114861,559,21638,25477
114861,564,21765,25932
117509,550,22814,26629
117509,560,22472,26646
116491,573,22647,26648
116491,566,21723,25805
116065,588,22005,26522
116065,538,22418,25899
119391,587,22734,27301
119391,549,22622,26199
115397,583,21769,26198
115397,568,22507,26685
118209,558,22541,26500
118209,557,22480,26644
117028,565,23000,26886
117028,567,22186,26291
116306,555,22524,26468
116306,569,22456,26534
119116,560,22714,26713
119116,576,22776,26914
115561,596,21979,26533
115561,565,21575,25712
117728,551,22616,26523
117728,563,22494,26548
117005,560,22588,26528
117005,577,21934,26079
116098,549,22019,25959
116098,570,22411,26532
118690,562,22607,26545
118690,576,22651,26776
115583,591,21924,26446
115583,531,21438,24908
117028,591,22227,26851
117028,562,22001,26056
116765,556,22301,26197
116765,579,21465,25652
115342,547,21530,25417
115342,570,22166,26323
118691,559,22421,26281
118691,579,22348,26531
114674,567,21485,25399
114674,562,21904,26063
117969,591,22673,27201
117969,555,22521,26697
116546,565,22957,26877
116546,563,21771,25829
116305,551,22131,26017
116305,574,22331,26540
118714,548,22632,26521
118714,582,22763,26923
114696,561,22082,26020
114696,570,22453,26579
118232,563,22695,26637
118232,588,22411,27134
116065,564,22805,26765
116065,561,21707,25779
117084,557,22466,26427
117084,569,22400,26520
119173,545,22649,26535
119173,587,22618,26823
115156,552,21419,25251
115156,575,22215,26389
118473,560,22557,26503
118473,592,22692,27394
116305,566,22813,26771
116305,567,21679,25889
116843,549,22503,26373
116843,574,22355,26486
118932,544,22297,26187
118932,585,22529,26738
114696,557,21677,25517
114696,567,22152,26320
117991,563,22403,26335
117991,557,22382,26491
116524,595,22495,27032
116524,570,21686,25818
116306,554,22079,26032
116306,569,22229,26348
118634,548,22240,26174
118634,583,22320,26489
114620,557,21417,25352
114620,561,22146,26200
118175,562,22362,26275
118175,558,22444,26560
116009,575,22502,26547
116009,555,21564,25615
116305,585,22084,26580
116305,547,22048,25623
118634,576,22354,26865
118634,581,22224,26401
114620,552,21456,25309
114620,572,21985,26138
118232,555,22319,26297
118232,557,22220,26268
116787,574,22469,26424
116787,556,21361,25418
116547,569,21842,25814
116547,599,21979,26738
118634,552,22208,26196
118634,579,22367,26496
114861,564,21802,25786
114861,559,22091,26110
118209,554,22185,26113
118209,558,22144,26202
116064,575,22378,26452
116064,552,21721,25605
116765,570,22114,26168
116765,569,22313,26534
118875,587,22469,27030
118875,548,22581,26053
114620,587,21911,26426
114620,571,22425,26652
118209,553,22421,26339
118209,601,24095,28189
107057,552,22243,26100
107057,560,23165,27327
96816,545,23150,27070
96816,548,22781,26894
92245,557,23231,27185
92245,560,23160,27287
91582,580,23217,27753
91582,559,22823,26996
90132,518,23321,27015
90132,566,23443,27753
90615,545,23385,27256
90615,568,23355,27574
90132,547,23126,26986
90132,553,22735,26911
89649,544,22905,26821
89649,548,23245,27270
91082,593,23203,27890
91082,531,23129,26587
88483,891,21309,25919
88483,1408,9424,13624
75628,1060,10638,14676
75628,965,14352,18563
71070,979,17650,21722
71070,563,8052,12197
71081,510,2555,6736
71081,535,2424,6596
70596,512,2425,6448
70596,517,2212,6283
70110,503,2232,6240
70110,522,2344,6446
70110,529,2300,6446
70110,522,2305,6400
69867,509,2461,6493
69867,517,2205,6282
69867,518,2232,6249
69867,524,2321,6395
69867,511,2189,6221
69867,516,2206,6270
69914,534,2300,6472
69914,520,2539,6612
69867,508,2545,6569
69867,520,2551,6618
69867,511,2552,6591
69867,516,2558,6611
69867,511,2547,6596
69867,521,2572,6635
69867,536,2579,6752
69867,491,2548,6621
69867,534,2569,6576
69867,519,2564,6651
69867,510,2596,6612
69867,522,2576,6642
63845,511,2618,6643
63845,521,2564,6648
57365,538,2580,6763
57365,518,2533,6600
54943,509,2562,6593
54943,518,2531,6611
53969,511,2559,6576
53969,519,2514,6593
53483,506,2485,6501
53483,523,2545,6636
53483,533,2553,6716
53483,495,2559,6481
53483,532,2545,6709
53483,520,2536,6611
53483,512,2587,6603
53483,522,2545,6632
53240,508,2539,6567
53240,518,2551,6612
53240,537,2587,6764
53240,518,2538,6603
53240,509,2550,6585
53240,518,2541,6606
53240,510,2572,6598
53240,521,2543,6623
53240,509,2553,6584
53240,517,2552,6620
53240,536,2572,6742
53240,493,2558,6469
53240,530,2546,6712
53240,520,2536,6622
53240,510,2553,6574
53240,517,2534,6604
53240,507,2551,6564
53240,521,2546,6633
53240,509,2561,6578
53240,518,2499,6571
53268,532,2445,6630
53268,520,2516,6576
53268,511,2565,6586
53268,524,2545,6634
53268,506,2535,6542
53268,522,2525,6614
53268,532,2546,6701
53268,498,2539,6472
53268,531,2514,6674
53268,521,2522,6589
53268,510,2554,6562
53268,523,2511,6602
53275,510,2542,6558
53275,522,2372,6443
53275,511,2352,6377
53275,542,2274,6494
53268,508,2217,6251
53268,523,2431,6489
50842,511,2312,6355
50842,517,2229,6292
49626,505,2252,6274
49626,520,2348,6432
49139,532,2264,6419
49139,494,2233,6160
48921,530,2295,6457
48921,517,2219,6307
48896,511,2233,6266
48896,516,2260,6328
48896,507,2254,6280
48896,515,2242,6301
48896,531,2244,6411
48896,493,2226,6151
48896,532,2278,6451
48896,515,2225,6284
48896,506,2263,6281
48896,519,2219,6303
48896,506,2280,6297
48896,529,2452,6537
48896,527,2427,6578
48896,496,2319,6258
48896,528,2265,6415
48896,521,2378,6457
48896,504,2241,6249
48896,521,2287,6366
48896,504,2328,6336
48896,538,2321,6508
48896,492,2228,6166
48896,539,2221,6429
48896,507,2262,6296
48896,513,2256,6298
48896,513,2156,6210
48896,519,2356,6420
48921,506,2226,6237
48921,519,2172,6250
48896,508,2143,6323
48896,516,2251,6167
48896,530,2218,6385
48896,507,2335,6321
48896,527,2404,6527
48896,515,2312,6374
48896,507,2354,6383
48896,513,2219,6245
48896,513,2232,6301
48896,516,2291,6507
48896,536,2266,6304
48896,517,2266,6337
48896,505,2205,6227
48896,515,2195,6260
48653,508,2116,6150
48653,517,2222,6293
46001,503,3128,8807
46001,539,2436,14506
31232,515,2255,14022
31232,506,2325,13881
25147,505,2249,14181
25147,529,2220,13765
23438,516,2293,14061
23438,533,2252,14115
22471,499,2230,13787
22471,526,2261,14099
21982,517,2246,14040
21982,510,2298,13904
21982,517,2196,13978
21982,507,2351,13935
21982,522,2260,14111
21982,523,2194,13972
21982,496,2264,13792
21982,537,2307,14274
21982,496,2258,13795
21982,525,2242,14032
21982,521,2274,14123
21982,502,2259,13802
21982,520,2294,14122
21982,505,2349,13921
21738,520,2342,14157
