nvml:nvidia_geforce_gtx_970_0,rapl:ram,rapl:cores,rapl:pkg
21738,749,9860,21723
21738,499,2108,13630
21738,513,1978,13670
21738,543,2030,14025
21738,516,1778,13507
21738,511,1809,13465
21738,512,1737,13423
21738,506,1904,13500
21738,522,1716,13514
21738,512,1750,13432
21738,512,1783,13481
21738,536,1849,13828
21738,517,1968,13692
21738,505,1770,13396
21738,515,1786,13505
21738,514,1766,13480
21738,513,1734,13442
21738,527,1733,13623
21738,493,1845,13313
21738,519,1925,13656
18085,524,1876,13692
18085,527,1886,13724
18085,512,1758,13435
18085,514,1920,13607
18085,512,1778,13477
18085,514,1797,13509
18085,510,1758,13423
18085,538,1824,13799
18085,514,1770,13483
18085,511,1754,13439
18085,512,1671,13368
18085,513,1858,13537
18085,514,1665,13388
18085,512,1687,13376
18085,509,1649,13317
18085,541,1894,13897
18085,515,1860,13552
18085,518,1888,13586
18085,511,1859,13539
18085,513,1833,13561
18085,520,1887,13602
18085,512,1760,13466
18085,510,1766,13443
18085,515,2030,13712
18085,538,1810,13815
18085,512,1793,13485
18085,510,1772,13451
18085,516,1887,13594
18085,510,1797,13452
18085,511,1799,13489
18085,509,1821,13502
18085,518,1880,13595
18085,537,1810,13788
18085,513,1810,13514
18085,515,1839,13517
18085,513,1820,13514
18085,513,1806,13511
18085,512,1812,13502
18085,509,1832,13494
17834,517,1899,13645
17834,533,1850,13719
17834,520,1832,13625
17834,512,1826,13511
17834,514,2020,13713
17834,513,1798,13510
17834,511,1826,13504
17834,512,1841,13537
17834,519,1902,13642
17834,535,1785,13763
17834,514,1837,13532
17834,507,1853,13492
17834,515,1780,13509
17834,511,1733,13406
17834,512,1739,13441
17834,512,1816,13506
17834,539,1857,13842
17834,516,2040,13732
17834,512,1806,13491
17834,512,1865,13544
17834,524,1807,13650
17834,501,1852,13380
17834,516,1949,13673
17834,510,1822,13494
17834,518,2016,13726
17834,542,2013,13982
17834,514,1852,13572
17834,510,1778,13449
17834,513,1831,13525
17834,509,1787,13458
17834,516,1774,13511
17834,508,1788,13436
17834,518,1872,13589
17834,538,1793,13796
17834,541,2140,13841
17834,511,1832,13513
17834,507,1962,13547
17834,519,1762,13551
17834,512,1767,13458
17834,511,1797,13481
17840,514,1825,13561
17840,541,1844,13815
17840,512,1791,13480
17840,512,1713,13396
17840,510,1995,13599
17840,519,1891,13660
17840,510,1787,13467
17840,517,1929,13657
17840,516,1836,13549
17840,536,1812,13783
17840,513,1789,13510
17840,511,1856,13524
17840,514,1818,13535
17840,511,1836,13519
17840,511,1786,13464
17840,514,1827,13537
17840,514,1878,13583
17840,527,1869,13732
17840,522,1803,13602
17840,512,1843,13534
17840,520,1856,13659
17840,509,1803,13424
17840,506,1778,13399
17840,513,1804,13515
17840,520,1994,13713
17840,527,1751,13625
17840,519,1892,13650
17840,515,1802,13527
17840,512,1825,13505
17840,514,1780,13506
17840,511,1761,13433
17840,511,1665,13360
17840,513,1763,13445
17840,512,1793,13501
17840,536,1847,13821
17840,513,1861,13580
17840,514,1857,13531
17840,512,1819,13516
17840,509,1814,13462
17840,516,1781,13513
17840,530,1870,13787
17840,495,1808,13247
17840,534,1831,13782
17840,505,1823,13429
17840,525,1836,13647
17840,514,1761,13472
17840,511,1915,13597
17840,510,1815,13476
17840,516,1871,13578
17840,512,1881,13580
17840,536,1829,13802
17840,513,1725,13424
17840,513,1796,13496
17840,513,1911,13610
17840,509,1808,13465
17840,516,1817,13549
17840,512,1683,13355
17840,517,2020,13726
17840,536,1815,13774
17840,512,1821,13512
17840,499,1842,13375
17840,623,11162,23199
17840,601,20105,31685
17840,591,20434,32185
17840,903,18234,29913
17840,600,19681,31355
17840,590,21075,32729
17840,805,19242,31021
17840,915,15827,27585
17840,793,15692,27330
17840,681,39673,51879
17840,597,47391,58627
17840,838,19534,31208
17840,657,20417,32899
17840,636,20845,32445
17840,674,20499,32140
17840,629,20817,32643
17840,1015,14195,25840
17840,659,18676,30333
17840,664,20437,32190
17573,658,20923,32914
17573,641,20636,32022
17573,886,19231,31557
17573,983,10049,21820
17573,672,18759,30633
17573,640,20619,32376
17573,639,20440,31921
17573,654,20443,32221
17573,647,20520,32195
17573,606,19894,31612
17573,583,21125,32545
17573,581,22426,34165
17573,599,22319,34170
17573,2041,18396,31331
17573,689,12620,24472
25125,839,20077,28027
34601,986,20308,24431
34601,932,20497,24949
43567,974,20513,24610
43567,1065,19823,24060
46943,951,19881,23868
46943,1019,20178,24324
48410,985,20639,24640
48410,886,19998,24501
48646,1032,19555,23681
48646,1581,18422,23353
49165,1386,12218,16479
49165,1337,17302,21726
49139,980,13560,17797
49139,655,6190,10125
48896,1098,14893,19270
48896,958,7846,11692
48896,601,15998,19952
48896,632,20144,24253
48864,583,19969,23901
48864,566,20027,24159
48864,600,21031,24991
48864,921,21794,26520
48864,914,19507,23119
48864,1008,19394,24110
48864,934,19316,23362
48864,1153,19740,24012
48864,913,19717,23797
48864,953,19406,23520
48864,1032,19308,23593
48864,822,19313,23616
51052,876,19691,23996
51052,923,19638,23829
49594,889,19542,23685
49594,974,19449,23748
49107,939,19589,23494
49107,926,19084,23642
56364,919,19511,23415
56364,826,18845,23223
74826,596,18618,22401
74826,667,18060,22497
97075,636,18221,22039
97075,651,12345,16530
111416,656,10332,14349
111416,660,9248,13667
130363,676,8099,12104
130363,659,7227,11286
137554,673,6040,10173
137554,645,5812,9997
138756,685,5740,9764
138756,655,5651,9676
139959,652,5695,9792
139959,657,6726,10734
140132,651,7069,11056
140132,693,7173,11539
139718,651,4860,8932
139718,660,3874,7867
136657,677,3880,8008
136657,655,3846,7911
135214,673,3901,7920
135214,692,3891,8058
134582,647,3908,7914
134582,671,4046,8161
134100,685,4037,8209
134100,636,3955,8081
135479,679,4008,7944
135479,687,3905,8115
134341,661,3950,8006
134341,675,3885,7993
134998,652,3882,7898
134998,671,3901,7999
134757,675,4082,8077
134757,670,3809,7958
134757,675,3903,8069
134757,657,3947,7897
135063,653,3992,8220
135063,692,4630,8694
136657,651,4555,8594
136657,666,4561,8667
138583,642,4536,8540
138583,665,4526,8664
137860,666,4237,8303
137860,667,3616,7715
134035,693,3762,7834
134035,665,3633,7734
132439,664,3704,7746
132439,670,3660,7733
132896,662,3641,7653
132896,677,3485,7652
131716,683,3641,7792
131716,676,3753,7835
131476,668,3687,7761
131476,681,3642,7785
133137,644,3633,7601
133137,683,3579,7714
132174,686,3775,7812
132174,660,3612,7655
131894,692,3718,7935
131894,672,4218,8315
135936,652,5034,9121
135936,633,5082,8939
138997,668,5039,9249
138997,663,5058,9171
139478,658,5061,9138
139478,669,5049,9144
139410,642,4553,8550
139410,678,3873,7995
136682,710,4003,8218
136682,646,3864,7813
135544,682,3831,8013
135544,638,7834,11707
142028,662,9284,13458
142028,667,8891,13105
143950,649,9355,13395
143950,665,9084,13207
144886,645,9428,13448
144886,645,8873,12902
143641,664,6207,10368
143641,669,5366,9481
142483,659,5554,9755
142483,664,5449,9392
142028,657,5499,9537
142028,670,5327,9424
142509,680,5440,9663
142509,637,5500,9418
141333,668,5354,9588
141333,664,5351,9447
141788,647,5466,9518
141788,658,6655,10676
144164,634,8594,12587
144164,674,8567,12724
144404,647,7637,11811
144404,682,17564,21457
109110,1109,18828,22994
109110,638,19771,23804
84928,696,20601,25145
84928,705,16530,20309
107871,717,8268,12525
107871,712,3804,7928
107199,713,3782,7963
107199,676,3699,7661
106976,711,3740,7913
106976,701,3780,7915
105337,650,3560,7637
105337,666,4054,8020
122707,649,4133,8328
122707,672,4088,8039
132173,676,4187,8363
132173,661,4294,8251
135785,684,4123,8327
135785,636,4103,8232
136897,673,4148,8122
136897,683,4123,8296
137619,634,4012,7936
137619,670,4061,8160
137860,681,4279,8360
137860,675,4147,8332
138341,651,4112,8106
138341,683,4063,8280
138035,667,4082,8205
138035,633,4151,8243
138341,676,4090,8085
138341,672,4057,8183
138341,648,4117,8092
138341,681,4107,8290
138342,652,4143,8166
138342,666,4164,8275
138035,668,4220,8221
138035,672,4187,8333
138035,682,4149,8357
138035,652,4125,8157
138035,658,4186,8246
138035,666,4164,8274
138582,655,4142,8198
138582,667,4150,8267
138582,644,4171,8164
138582,667,4193,8280
138582,653,4134,8200
138582,687,4068,8274
138275,672,4149,8189
138275,673,4147,8285
138275,665,4102,8200
138275,665,4205,8284
138515,653,4151,8202
138515,662,4182,8263
138582,654,4165,8198
138582,669,4200,8304
138515,648,4154,8166
138515,673,4172,8307
138515,677,4383,8587
138515,628,5003,8866
141135,681,5125,9310
141135,680,5064,9267
141787,653,5057,9100
141787,668,5131,9215
143924,664,6311,10467
143924,641,5846,9795
141616,660,4184,8277
141616,670,4005,8135
139933,684,4114,8291
139933,638,4055,8008
138516,685,4040,8252
138516,642,3986,7928
138034,698,4085,8261
138034,679,4134,8236
138035,655,4064,8111
138035,673,4087,8164
138275,649,4006,8004
138275,669,4092,8156
138342,663,3830,7892
138342,681,3604,7770
134998,682,3623,7813
134998,658,3588,7626
134757,650,3862,7830
134757,671,4189,8293
137163,673,4281,8327
137163,682,4129,8314
137579,674,4186,8329
137579,673,4170,8272
138515,652,4188,8213
138515,656,3494,7482
132856,676,3244,7411
132856,690,3283,7410
133313,650,3736,7776
133313,680,3874,7963
135480,646,3854,7868
135480,680,3865,8006
137139,654,3841,7859
137139,663,3843,7865
140721,681,3760,7970
140721,674,3536,7670
136721,665,3351,7414
136721,674,3332,7410
135999,656,3263,7262
135999,663,3210,7267
134517,683,3299,7430
134517,668,3276,7322
137859,661,4361,8398
137859,668,4755,8870
124793,718,5433,9600
124793,723,6102,10205
119652,678,3888,7914
119652,700,3549,7644
111765,690,3594,7658
111765,712,3542,7724
109182,672,3550,7511
109182,699,3656,7756
105820,685,3582,7683
105820,665,3519,7568
114607,694,3360,7555
114607,666,3312,7396
125780,663,3312,7349
125780,660,3249,7315
129550,678,3266,7378
129550,656,3301,7332
131235,680,3315,7455
131235,656,3287,7285
131958,686,3405,7566
131958,649,5302,9254
139237,668,7201,11410
139237,653,7435,11377
143512,647,7348,11335
143512,664,7571,11659
145366,672,7308,11614
145366,646,7521,11469
145153,657,6360,10457
145153,651,5309,9386
143924,679,4865,9075
143924,666,4480,8566
141788,667,4332,8440
141788,664,4076,8144
139958,653,4091,8149
139958,665,4047,8121
139718,661,4060,8132
139718,656,4529,8594
140921,680,4784,8998
140921,649,4826,8820
142577,653,4929,9023
142577,671,4854,9002
142577,657,4780,8838
142577,660,4700,8756
142028,666,4336,8462
142028,680,3741,7840
138515,656,3737,7776
138515,677,3760,7825
137794,657,3634,7771
137794,672,3669,7711
136657,649,3704,7701
136657,675,3736,7842
137554,658,3670,7688
137554,689,3600,7849
136657,659,3647,7683
136657,675,3702,7786
137164,671,3715,7817
137164,658,3676,7768
135960,663,3710,7734
135960,668,3656,7725
136683,675,3725,7869
136683,648,5152,9077
140680,671,5145,9395
140680,650,5103,9094
140439,661,3940,8006
140439,676,5587,9753
142363,667,6004,10118
142363,663,6049,10166
143951,629,5740,9689
143951,663,5037,9146
142096,676,4711,8890
142096,668,4440,8538
141882,676,4246,8394
141882,650,4303,8281
141401,654,4405,8423
141401,668,4324,8441
141161,653,4351,8389
141161,685,4412,8686
142363,653,4361,8410
142363,663,4406,8505
141683,665,3938,7995
141683,644,3839,7865
139063,671,3864,8001
139063,678,3827,7909
138582,649,3856,7894
138582,670,3860,7953
138822,653,4108,8131
138822,670,4445,8574
141202,648,4372,8368
141202,664,4463,8570
142164,674,4516,8734
142164,638,4341,8262
142577,685,4510,8738
142577,662,4421,8517
141882,647,4494,8509
141882,671,4565,8688
140921,662,4205,8331
140921,678,4061,8174
139718,643,4019,7989
139718,774,4645,8757
139718,659,4006,8036
139718,671,4033,8168
140199,642,4425,8368
140199,684,6095,10355
143057,669,5237,9353
143057,649,4305,8257
125035,759,10956,15183
125035,693,4978,8954
116538,718,3897,8140
116538,705,3909,8023
113214,693,3948,7963
113214,817,4525,8596
112751,737,4494,8663
112751,683,4392,8485
125093,654,4302,8308
125093,664,4358,8480
134732,659,4347,8383
134732,669,4299,8401
139544,646,4350,8349
139544,671,4330,8477
141615,690,4290,8507
141615,632,4263,8150
142097,676,4200,8405
142097,668,4250,8362
141616,645,4298,8263
141616,668,4330,8419
141161,668,4455,8604
141161,659,4354,8368
140440,669,3961,8119
140440,678,3812,7910
139237,648,3829,7845
139237,676,4167,8304
140440,645,4502,8473
140440,670,4495,8625
141616,681,4487,8746
141616,658,4480,8541
142336,658,4210,8309
142336,643,4038,7971
139692,669,4005,8159
139692,693,3981,8155
139785,658,4034,8086
139785,675,4085,8181
139545,652,4023,8033
139545,672,4014,8144
140025,648,4047,8064
140025,668,4069,8188
139544,655,4035,8060
139544,667,4284,8395
141856,661,5967,10061
141856,653,6140,10246
143779,666,5831,9992
143779,669,5061,9161
144019,649,5018,9071
144019,667,5076,9217
144672,637,6194,10093
144672,650,9657,13756
147288,650,8438,12471
147288,648,8693,12795
147768,652,8463,12498
147768,645,7730,11818
147527,677,7241,11533
147527,652,7202,11298
146326,658,7269,11311
146326,671,8696,12868
147047,642,7512,11503
147047,665,7420,11528
147287,649,7503,11560
147287,660,7466,11543
147981,670,7366,11578
147981,656,5351,9430
145152,641,5416,9348
145152,669,5458,9657
144912,656,5336,9404
144912,655,7942,11836
146877,668,8294,12616
146877,661,7159,11231
146807,666,5337,9470
146807,658,5055,9172
144741,634,4937,8864
144741,689,5010,9247
144981,633,5138,9132
144981,667,5144,9225
144260,647,5009,9026
144260,692,4991,9301
144500,634,4728,8692
144500,669,4217,8359
143298,661,4350,8373
143298,671,4270,8407
143058,645,4250,8254
143058,673,4179,8319
142097,651,4268,8287
142097,670,4237,8356
142097,667,4251,8434
142097,669,4224,8345
142817,638,4294,8270
142817,682,4314,8518
140172,652,3650,7677
135695,671,3258,7301
135695,682,3274,7393
134555,673,3217,7312
134555,660,3233,7265
131692,661,3236,7272
131692,694,3238,7430
131933,670,3252,7339
131933,671,3206,7287
118226,636,3635,7741
118226,774,13218,16980
118226,729,9694,14006
116055,702,3602,7767
112993,701,3625,7703
112993,665,3555,7473
108666,715,3552,7788
108666,685,3565,7582
107028,687,3530,7636
107028,683,3483,7565
118205,665,3364,7380
118205,671,3307,7396
128469,663,3352,7389
128469,678,3365,7493
131539,688,3428,7598
131539,648,3288,7246
132895,672,3393,7486
132895,662,4017,8132
138101,650,4020,8026
138101,666,3980,8094
139959,677,3975,8195
139959,652,3874,7868
138822,656,4002,7999
138822,697,4008,8271
139544,657,4035,8074
139544,674,4078,8147
140025,657,4078,8138
140025,655,3994,7979
140026,667,4025,8118
140026,672,4074,8224
140026,654,4020,8045
140026,678,4115,8220
140026,683,4083,8291
140026,648,5064,9031
142817,651,6032,10027
142817,650,6029,10128
144981,689,6105,10394
144981,660,6150,10257
145606,658,6251,10278
145606,664,5980,10131
146086,635,6101,10078
146086,669,6188,10265
145392,646,5872,9926
145392,681,5246,9453
144404,648,5037,9095
144404,674,5179,9345
143711,652,5062,9127
143711,673,5126,9232
144191,638,5015,9008
144191,659,5076,9199
144260,653,5108,9134
144260,665,5123,9242
144020,648,5057,9086
144020,668,3484,7584
137860,663,3190,7266
137860,702,3930,8168
139303,645,4467,8478
139303,663,4417,8515
141134,663,4386,8507
141134,652,4305,8293
142989,651,4422,8421
142989,675,4405,8572
143299,653,4382,8632
143299,664,4438,8321
142818,678,4521,8756
142818,654,6733,10817
142577,652,4001,7979
142577,680,3422,7550
136682,669,3423,7487
136682,689,3367,7562
134606,669,3375,7431
134606,668,3396,7467
133339,669,3392,7456
133339,669,3351,7439
133378,663,3366,7382
133378,674,3414,7532
133377,674,3358,7437
133377,661,3370,7391
133619,669,3350,7414
133619,664,3415,7482
134036,673,3419,7517
134036,701,4970,9216
139478,639,5775,9722
139478,662,5142,9252
143511,643,5210,9163
143511,673,5053,9246
143779,684,5039,9280
143779,628,5038,8919
143230,667,5126,9307
143230,659,4837,8899
143058,663,4420,8480
143058,663,4282,8347
141375,665,3956,8114
141375,662,4546,8584
142337,667,4223,8378
142337,653,4047,8034
140962,664,4076,8174
140962,670,4149,8227
140747,680,4042,8275
140747,644,4084,7979
140962,681,3994,8221
140962,670,4033,8103
140199,656,3993,7993
140199,680,4122,8250
125780,731,7632,11742
125780,714,11243,15276
121764,702,4430,8556
121764,693,3491,7544
111061,693,3433,7583
111061,707,3445,7582
105820,687,3470,7499
105820,710,3465,7579
105095,652,3417,7421
105095,690,3362,7504
116296,657,3286,7259
116296,681,3172,7335
123634,682,3190,7354
123634,647,3200,7138
127925,679,3220,7344
127925,664,3970,8099
137138,649,5596,9580
137138,677,6976,11123
143779,647,7172,11141
143779,658,6887,11071
143470,650,5021,9078
143470,666,4915,9042
144233,662,5062,9097
144233,651,7583,11575
147768,655,9047,13113
147768,667,10388,14557
148150,652,10370,14466
148150,647,10249,14215
147047,664,6077,10388
147047,668,4329,8439
144953,646,4411,8397
144953,671,4429,8589
144500,642,6273,10219
144500,653,6860,10916
145846,691,6687,11065
145846,623,6753,10848
146567,679,6660,10668
146567,657,6778,10920
147288,656,6826,10876
147288,646,6734,10766
147741,649,6686,10690
147741,685,5140,9407
145365,638,4674,8656
145365,662,4674,8798
144954,661,4789,8848
144954,668,4712,8816
144233,661,4588,8719
144233,650,4699,8661
144885,693,4728,8992
144885,625,4739,8585
144404,676,4649,8909
144404,676,4651,8779
145125,637,4794,8815
145125,653,4711,8723
144164,664,4678,8799
144164,667,4628,8708
143923,654,4727,8776
143923,662,4816,8929
144191,696,4773,9019
144191,657,4705,8792
143924,655,4735,8796
143924,664,4688,8784
142509,634,4211,8133
142509,671,4135,8222
141547,677,4135,8357
141547,670,4128,8225
141856,654,4163,8197
141856,669,4112,8188
141856,646,4129,8113
141856,691,3692,7942
136683,673,3271,7283
136683,678,3195,7331
133795,639,3137,7238
133795,688,3233,7203
131957,664,3156,7224
131957,667,3184,7250
131476,700,3207,7404
131476,648,3184,7119
132896,683,3191,7404
132896,680,3215,7297
131476,655,3186,7184
131476,674,3189,7310
131476,669,3250,7285
131476,665,3183,7227
131692,690,3258,7428
131692,652,3224,7190
132680,661,3235,7285
132680,676,3280,7353
131476,689,3155,7375
131476,668,5418,9479
140173,641,7141,11143
140173,664,7105,11199
143710,661,5495,9669
143710,662,5160,9261
144672,633,5100,9106
144672,658,6644,10630
146780,649,8011,12052
146780,670,7913,12117
146326,649,5707,9747
146326,663,4744,8834
145606,651,4804,8823
145606,681,4735,8886
144432,679,4702,8953
144432,724,8346,12200
129309,727,11283,15562
129309,696,4262,8350
115572,691,3374,7435
115572,690,3327,7427
108666,700,3315,7467
108666,680,3329,7314
105095,707,3321,7501
105095,652,3303,7241
107460,694,3286,7466
107460,683,3145,7264
123189,646,3163,7085
123189,694,3183,7388
133378,657,7657,11624
133378,638,7860,11879
141547,684,6356,10680
141547,656,5780,9798
144885,633,5263,9232
144885,674,5310,9447
144233,680,4537,8764
144233,642,4099,8039
141856,675,4021,8168
141856,676,3999,8172
140894,659,3887,7947
140894,642,5704,9645
145125,669,6003,10230
145125,639,6085,9971
145606,678,5878,10142
145606,656,5972,10094
146326,645,5938,9912
146326,665,5968,10093
146807,650,6173,10139
146807,668,5901,10110
145846,647,6116,10107
145846,650,6066,10146
146086,691,5957,10228
146086,645,8937,12972
147938,645,9804,13791
147938,659,9672,13834
149591,655,9768,13801
149591,645,9680,13645
147910,667,5552,9786
147910,667,5733,9863
147020,679,4951,9125
147020,659,4728,8812
144885,633,4725,8636
144885,673,4748,8905
144885,658,4761,8887
144885,657,4664,8766
143924,659,4778,8809
143924,664,4737,8856
144164,671,4636,8784
144164,661,4712,8792
144885,647,4748,8784
144885,639,4862,8812
143684,664,4689,8804
143684,662,4717,8809
143470,674,4757,8949
143470,663,4781,8901
144672,658,4910,8943
144672,670,4725,8865
144500,649,4778,8754
144500,666,4706,8844
142990,653,4119,8161
142990,683,4097,8296
142337,638,4460,8377
142337,662,5036,9177
143538,661,5087,9170
143538,683,4038,8250
141161,659,3869,7908
141161,664,3806,7852
141374,656,3771,7882
141374,663,3813,7860
139543,661,3915,7966
139543,678,3873,8007
139999,653,3970,7983
139999,671,3955,8078
139343,676,3791,7914
139343,673,3500,7573
135960,668,3416,7480
135960,686,3342,7522
134581,661,3371,7414
134581,656,3444,7407
134341,690,3501,7726
134341,671,3364,7446
133643,661,3428,7459
133643,678,3303,7420
134100,670,3389,7420
134100,669,3289,7374
134100,662,3338,7349
134100,676,3321,7454
134100,665,3432,7472
134100,669,3382,7448
134340,685,3387,7558
134340,680,3362,7501
133859,653,3343,7341
133859,677,3337,7446
133136,659,3334,7360
133136,679,3297,7393
133161,659,3454,7486
133161,665,3272,7324
133339,686,3386,7533
133339,665,3392,7397
125780,672,3424,7511
125780,764,10089,14163
122166,714,8819,13008
122166,697,3769,7870
113401,684,3647,7709
113401,693,3654,7726
107975,691,3567,7661
107975,692,3634,7674
107975,700,3579,7766
107975,655,3460,7544
114124,682,3314,7409
114124,667,3332,7422
126022,660,3439,7471
126022,649,3342,7336
130449,683,3437,7569
130449,664,3327,7392
133314,691,3634,7832
133314,655,4765,8778
139932,640,4634,8640
139932,680,4433,8658
142337,658,4195,8197
142337,668,4035,8199
142096,650,4161,8133
142096,661,4053,8189
142337,661,4148,8167
142337,657,5116,9158
143271,680,4994,9281
143271,631,4999,8884
144885,671,4986,9236
144885,673,5063,9148
144405,646,5032,9104
144405,671,5120,9235
144335,636,5090,9104
144335,656,5162,9162
144404,661,5013,9172
144404,657,4979,9035
145366,651,5077,9108
145366,701,5120,9433
145125,650,5046,9116
145125,634,4946,8835
146086,664,4940,9144
146086,676,5137,9229
145124,650,5024,9099
145124,672,5005,9135
145845,642,5067,9097
145845,671,5084,9163
145365,644,5071,9077
145365,665,5019,9163
142750,661,4437,8544
142750,693,3365,7521
138341,645,3266,7257
138341,687,3383,7518
136176,675,3295,7441
136176,659,3300,7294
134276,662,3406,7490
134276,687,4085,8215
137860,654,4048,8056
137860,669,3966,8053
139785,681,3922,8150
139785,638,3964,7898
140440,690,4066,8311
140440,660,4025,8088
140680,651,4046,8036
140680,665,4081,8141
142363,661,4726,8843
142363,660,4668,8749
144714,643,4771,8788
144714,672,6726,10771
146086,654,7500,11578
146086,652,7544,11534
146807,670,7262,11560
146807,677,7586,11743
147458,649,7460,11540
147458,651,7080,11147
148008,641,6334,10316
148008,662,6269,10393
147047,658,6364,10428
147047,686,5923,10192
147190,634,5352,9349
147190,673,5430,9502
145846,649,5345,9433
145846,662,5379,9483
146566,641,5318,9336
146566,672,5324,9442
145125,664,4761,8921
145125,664,4438,8528
142749,654,4134,8212
142749,683,3997,8151
141615,643,4012,8025
141615,677,4016,8167
140895,645,4008,7984
140895,682,3990,8165
141134,651,3926,7930
141134,657,5610,9620
146539,673,7686,11863
146539,659,7385,11513
148150,645,7587,11659
148150,663,7417,11556
149322,638,7561,11543
149322,668,7352,11523
149591,643,7475,11468
149591,695,7787,11890
134973,748,14180,18232
134973,719,4780,9069
118389,689,3407,7483
118389,688,3327,7377
109372,696,3343,7446
109372,676,3348,7348
106787,708,3332,7524
106787,676,3365,7341
104612,654,3316,7414
104612,693,3301,7395
118446,660,3111,7153
118446,669,3185,7245
126479,692,3262,7460
126479,648,3209,7137
130729,686,3238,7403
130729,677,3231,7343
130792,651,3223,7220
130792,696,3238,7382
132237,655,3270,7313
132237,653,6494,10501
142336,674,7203,11402
142336,634,7004,10941
145366,662,6290,10462
145366,671,6043,10168
144912,655,5263,9333
144912,675,3407,7491
138581,657,3361,7419
138581,682,3484,7581
136442,668,3386,7510
136442,676,3443,7471
135720,653,3361,7395
135720,678,3387,7468
135213,674,3326,7475
135213,684,3438,7570
134998,657,3415,7426
134998,672,3366,7428
134758,669,3353,7446
134758,672,3327,7423
137860,677,5049,9225
137860,636,5990,9888
143539,662,5212,9344
143539,673,4961,9139
144474,643,4992,9046
144474,663,5057,9110
145153,638,5046,9070
145153,702,5107,9398
145153,652,5096,9181
145153,647,4452,8438
139958,665,3399,7442
139958,673,3339,7438
136442,686,3382,7543
136442,664,3483,7524
137619,654,4062,8093
137619,665,4035,8133
139959,653,4079,8106
139959,668,3998,8137
140680,654,4081,8095
140680,667,4016,8131
141135,680,4063,8253
141135,669,4049,8159
141134,650,4084,8067
141134,666,4058,8141
141401,663,4100,8145
141401,675,4093,8279
141616,651,4050,8017
141616,679,4040,8230
141375,672,4003,8120
141375,658,4055,8029
141443,668,3989,8120
141443,661,4072,8059
140894,670,3973,8124
140894,666,4077,8151
140894,674,4061,8179
140894,664,4051,8174
142097,663,4105,8108
142097,663,4012,8165
141856,682,4088,8256
141856,626,4003,7923
141375,668,3989,8092
141375,662,4046,8092
141829,677,4037,8251
141829,670,4047,8130
140413,667,4013,8101
140413,667,3856,7909
138341,667,3611,7689
138341,661,3609,7652
140172,653,6325,10182
140172,660,10691,14924
147643,672,10699,14963
147643,633,10530,14326
147840,675,10555,14920
147840,626,10538,14294
150311,679,10685,15061
150311,659,10710,14770
149280,647,10326,14417
149280,659,10862,14979
149688,632,10045,13978
149688,664,7392,11564
149040,649,7627,11613
149040,662,9189,13375
149760,649,8729,12872
149760,664,6514,10670
147387,659,6569,10615
147387,686,6787,10821
129791,759,7313,11572
129791,678,3590,7599
114607,705,3469,7562
114607,682,3396,7446
107511,683,3447,7485
107511,720,3557,7806
109444,696,4118,8168
109444,699,4019,8146
111786,669,4161,8204
111786,637,3886,7821
130753,675,5661,9755
130753,677,5651,9854
140413,654,5807,9926
140413,663,5547,9588
142989,649,4722,8747
142989,661,4735,8820
144912,664,5234,9388
144912,671,5987,10082
145606,653,6048,10092
145606,651,6067,10169
147047,651,6155,10213
147047,666,6065,10139
147527,659,6212,10283
147527,656,5960,10018
148702,681,6107,10386
148702,634,6159,10072
146567,664,5220,9368
146567,651,5067,9097
145365,681,4398,8571
145365,646,4225,8254
143779,672,4345,8514
143779,662,4364,8434
146257,666,12228,16403
146257,637,14132,17980
146737,663,6843,11097
146737,657,4829,8914
145606,661,4831,8884
145606,667,4771,8883
145366,654,4797,8813
145366,661,4850,8950
144884,658,4765,8884
144884,647,4862,8804
144164,660,4664,8799
144164,660,4786,8843
144885,678,4742,9011
144885,664,4812,8938
145125,660,4847,8876
145125,668,4011,8070
138581,667,3252,7315
138581,664,3221,7266
134973,677,3353,7426
134973,672,3173,7276
133770,673,3277,7357
133770,663,3228,7421
132591,672,3217,7179
132591,696,3294,7437
132173,649,3198,7201
132110,660,3159,7220
132110,700,3261,7415
132110,668,3219,7298
135303,650,3804,7735
135303,682,3893,8155
137553,667,3951,8051
137553,669,3876,7950
138756,657,3895,7952
138756,661,3904,7955
138996,673,3874,7977
138996,664,3859,7984
139932,649,3846,7862
139932,671,3838,7916
140894,654,4321,8339
140894,664,4501,8635
143271,662,4580,8604
143271,669,4514,8654
142989,668,4407,8512
142989,671,4461,8563
143443,650,4415,8467
143443,679,4433,8612
143470,667,4568,8656
143470,663,4513,8616
144260,643,4476,8468
144260,663,4454,8561
142963,657,4494,8544
142963,661,4497,8588
144954,692,4582,8830
144954,623,4531,8369
143058,682,4415,8700
143058,668,4504,8632
143779,650,4414,8420
143779,670,4419,8520
143710,643,4509,8543
143710,668,4555,8674
144019,658,4547,8581
144260,681,4524,8749
144260,641,4520,8469
142577,658,4152,8244
142577,663,3674,7703
138822,661,3651,7732
138822,677,3694,7818
138341,688,3697,7888
138341,646,3621,7548
135785,691,3663,7893
135785,687,5139,9036
122166,715,9878,14021
122166,702,4941,9049
114124,701,3423,7586
114124,701,3484,7623
107752,687,3479,7540
107752,690,3435,7514
105096,686,3445,7527
105096,682,3458,7544
100377,667,3385,7435
100377,674,3270,7346
120800,649,3293,7290
120800,688,3338,7450
126503,665,3334,7403
126503,670,3257,7334
130969,666,3247,7452
130969,695,3168,7238
131716,654,3250,7162
131716,691,3216,7429
131870,651,3197,7177
131870,693,3256,7397
135415,644,3862,7865
135415,671,3870,7955
137313,671,3984,8064
137313,694,3912,8141
138970,634,3875,7818
138970,683,3869,8022
139932,677,3995,8093
139932,660,3874,7948
140894,673,3985,8074
140894,666,3706,7763
137594,679,3469,7612
137594,668,3491,7563
135695,678,3537,7644
135695,663,3492,7579
134732,672,3444,7518
134732,666,3338,7425
134036,673,3410,7464
134036,650,3456,7410
133946,674,3455,7545
133946,661,3366,7430
134732,682,3399,7564
134732,655,3383,7388
134732,685,3428,7584
134732,639,4066,7991
139933,663,4985,9090
139933,685,7241,11504
145125,652,7577,11606
145125,661,7594,11675
146737,668,6206,10370
146737,628,5408,9326
146086,677,5378,9584
146086,652,5363,9462
146326,660,5422,9485
146326,643,4485,8425
144645,663,4517,8618
144645,684,4422,8699
145125,656,4540,8530
145125,677,4455,8636
144500,643,4410,8405
144500,665,4459,8533
144191,664,5488,9632
144191,639,5692,9648
146950,687,10881,15083
146950,623,15692,19369
148560,672,15594,20070
148560,650,12133,16201
149111,662,6452,10629
149111,663,6167,10221
147430,655,6068,10162
147430,657,4947,9050
145125,658,4446,8517
145125,676,4045,8195
141856,656,4003,8011
141856,678,3992,8132
140895,645,3949,7933
140895,669,4047,8146
140439,657,3942,7961
140439,688,3887,8157
139932,654,3902,7955
139932,654,3956,7888
139718,679,3980,8186
139718,673,4013,8135
139451,658,3970,7993
139451,670,3950,7992
140654,680,3814,8017
140654,641,3811,7783
139477,661,3848,7908
139477,672,3805,7870
139477,655,3803,7841
139477,670,3833,7945
139237,683,3846,8045
139237,658,3849,7851
140894,658,3879,7962
140894,657,3705,7771
139237,681,3744,7923
139237,660,4369,8359
142509,671,4492,8688
142509,645,4454,8433
143298,660,4523,8548
143298,673,4434,8567
143470,679,4445,8639
143470,673,4414,8531
143229,630,4413,8367
143229,675,4465,8643
127382,714,5505,9523
127382,711,8106,12184
119354,702,3758,7865
119354,678,3435,7487
112918,708,4114,8242
112918,692,4014,8068
113159,717,4056,8263
113159,695,4003,8024
111524,665,3995,8093
111524,688,3927,8085
126877,652,3882,7901
126877,680,3866,7993
135695,644,3978,7948
135695,671,4464,8619
140653,649,4439,8477
140653,660,4547,8595
142242,667,4396,8555
142242,670,4450,8558
143684,652,4510,8549
143684,646,4486,8487
143924,685,4574,8788
143924,665,4461,8532
143752,648,4488,8475
143752,670,4549,8649
142989,664,4561,8686
142989,657,4535,8596
144404,680,4582,8825
144404,647,4031,8035
142749,678,4079,8207
142749,645,4074,8100
142336,673,3969,8124
142336,648,4046,7981
141375,679,4016,8248
141375,649,4052,7979
140680,684,4073,8291
140680,648,5595,9530
143951,660,5602,9712
143951,680,5134,9347
144191,645,5009,9019
144191,652,4461,8663
141548,683,4021,8066
141548,661,3891,7938
141134,657,4080,8099
141134,676,4545,8721
142336,648,4441,8505
142336,670,4493,8616
143271,659,4501,8521
143271,669,4518,8652
144233,636,4551,8509
144233,670,4501,8670
143538,657,4466,8669
143538,665,4421,8355
143992,665,4273,8370
143992,688,4409,8617
144500,643,4532,8550
144500,672,4437,8581
143779,649,4515,8512
143779,669,4478,8609
143470,647,4441,8419
143470,667,4509,8638
143298,653,4459,8499
143298,677,4467,8693
144714,651,4546,8465
144714,666,4430,8578
144405,673,4358,8557
144405,667,4438,8545
143298,650,4440,8489
143298,657,4463,8525
143711,632,4442,8397
143711,675,5387,9426
145152,685,5540,9879
145152,631,5668,9511
145846,676,5604,9846
145846,675,4318,8467
142336,668,3739,7790
142336,653,3662,7728
139211,666,3757,7790
139211,670,3737,7846
138971,662,3727,7763
138971,678,3600,7805
138315,669,3736,7837
138315,646,3722,7651
138822,679,3719,7886
138822,664,3655,7728
137098,673,3695,7805
137098,659,3714,7672
139477,688,4556,8814
139477,624,11688,15481
146230,674,17610,21983
146230,615,17088,20848
148150,676,12147,16495
148150,628,12532,16702
149760,663,11769,15651
149760,674,12038,16313
150691,634,11443,15337
150691,655,7833,11909
148871,662,5601,9850
148871,660,4142,8245
146059,639,4674,8579
146059,669,5334,9610
141375,644,5169,9244
141375,732,9622,13346
125757,727,7166,11630
125757,684,3402,7424
112436,695,3429,7544
112436,702,3430,7572
107681,675,3408,7368
107681,694,3410,7635
105337,712,3390,7455
105337,648,3399,7503
96041,740,3338,7420
96041,1144,11996,15756
92852,708,19044,23146
92852,757,18744,23271
95511,698,10775,14684
95511,711,9007,13072
94106,710,9169,13276
94106,715,8939,13037
94106,712,9119,13179
94106,714,9133,13190
93818,740,9017,13407
93818,684,9019,12815
94348,738,9032,13338
94348,723,8871,12936
93155,690,7663,11669
93155,718,7693,11853
87932,1073,7224,11340
87932,1370,7572,11856
75485,1485,6738,10923
75485,1416,6436,10701
70920,1397,5652,10057
70920,1289,6710,10677
69462,1141,9219,13355
69462,1115,13213,17512
68701,1101,15789,19783
68701,987,17127,21228
71277,599,16179,20322
71277,708,2965,6697
71277,523,2040,6138
70838,534,2058,6222
70838,519,1744,5828
70146,508,1606,5626
70146,520,1608,5689
69903,509,1566,5609
69903,516,1538,5594
69660,509,1727,5743
69660,520,1757,5842
69660,531,1757,5919
69660,493,1649,5725
69660,533,1790,5804
69660,518,1815,5889
69660,504,1778,5782
69660,529,1784,5888
69672,509,1849,5861
69672,520,1757,5840
69672,529,1604,5752
69672,496,1723,5669
69660,536,1963,6117
69660,521,1735,5807
69660,509,1740,5764
69660,517,2007,6067
69660,513,1811,5845
69660,521,1710,5779
69660,566,1828,5995
69660,520,2013,6081
69660,508,1826,5841
69660,521,1658,5740
69660,511,1752,5791
69660,514,1725,5768
69660,512,1883,5904
69660,516,1864,5913
69660,534,1804,5980
69660,517,1838,5893
69660,509,1922,5955
69660,527,1741,5851
69660,507,1752,5773
69660,519,1723,5794
69660,510,1999,6009
69660,527,2757,6622
69417,515,1902,6119
69417,519,1861,5927
69417,532,1862,6009
69417,524,1943,6034
69429,510,1878,5905
69429,520,1694,5756
69429,524,1812,5926
69429,504,1820,5794
69429,509,1818,5847
69429,518,1865,5934
69429,534,1918,6074
69429,519,1842,5919
69429,509,1818,5848
69429,524,2013,6077
60040,513,1899,5940
60040,517,1963,6011
53268,532,1824,5997
53268,519,1849,5920
50382,508,1983,5994
50382,521,1894,5974
49409,512,1914,5948
49409,518,1863,5931
48921,510,1843,5861
48921,520,1829,5893
48921,508,1855,5887
48921,517,1804,5868
48921,532,1856,6019
48921,519,1813,5882
48921,510,1839,5879
48921,518,1810,5861
48954,510,1863,5894
48954,518,1858,5927
48929,531,1848,6006
48929,495,1826,5759
48921,534,1913,6070
48921,519,1914,5979
48921,507,1852,5871
48921,520,1870,5947
48921,505,1871,5871
48921,531,2034,6147
48921,529,1846,5995
48921,504,1948,5882
48678,534,1931,6085
48678,523,1862,5953
48921,505,1838,5848
48921,522,1932,6019
48678,508,1895,5918
48678,518,1854,5916
48678,509,1979,6008
48678,519,1936,6001
48678,534,1866,6028
48678,521,1817,5889
48678,507,1767,5795
48678,520,1804,5865
48678,513,1806,5847
48678,519,1840,5898
48678,508,1789,5820
48678,517,1844,5920
48678,534,1872,6027
48678,521,1952,6032
48678,512,1890,5930
48678,516,1829,5884
48678,510,1868,5892
48678,518,1810,5875
48678,532,1925,6083
48678,495,1872,5803
47461,520,2546,7598
47461,507,2338,13914
32430,520,2039,13859
32430,502,1890,13435
26119,527,1914,13749
26119,513,1881,13529
23692,513,1890,13611
23692,533,1976,13883
22715,521,1926,13676
22715,506,1975,13525
22226,525,1894,13751
22226,509,1926,13537
21982,523,1904,13691
21982,507,1915,13490
21982,516,1901,13653
21982,536,1920,13866
21982,503,1913,13459
21982,528,1868,13719
21982,515,1873,13627
21982,511,1862,13510
21982,524,1881,13686
21982,502,1858,13424
21982,518,1908,13680
21982,507,1778,13398
21982,521,1804,13613
21982,532,1806,13711
21982,512,1836,13566
21982,506,1813,13419
21982,525,1933,13767
21982,501,1850,13374
21982,518,1841,13628
21982,531,1857,13751
21982,500,1846,13363
21982,532,1891,13787
21982,518,1819,13618
21982,505,1852,13426
21982,518,1859,13618
21982,511,1852,13512
21988,521,1893,13687
21988,527,1890,13730
21988,506,1802,13382
21988,518,1883,13617
21743,507,1802,13456
21743,523,1792,13592
21982,524,1814,13670
21982,501,1841,13363
21988,528,1801,13717
21988,520,1819,13581
21737,507,1906,13522
21737,524,1848,13645
21982,517,1795,13584
21982,506,1884,13473
