nvml:nvidia_geforce_gtx_970_0,rapl:ram,rapl:cores,rapl:pkg
21738,648,5622,16944
21738,532,2532,14428
21738,492,2283,13709
21738,523,2329,14168
21738,524,2313,14140
21738,515,2226,13959
21738,512,2248,13907
21738,524,2202,14069
21738,501,2263,13779
21738,517,2240,14007
21738,530,2215,14080
21738,499,2296,13868
21738,530,2118,14007
21752,522,2198,13983
21752,506,2160,13732
21743,520,2247,14065
21743,507,2372,13954
21738,519,2459,14224
21738,510,2186,14118
21743,532,2381,13938
21743,531,2384,14296
21743,490,2266,13999
21743,528,2302,13843
21738,522,2302,14126
21738,506,2242,13847
21738,521,2290,14106
21738,528,2310,14171
21738,498,2309,13846
21738,529,2260,14112
21738,520,2337,14112
21738,505,2422,13964
21738,527,2397,14203
21738,503,2239,13838
21738,522,2262,14034
21738,515,2335,14057
21738,533,2185,14145
21738,516,2387,14109
21738,515,2384,14050
21738,514,2019,13736
21738,527,2359,14019
21738,514,2324,14032
21738,515,2267,13978
21738,512,2193,13856
21738,539,2202,14202
21738,516,2518,14172
21738,515,2276,13977
21738,515,2275,14006
21738,510,2096,13752
21738,516,2220,13937
18323,520,2260,14029
18323,529,2293,14180
18323,516,2151,13894
18323,511,2268,13955
18323,517,2425,14113
18323,511,2185,13873
18323,510,2161,13835
18323,518,2252,13961
18323,515,2358,14038
18323,514,2301,14015
18323,515,2225,13954
18323,534,2211,14180
18323,511,2226,13884
18323,511,2177,13866
18323,514,2195,13897
18323,510,2288,13968
18323,516,2338,14027
18323,514,2300,14032
18323,533,2215,14162
18323,519,2293,14046
17840,494,2310,13783
17840,525,2254,14088
17840,517,2252,13973
17840,514,2242,13972
17840,514,2280,13960
17840,514,2183,13893
17840,535,2292,14261
17840,513,2201,13909
17840,510,2335,13988
17840,509,2225,13883
17840,517,2165,13904
17840,518,2342,14109
17840,509,2344,13979
17840,514,2068,13794
17840,534,2105,14082
17840,519,2136,13848
17840,510,2202,13852
17840,516,2123,13876
17840,508,2181,13825
17840,513,2080,13753
18084,526,2185,14040
18084,502,2200,13751
18084,535,2195,14180
18084,511,2255,13941
18084,519,2287,14004
18084,510,2258,13915
18084,514,2104,13811
18084,509,2305,13962
18084,518,2215,13948
18084,527,2135,14026
18084,520,2011,13775
18084,512,2072,13758
18084,512,2095,13789
18084,513,2168,13875
18084,512,2083,13767
18084,509,2187,13850
18084,519,2287,14014
18084,513,2121,13838
18084,514,2087,13799
18084,534,2168,14117
17834,499,2371,13882
17834,533,2315,14228
17834,514,2286,13973
17834,511,2244,13942
17834,514,2305,13983
17834,513,2240,14201
17834,539,2163,13876
17834,513,2254,13937
17834,514,2282,13992
17834,505,2279,13872
17834,521,2234,14030
17834,507,2127,13764
17834,516,2303,14003
17834,514,2212,13936
17834,536,2084,14078
17834,510,2084,13736
17834,515,2129,13818
17834,514,2272,13975
17834,515,2066,13796
17834,508,2145,13788
18078,520,2172,13972
18078,512,2410,14014
18078,536,2168,14157
18078,515,2081,13782
18078,513,2068,13755
18078,514,1913,13626
18078,514,2013,13724
18078,510,2008,13667
18078,519,2100,13799
18078,510,1902,13568
18078,537,1958,13963
18078,512,2044,13726
18078,515,2184,13858
18078,513,2024,13745
18078,512,2087,13774
18078,513,2008,13726
18078,510,2132,13784
18078,530,2188,14109
18078,523,2085,13893
18078,510,1976,13661
17840,519,2260,14012
17840,511,2290,13932
17840,515,2325,14029
17840,510,2260,13936
17840,511,2273,13947
17840,515,2294,14019
17840,535,2243,14237
17840,512,2292,13978
17840,518,2356,14035
17840,512,2266,13964
17840,505,2321,13934
17840,602,11394,23206
17840,609,21190,32806
17840,594,21538,33255
17840,929,19123,30896
17840,699,19077,30864
17840,681,17284,28810
17840,573,21477,33151
17840,609,21690,33398
17840,740,18683,30592
17806,645,26827,39101
17806,605,51465,62657
17806,662,29497,41700
17806,652,21439,33093
17806,761,19945,31609
17806,754,20611,32375
17806,619,21570,33250
17806,668,21432,33000
17806,1126,23051,35148
26815,868,19207,25392
35553,1042,20757,25068
35553,1041,20730,24365
44031,1024,20887,25495
44031,1052,20343,24600
47430,1000,20737,24744
47430,1027,20489,24828
48621,1058,20649,24640
48621,1125,20478,24771
48864,1049,20562,24786
48864,1069,19579,23644
49107,1091,20589,25335
49107,1158,20613,24374
49107,1087,20867,25538
49107,1019,20537,24682
49107,1008,20505,24706
49107,1047,20726,24963
49350,1139,20639,24607
49350,1023,20761,25150
49107,1047,20699,24703
49107,1062,20657,24986
49107,980,20532,25181
49107,1174,20611,24359
49350,969,23334,27891
49350,896,20974,25285
55841,880,21006,25023
55841,605,21087,25334
70271,549,21029,24823
70271,573,21338,25554
78164,558,22689,26588
78164,577,22255,26383
83192,570,21838,25705
83192,566,22399,26557
97976,567,22437,26334
97976,605,22256,27007
104664,572,21519,25547
104664,566,21605,25680
111584,582,22441,26425
111584,570,20882,24931
109877,568,21450,25413
109877,563,21729,25832
113250,562,22635,26603
113250,562,22460,26465
113712,576,22432,26451
113712,569,21811,25926
113009,586,21983,26517
113009,547,22506,26018
115342,581,22620,27092
115342,584,22548,26765
111617,580,21762,25646
111617,564,21530,25609
114696,561,22522,26471
114696,570,22816,26894
112768,577,22502,26559
112768,557,21897,25879
113732,568,22875,26857
113732,567,22732,26851
114159,597,22808,27398
114159,583,21916,26039
113009,538,21725,25559
113009,576,22299,26420
116121,576,22498,26413
116121,583,21408,25593
111804,550,21860,25641
111804,580,22908,27140
115398,566,22772,26759
115398,574,22745,26787
112286,597,22148,26806
112286,563,21575,25706
114434,543,22632,26392
114434,576,22229,26433
114434,560,22355,26321
114434,572,21530,25595
113732,571,21993,25936
113732,571,21276,25422
115824,588,22540,27036
115824,547,22527,26124
112822,579,21725,26112
112822,545,22026,25620
116121,579,22392,26792
116121,583,22204,26506
112527,565,21983,25862
112527,566,22116,26283
115178,551,22426,26291
115178,554,22328,26404
113250,591,22904,26958
113250,555,21233,25275
113973,594,22636,27215
113973,538,22546,26023
116284,582,22721,27222
116284,583,22249,26445
113009,544,21786,25670
113009,574,22186,26315
116065,552,22495,26435
116065,580,22685,26797
112045,570,21783,25709
112045,563,22269,26347
115824,588,22271,26295
115824,576,21192,25226
112286,595,21603,26191
112286,567,22244,26364
115157,551,22522,26401
115157,552,22659,26740
113898,573,22877,26947
113898,557,21863,25834
114214,565,22288,26257
114214,568,22227,26310
116546,587,22451,26975
116546,549,22579,26159
112768,600,21796,26405
112768,571,21672,25755
116306,555,22565,26479
116306,576,22739,26867
112768,558,22173,26075
112768,558,21983,25964
115583,567,22646,26672
115583,555,22674,26809
114214,575,23119,27060
114214,594,22014,26661
114214,564,22206,26285
114214,536,22163,25592
115342,607,22624,27212
115342,576,21371,25456
113491,539,21881,25677
113491,581,22358,26646
116603,551,22755,26594
116603,578,22617,26778
112527,571,21848,25779
112527,561,22463,26584
115880,564,22577,26544
115880,555,22591,26646
114193,595,22914,27492
114193,566,21971,26189
114455,565,22259,26103
114455,572,21641,25746
114916,561,22756,26741
114916,577,21998,26085
113732,548,21984,25833
113732,573,22468,26586
116865,558,22542,26493
116865,584,22647,26898
112822,595,21955,26469
112822,566,22625,26758
116361,550,22472,26346
116361,564,22623,26743
113732,584,23054,27051
113732,558,21400,25484
114937,561,22452,26302
114937,570,22658,26798
116361,566,22681,26601
116361,578,22151,26304
114027,581,22040,26645
114027,536,22642,26058
117566,585,22701,27288
117566,576,22645,26813
113250,557,22233,26066
113250,567,21577,25746
115398,571,22704,26614
115398,556,21480,25600
114193,572,22991,26839
114193,557,22133,26222
114455,569,21972,25989
114455,567,22278,26408
116065,576,22536,26957
116065,589,21880,26134
113491,538,21663,25511
113491,581,22332,26542
116547,552,22336,26185
116547,577,22204,26404
112045,584,21557,25493
112045,565,21448,25515
116065,593,22444,27019
116065,536,22535,25991
113711,594,22494,27098
113711,561,21870,25944
115156,547,22598,26413
115156,581,22478,26700
116305,555,22567,26458
116305,581,21713,25853
113973,552,21665,25558
113973,572,22473,26614
116546,578,22439,26382
116546,583,21485,25726
112527,587,21860,26263
112527,565,22624,26782
116065,555,22361,26326
116065,562,22540,26665
114138,563,23132,26968
114138,560,21920,26105
114455,564,22689,26667
114455,569,22446,26562
116788,559,22772,26639
116788,579,22452,26664
113250,629,23710,28283
113250,546,21917,25344
99231,569,23071,27650
99231,551,22898,27017
91566,536,23398,27241
91566,568,23098,27350
90615,543,22451,26230
90615,559,22826,26995
89209,543,22778,26739
89209,548,22799,26895
87999,580,23326,27890
87999,528,23281,26747
89208,582,22776,27100
89208,583,21664,26114
88725,539,22299,26053
88725,574,23099,27399
88257,535,23316,27193
88257,553,23519,27644
87532,553,23696,27556
87532,560,23570,27748
94419,569,25327,29190
94419,575,22023,26256
108932,591,22910,27451
108932,547,22606,26134
109415,593,22319,26578
109415,581,21168,25539
114937,555,22240,26154
114937,565,22493,26483
112768,572,22052,26199
112768,554,21260,25255
115178,563,22417,26322
115178,561,22133,26241
114675,572,22418,26431
114675,603,21637,26365
113732,545,22022,25977
113732,573,22241,26402
116328,552,22677,26353
116328,597,21526,25933
113009,540,21745,25551
113009,573,22637,26822
116843,560,22410,26357
116843,577,22704,26798
113732,569,22148,26138
113732,556,21486,25527
116120,588,22622,27187
116120,532,22603,26134
114992,599,22975,27505
114992,570,21785,25791
114455,570,22296,26228
114455,573,21307,25456
116602,559,22636,26462
116602,583,22267,26559
113250,583,22049,26515
113250,536,22125,25601
116788,591,22641,27215
116788,552,22556,26730
113491,581,21679,25476
113491,571,22087,26286
116142,555,22665,26558
116142,557,22537,26647
115157,574,22832,26772
115157,562,21761,25890
114696,567,22517,26481
114696,572,22769,26858
116547,585,22831,27347
116547,555,22966,26616
113491,569,21970,26269
113491,585,22755,27067
116787,547,22859,26729
116787,581,22910,27049
113491,562,22281,26151
113491,558,22001,26128
115880,561,22835,26697
115880,553,22870,26981
114434,578,23040,27103
114434,594,22214,26954
114455,544,22297,26142
114455,587,22680,26959
115824,549,22840,26665
115824,586,22040,26275
113973,539,21932,25747
113973,575,22470,26664
116787,560,22665,26554
116787,579,22681,26848
113009,594,21946,26461
113732,539,22696,26486
113732,566,22415,26139
117269,570,22889,27270
117269,597,22785,27171
113250,554,21972,25856
113250,562,22531,26580
116844,561,22764,26805
116844,574,22613,26582
114455,572,21975,26144
114455,556,21795,25600
116121,575,22689,27044
116121,590,22544,26960
115101,550,22700,26448
115101,586,22029,26342
114696,542,22173,25964
114696,584,22388,26690
116787,546,22630,26531
116787,586,22531,26734
113250,548,21652,25479
113250,580,22248,26430
117084,565,22595,26493
117084,576,22385,26504
113732,600,21678,26341
113732,530,21569,24987
115419,588,22859,27406
115419,566,22509,26563
115363,569,22647,26669
115363,578,21738,25825
114214,545,22012,25902
114214,575,22457,26590
117084,560,22565,26498
117084,582,22701,26835
112768,569,22042,25998
112768,564,22554,26629
116142,590,22485,27065
116142,558,22346,26465
114937,562,22800,26710
114937,564,21709,25762
114696,560,22424,26406
114696,577,22415,26576
116788,558,22050,25854
116788,586,22604,26894
113786,593,21984,26427
113786,538,22777,26313
116602,590,22623,27182
116602,563,22542,26718
115157,564,22839,26751
115157,565,22034,26061
115178,552,22307,26261
115178,573,22518,26643
117509,557,22648,26571
117509,585,22711,26848
113786,566,21987,25981
113786,568,22767,26787
116602,568,22616,26605
116602,558,22680,26822
115178,597,22802,27364
115178,568,21992,26015
114696,556,21996,25977
114696,580,22565,26730
117269,550,22722,26687
117269,581,22886,26978
113545,571,21860,25834
113545,562,22646,26735
116361,560,22758,26682
116361,551,22558,26628
115584,579,22915,26980
115584,603,21931,26657
114455,537,22379,26204
114455,576,22594,26763
117509,551,22826,26789
117509,574,22746,26843
114138,565,22431,26298
114138,556,22156,26299
115660,565,22629,26572
115660,568,22479,26635
117028,587,22911,27406
117028,553,22641,26825
114214,571,22680,26495
114214,584,22679,26987
117750,542,23050,26804
117750,576,22849,27029
114676,569,22592,26605
114676,555,22113,26187
115419,562,22638,26582
115419,569,22625,26717
117751,582,22855,27429
117751,547,22984,26481
113786,588,22308,26785
113786,565,22628,26792
116602,556,22664,26627
116602,557,22636,26690
115364,563,22794,26712
115364,600,21856,26033
114696,555,21644,25533
114696,573,22713,26821
117028,561,23047,26977
117028,583,23168,27327
113491,598,22444,27089
113491,566,22472,26553
116602,547,23155,26954
116602,573,23071,27191
113711,590,24888,28895
113711,561,23244,27363
99937,551,23457,27383
99937,565,23346,27463
93257,546,23458,27472
93257,551,23330,27414
89933,581,23632,28190
89933,535,23553,27031
90417,582,23178,27790
90417,555,23497,27539
88967,529,23458,27234
88967,562,23477,27760
88924,547,23571,27479
88924,567,23525,27710
89209,570,23618,27935
89209,530,23102,26751
88257,570,23516,28051
88257,523,23466,26886
89407,582,23596,28069
89407,581,25209,29557
98766,556,22514,26393
98766,572,22556,26634
109414,560,22818,26675
109414,591,22415,26756
111397,546,22106,25995
111397,573,22556,26648
116546,561,22773,26600
116546,583,22570,26821
113732,570,22418,26374
113732,558,22157,26242
116121,593,22721,27315
116121,577,22578,26754
117028,543,22776,26518
117028,591,22276,26521
114214,541,22013,25740
114214,580,22123,26394
117269,566,23021,26973
117269,579,22843,26952
113952,571,22452,26397
113952,560,22478,26591
115880,600,22783,27449
115880,565,22590,26618
116065,564,22693,26665
116065,584,22130,26293
114433,541,22375,26225
114433,573,22556,26647
117246,563,22653,26572
117246,576,22671,26832
114379,572,22289,26264
114379,558,22163,26243
115343,592,22779,27316
115343,544,22573,26087
117969,572,22877,27310
117969,594,22818,27155
113732,552,22377,26145
113732,575,23211,27412
116787,558,23142,27045
116787,560,23010,27161
115342,575,23260,27086
115342,566,22475,26632
114937,562,22736,26692
114937,575,22955,27091
117565,586,22978,27516
117565,584,22959,27177
113491,564,22570,26491
113491,557,22889,26921
116065,557,23046,26899
116065,577,22744,27005
115824,568,22922,26841
115824,579,22093,26191
113732,586,22190,26691
113732,539,22452,25990
117269,593,22617,27211
117269,566,22784,26817
114696,570,22370,26339
114696,565,22032,26183
115419,558,22827,26753
115419,571,22481,26562
117992,545,22830,26651
117992,588,22697,26894
113491,565,22100,26087
113491,566,22836,26841
117084,600,22748,27415
117084,559,22593,26682
115419,566,22788,26782
115419,574,21791,25841
115178,541,22169,26068
115178,581,22385,26574
117531,553,22706,26651
117531,584,22651,26777
113732,570,22144,25984
113732,558,22678,26860
116383,562,22616,26555
116383,558,22668,26743
116086,596,22747,27377
116086,553,21878,25416
114455,571,22067,26559
114455,573,22471,26636
117346,545,22653,26453
117346,578,22558,26748
114696,569,22461,26392
114696,553,22099,26196
115901,564,22839,26730
115901,571,22434,26623
117750,579,22856,27360
117750,554,22674,26199
113732,577,22109,26578
113732,574,22698,26898
117325,552,22320,26276
117325,554,22574,26653
115879,567,22962,26906
115879,568,22182,26292
115398,550,22623,26507
115398,572,22550,26756
117750,587,22708,27192
117750,545,22600,26121
113973,595,22183,26800
113973,558,21983,26063
116547,545,22910,26689
116547,574,22787,26992
117028,561,23105,27064
117028,575,22386,26484
114937,546,22304,26135
114937,575,22754,26956
117750,561,22916,26890
117750,595,23031,27743
115101,556,22948,26819
115101,570,22479,26729
115583,552,22985,26895
115583,571,22947,27040
118210,542,22989,26816
118210,586,23132,27441
113897,563,22785,26724
113897,552,22858,26907
116787,568,23075,27200
116787,556,22796,26633
116065,574,22850,26944
116065,577,21982,26091
114675,557,22424,26618
114675,593,22735,27213
117750,547,22856,26740
117750,569,22772,26824
115157,568,22052,26029
115157,557,22130,26237
116065,561,22652,26554
116065,568,22508,26695
117970,568,22904,27150
117970,570,22792,26579
114434,587,21965,26524
114434,570,22879,27039
117269,538,22701,26470
117269,567,22667,26911
115880,564,22852,26750
115880,560,22029,26133
115398,557,22447,26280
115398,572,22602,26861
117969,588,22803,27323
117969,546,22875,26433
114214,586,22610,27108
114214,567,22817,26995
116546,558,23031,26985
116546,563,22807,26859
116306,553,23023,26842
116306,586,22392,26661
114696,543,22168,26051
114696,569,22716,26793
117991,560,22931,26843
117991,573,22831,26984
115157,591,22509,27064
115157,533,22469,25982
116142,577,23025,27489
116142,582,22902,27191
117028,541,23053,26874
117028,587,22591,26811
114455,545,21981,25753
114455,576,22463,26706
117105,562,22735,26661
117105,557,22553,26648
115660,591,22806,27295
115660,575,22045,26227
115901,554,22683,26674
115901,571,22805,26925
117991,540,23077,26823
117991,586,23160,27442
114675,561,22675,26559
114675,554,22604,26734
114916,594,24554,28386
114916,557,23020,27276
98506,545,23764,27634
98506,549,23754,27979
92729,560,23771,27772
92729,589,23706,28382
91082,546,23740,27707
91082,555,23345,27464
89407,540,23328,27334
89407,640,23904,27934
88682,550,21865,25777
88682,683,23938,28095
89166,563,21216,25365
89166,559,22427,26311
89451,572,23604,28108
89451,530,22830,26397
88483,559,23544,27972
88483,564,23339,27508
89875,541,23446,27329
89875,572,25101,29279
99183,557,22231,26162
99183,570,22359,26512
111081,561,22828,26651
111081,580,22180,26413
112286,581,21788,26267
112286,538,22204,25748
116787,588,22631,27257
116787,560,22517,26598
114379,563,22587,26495
114379,565,21898,26074
115342,549,22869,26776
115342,575,22712,26860
117728,545,22864,26595
117728,584,22820,27171
113470,566,21754,25668
113470,554,22518,26599
116547,594,22569,27172
116547,565,22624,26659
116547,555,22592,26560
116547,582,22285,26409
114268,538,21674,25537
114268,579,22839,27021
117750,556,22782,26733
117750,563,22767,26738
115398,570,22851,26869
115398,557,22087,26206
115638,588,22676,27229
115638,575,22762,26904
117991,538,22682,26516
117991,586,22662,26917
113491,559,21898,25818
113491,562,22673,26750
117324,558,22749,26684
117324,555,22759,26897
115583,571,23088,27030
115583,568,22164,26206
115178,553,22547,26499
115178,571,22731,26928
118232,590,22803,27373
118232,567,22587,26669
114620,559,22138,26045
114620,564,22122,26267
116361,556,22880,26840
116361,563,22749,26769
117028,558,22998,26909
117028,580,22410,26600
114214,585,22118,26623
114214,533,22425,25831
117269,594,22914,27637
117269,564,22679,26672
114915,564,21956,25937
114915,559,21762,25866
116361,552,22663,26560
116361,572,22652,26810
117969,555,23019,26892
117969,577,22859,27018
113973,595,22094,26597
113973,529,22994,26537
116843,562,22857,26774
116843,586,22680,27416
116305,560,23030,26999
116305,580,22339,26502
115419,540,22549,26420
115419,577,22594,26766
118473,549,22821,26641
118473,574,22754,26917
114696,569,22279,26255
114696,555,21953,26055
115824,586,22929,27389
115824,542,22829,26387
117969,574,22954,27460
117969,561,22796,27050
114434,571,22205,26012
114434,579,22507,26739
117565,548,22914,26808
117565,559,22785,26907
115583,568,22918,26823
115583,557,22304,26371
115397,563,22558,26498
115397,569,22744,26939
117912,579,22850,27309
117912,554,23092,26663
114434,592,22506,27126
114434,558,22548,26625
117028,545,22947,26754
117028,571,22866,27068
117028,563,23057,27005
117028,576,22694,26732
114916,548,22438,26275
114916,572,22724,26929
117751,561,23046,27022
117751,571,22750,26884
114620,594,22355,26957
114620,561,22206,26291
116306,557,22957,26953
116306,567,22773,26853
117694,550,23134,26933
117694,581,22670,26902
114455,546,22309,26175
114455,575,22690,26880
117992,558,23234,27124
117992,561,22866,26997
115824,596,22955,27559
115824,573,22359,26451
115419,538,22798,26668
115419,578,22703,26919
118451,551,22961,26925
118451,576,22861,26952
114937,561,22383,26216
114937,557,22451,26640
116603,562,22949,26877
116603,565,22792,26835
117269,584,22970,27506
117269,560,22134,25759
114455,565,22389,26767
114455,581,22394,26663
117510,545,22722,26579
117510,562,22680,26809
116361,570,22776,26806
116361,559,22092,26136
116197,559,22259,26142
116197,573,22562,26744
118529,556,22612,26547
118529,582,22790,26930
114214,586,22028,26511
114214,572,22582,26842
117084,549,22630,26500
117084,564,22562,26662
117028,555,22714,26582
117028,583,22044,26252
115178,547,21964,25900
115178,570,22597,26687
118232,559,22627,26505
118232,570,22607,26742
115639,573,22596,27258
115639,554,22076,25498
116142,583,22728,27224
116142,576,22592,26797
117750,536,22723,26526
117750,588,22687,26908
114434,557,22194,26010
114434,564,22607,26815
117565,564,22768,26725
117565,553,22499,26563
116547,598,22821,27386
116547,552,22038,25589
114937,574,22247,26754
114937,577,22555,26716
117991,540,22695,26518
117991,569,22578,26772
115824,565,22620,26634
115824,560,21777,25760
115343,557,22762,26586
115343,573,22854,27147
117991,553,22992,26852
117991,584,23105,27318
113973,584,22455,26929
113973,570,22921,27151
117028,551,22961,26832
117028,566,22752,26920
116306,555,23011,26904
116306,580,22291,26447
115178,547,22073,26013
115178,571,22502,26586
117991,560,22729,26649
117991,570,22620,26709
112232,600,23872,28513
112232,560,22123,25569
98941,573,23133,27602
98941,567,23239,27495
92773,526,23666,27504
92773,555,23325,27460
91279,550,23405,27268
91279,568,23318,27521
90374,545,23413,27242
90374,556,23351,27496
88967,573,23478,27995
88967,528,23293,26852
90132,586,23386,27949
90132,567,23415,27578
89407,534,23298,27189
89407,560,23328,27447
88440,531,23481,27235
88440,575,23467,27773
89890,554,23194,27092
89890,581,24697,28914
102976,547,22171,26034
102976,588,22879,27065
107968,589,22350,26846
107968,538,22690,26195
114696,585,22741,27334
114696,566,22534,26658
115363,564,22937,26833
115363,578,22026,26103
114696,547,22612,26582
114696,569,22725,26893
117751,559,22951,26755
117751,580,22810,27043
114620,587,22655,27107
114620,533,22127,25704
116362,590,22976,27499
116362,574,22854,27016
117268,548,22929,26726
117268,590,22251,26568
114696,538,22331,26129
114696,572,22790,26942
118288,559,23025,27011
118288,569,23041,27000
115157,571,22898,26921
115157,559,22585,26747
116142,593,23175,27784
116142,567,22809,26896
118450,538,23130,26930
118450,593,23082,27405
114214,554,22358,26140
114214,562,22956,27076
117269,562,22870,26782
117269,558,22713,26930
116064,572,23132,27125
116064,565,22487,26446
115419,557,22979,26973
115419,573,22850,26965
118529,588,22784,27402
118529,568,22862,26909
114696,566,22186,26200
114696,561,22143,26260
116843,553,22816,26779
116843,564,22693,26741
117970,558,23044,26941
117970,580,22978,27195
114696,555,22207,26111
114696,568,23016,27091
117991,591,22807,27411
117991,526,22859,26355
116306,591,23174,27705
116306,570,22381,26384
115639,545,22674,26673
115639,580,22471,26670
118451,551,22650,26569
118451,564,22631,26602
115583,570,22283,26282
115583,557,21990,26133
116361,567,22487,26463
116361,565,22472,26582
118451,577,22699,27188
118451,585,22642,26880
113918,556,21963,25848
113918,552,22735,26706
117268,564,22634,26601
117268,561,22639,26816
116065,574,22728,26726
116065,572,21925,25982
115102,582,22023,26524
115102,542,22544,26133
118209,586,22697,27218
118209,577,22489,26672
115342,558,22069,25956
115342,563,21904,26058
116306,549,22626,26480
116306,568,22434,26560
118635,549,22687,26554
118635,588,22783,26987
114139,561,22382,26300
114139,566,22800,26902
117750,585,22656,27184
117750,565,22576,26784
116065,561,22755,26716
116065,571,21914,25965
115660,537,22064,25884
115660,582,22340,26603
118691,556,22610,26495
118691,585,22624,26852
114937,567,21943,25786
114937,557,22395,26543
116787,563,22832,26823
116787,560,22641,26720
117488,587,22797,27247
117488,567,22012,25682
115474,569,21923,26401
115474,575,22605,26770
118288,545,22607,26420
118288,564,22597,26761
116065,573,22853,26812
116065,559,22088,26097
115880,585,22315,26822
116787,551,22766,26662
116787,582,22315,26610
117268,559,22706,26709
117268,583,21791,25927
115157,541,22523,26486
115157,574,22650,26778
118232,572,22552,26556
118232,572,22344,26364
114882,578,21777,25998
114882,548,22084,25934
116603,569,22672,26900
116603,562,22447,26245
117728,574,22616,26932
117728,571,21760,25578
115157,563,21801,26107
115157,585,22444,26748
117992,548,22596,26483
117992,565,22679,26803
116064,571,22433,26408
116064,556,21674,25591
115880,563,22630,26625
115880,571,22580,26794
118473,589,22673,27265
118473,570,22794,26830
113973,568,22004,26046
113973,558,22558,26603
117269,557,22638,26642
117269,567,22573,26695
116546,560,22834,26680
116546,573,22005,26151
115880,549,22203,26142
115880,573,22440,26601
118232,560,22652,26572
118232,577,22743,26938
115102,569,22315,26284
115102,554,22132,26155
117028,590,22692,27326
117028,573,22425,26511
117028,553,22561,26492
117028,581,21792,25935
115398,542,21780,25664
115398,573,22643,26753
118209,561,22587,26539
118209,570,22792,26790
115562,574,22460,26529
115562,553,22173,26205
116546,594,22875,27502
116546,569,22857,26899
117006,561,23094,27101
117006,581,22505,26669
115639,540,22473,26347
115639,570,22868,26950
118210,560,23062,26989
118210,563,22705,26822
116065,572,22835,26837
116065,555,22185,26229
116602,563,22711,26715
116602,600,22552,27253
118691,549,22759,26660
118691,580,22855,27049
114620,563,22421,26389
114620,552,22908,26908
117268,563,23124,27132
117268,567,22718,26775
117488,565,23011,26900
117488,578,21986,26209
115157,580,22676,27235
115157,560,24671,28114
102784,579,23499,28030
102784,568,23243,27443
94661,538,23822,27673
94661,560,23736,27902
90857,533,23610,27482
90857,550,23398,27492
91082,563,23248,27257
91082,565,23375,27569
90132,551,23554,27396
90132,554,23398,27532
89166,566,23502,28004
89166,529,22952,26557
90600,587,23446,27969
90600,561,23575,27701
89649,544,23452,27449
89649,550,23200,27288
88924,547,23571,27485
88924,560,23446,27488
94178,588,24349,28426
94178,559,21715,25656
107056,562,22852,26876
107056,599,22918,27649
115101,556,23017,27008
115101,574,23231,27359
113491,559,22726,26652
113491,558,22591,26702
116383,559,23033,27004
116383,558,22810,26827
115824,569,23036,26999
115824,574,22137,26246
114937,548,22706,26650
114937,572,23035,27143
118232,561,22996,26986
118232,598,22880,27647
115101,566,22750,26777
115101,559,22422,26464
116065,552,22878,26807
116065,571,22892,27011
118634,546,23014,26928
118634,582,23138,27294
114434,565,22599,26493
114434,559,22891,26985
117488,590,23132,27701
117488,559,22746,26834
116547,558,23051,27006
116547,577,22166,26332
116121,534,22890,26768
116121,576,22903,27025
118154,550,23126,27063
118154,578,22984,27144
114138,566,22424,26254
114138,560,22806,27019
117028,560,23183,27049
117028,562,22969,27094
117190,590,22941,27455
117190,558,22209,25836
115398,567,21952,26445
115398,575,22554,26680
118932,548,22620,26470
118932,581,22504,26676
115343,568,22040,26023
115343,553,21590,25673
116787,562,22644,26567
116787,566,22489,26567
118875,584,22824,27374
118875,576,22505,26675
115157,557,21817,25740
115157,568,22759,26914
117488,554,22613,26582
117488,557,22649,26766
116064,564,23019,26875
116064,560,22201,26268
115824,562,22671,26690
115824,570,22595,26695
118450,588,22609,27145
118450,546,22827,26346
115343,590,22306,26872
115343,560,21981,26113
117028,545,22711,26512
117028,578,22533,26740
117913,549,22502,26376
117913,579,22267,26468
115157,551,21796,25595
115157,570,22728,26896
117750,560,22479,26350
117750,552,22516,26731
116306,593,22941,27511
116306,580,22040,26178
115583,538,22281,26194
115583,574,22662,26785
118714,544,22763,26582
118714,584,22727,26956
114916,562,22300,26232
114916,556,22314,26405
117028,562,22695,26607
117028,565,22477,26593
117750,571,22764,26786
117750,574,22043,26150
115639,566,22419,26854
115639,582,22698,26944
118713,542,22795,26601
118713,567,22575,26702
116065,566,22407,26337
116065,558,21888,26053
116603,560,22739,26636
116603,568,22491,26602
118932,587,22777,27365
118932,545,22696,26176
114455,593,22166,26777
114455,561,22645,26688
117269,548,22610,26494
117269,560,22644,26753
116546,567,22675,26713
116546,568,21576,25622
115879,548,22286,26162
115879,573,22576,26819
118450,560,22691,26641
118450,575,22575,26728
115102,596,21769,26311
115102,528,21945,25365
117269,587,22814,27431
117269,569,22637,26721
117488,548,22648,26502
117488,585,21843,26024
115102,539,22169,25963
115102,574,22496,26726
118232,559,22750,26587
118232,563,22574,26722
115824,597,22841,27480
115824,530,21934,25403
115846,572,22589,26994
115846,583,22637,26899
118153,542,22781,26645
118153,582,22673,26877
114193,557,21993,25850
114193,564,22966,27079
117510,561,22778,26770
117510,557,22752,26896
116546,574,23255,27146
116546,564,22590,26666
115583,581,22488,27060
115583,576,22772,26983
118932,546,22936,26772
118932,580,22763,26965
115343,560,22502,26424
115343,555,22179,26272
117269,559,22693,26607
117269,569,22498,26641
117913,563,22816,26682
117913,579,22144,26349
115398,568,21826,26187
115398,553,22042,25667
118691,580,22657,27222
118691,570,22420,26507
115880,564,21969,25970
115880,556,21760,25807
117084,557,22554,26468
117084,567,22406,26600
118691,551,22731,26577
118691,584,22803,27006
114675,563,22193,26154
114675,561,22802,26868
117268,587,22799,27399
117268,565,22626,26754
117028,553,22816,26703
117028,577,22244,26369
115638,542,22453,26407
115638,570,22554,26648
118473,557,22685,26537
118473,563,22636,26757
116306,570,22930,26949
116306,556,22232,26267
116361,590,22457,27067
116361,568,22591,26670
118714,539,22835,26671
118714,596,22706,27009
114455,556,22163,26024
114455,564,22589,26746
117510,555,22625,26505
117510,556,22561,26645
116547,578,22801,26889
116547,563,21973,26030
116120,580,22551,27081
116120,542,22474,25981
118450,591,22739,27326
118450,582,24615,28745
101096,535,23468,27322
101096,569,23369,27540
95655,547,22910,26789
95655,554,23235,27442
91324,540,23489,27352
91324,549,23462,27530
91324,561,23473,27512
91324,559,23439,27467
90374,573,23540,28159
90374,557,23135,27251
89208,535,23455,27324
89208,570,23171,27389
90615,544,23465,27319
90615,570,23252,27483
89649,537,23447,27354
89649,550,23176,27221
88682,550,23764,27694
88682,568,23711,27916
96334,570,24663,28621
96334,567,22951,27032
111322,582,23129,27663
111322,581,23066,27288
112527,563,22507,26422
112527,554,22284,26323
115639,552,22899,26834
115639,577,22497,26649
116547,563,22855,26772
116547,577,22477,26581
115157,578,22584,27104
115157,540,22721,26126
118153,589,22955,27624
118153,563,22789,26836
115824,564,22412,26361
115824,565,21980,26127
116306,551,22770,26695
116306,572,22633,26753
118875,544,22906,26693
118875,586,22922,27225
114434,564,22398,26313
114434,561,22848,26975
117510,587,22898,27435
117510,528,22910,26390
116525,598,23105,27722
116525,576,22380,26467
115343,533,22914,26727
115343,581,22857,27057
118473,552,23041,26975
118473,575,22925,27020
115102,569,22405,26399
115102,556,22352,26425
116788,561,23071,27023
116788,563,22956,27013
117970,585,23161,27715
117970,584,22750,26918
115178,543,22053,25935
115178,582,22739,26982
118473,544,23304,27121
118473,576,22990,27145
115342,569,22566,26604
115342,553,22187,26206
117084,563,23138,27051
117084,570,22866,27006
118175,587,23267,27886
118175,550,22917,26351
114696,569,22574,26947
114696,584,22798,27140
117991,544,22932,26778
117991,556,22984,27138
116306,567,23324,27195
116306,568,22621,26737
115879,554,22733,26644
115879,573,22827,26999
118691,577,23020,27456
118691,556,22954,26583
115398,588,22687,27161
115398,566,22758,27002
117028,543,23040,26815
117028,574,22661,26825
117488,561,22775,26764
117488,576,22069,26197
115639,544,22230,26028
115639,575,22459,26702
117991,562,22698,26599
117991,564,22728,26837
116362,592,22730,27325
116362,568,22014,26142
116142,552,22435,26357
116142,573,22633,26756
118954,539,22768,26549
118954,587,22663,26952
114937,566,22251,26169
114937,562,22538,26643
117509,564,22721,26645
117509,553,22662,26699
116787,578,22774,26845
116787,599,22087,26775
116121,539,22867,26782
116121,583,23075,27285
118932,547,22965,26824
118932,573,22898,27048
115398,566,22618,26546
115398,555,22463,26554
117028,567,23161,27087
117028,568,22994,27157
118451,584,23316,27813
118451,552,22816,26376
115157,580,22692,27171
115157,574,22839,27076
117991,548,22969,26843
117991,560,22868,26947
116306,567,22967,26975
116306,560,21973,26009
116065,559,22553,26446
116065,570,22650,26840
118932,553,22744,26667
118932,578,22985,27099
114620,587,22489,26993
114620,537,22351,25918
117488,589,22812,27172
117488,574,21841,26184
116305,557,23088,26926
116305,571,22232,26314
116361,553,22600,26594
116361,570,22726,26843
118932,556,22976,26788
118932,582,22825,27090
114675,566,22597,26506
114675,553,22701,26806
117566,586,22904,27483
117566,572,22767,26894
117005,554,22968,26853
117005,585,22206,26427
114915,538,22115,25943
114915,572,22897,27087
118450,559,22771,26647
118450,558,22741,26842
115638,575,23035,27026
115638,557,22436,26500
116305,585,22891,27458
116305,568,22804,26925
118473,550,23068,26987
118473,578,22852,26995
114400,562,22089,25975
114400,555,22663,26813
117509,561,23066,26989
117509,564,22792,26838
116787,572,22818,26854
116787,576,22218,26361
115157,549,22151,26062
115157,571,22734,26859
118473,574,22901,27352
118473,576,22531,26670
115605,562,22074,26069
115605,565,21970,26126
117084,557,22849,26768
117084,566,22535,26614
118955,546,22677,26549
118955,589,22827,27076
114696,565,22129,26034
114696,559,22617,26690
117510,587,22654,27246
117510,566,22643,26775
116305,555,22602,26443
116305,581,21819,26006
115397,542,22441,26360
115397,575,22613,26810
118690,554,22739,26492
118690,579,22862,27137
115156,568,22234,26212
115156,555,22184,26248
116788,579,22703,27130
116788,588,22403,26709
117487,544,22597,26367
117487,591,22064,26343
115157,543,21990,25860
115157,575,22107,26286
118473,555,22796,26689
118473,576,22805,26921
115101,568,22109,26087
115101,553,22314,26329
116065,563,22969,27684
116065,569,22672,26055
118692,575,22973,27480
118692,582,23068,27245
114696,561,23623,27470
114696,579,22912,27109
100613,536,23587,27536
100613,550,23387,27378
94223,565,23557,27601
94223,566,23343,27508
91824,547,23555,27507
91824,547,23374,27378
89891,586,23562,28226
89891,532,23486,26974
91083,577,23267,27834
91083,551,23401,27357
90116,543,23369,27379
90116,551,23377,27500
89408,554,23595,27558
89408,561,23474,27521
90373,553,23571,27591
90373,554,23534,27634
89649,570,23488,27999
89649,547,24452,28595
100854,589,23287,27239
100854,579,22766,26936
107297,558,22326,26256
107297,553,22689,26680
114400,558,23050,27057
114400,564,22737,26855
115824,569,23033,26979
115824,569,22347,26279
114861,552,22601,26652
114861,573,22863,27027
118210,588,22877,27472
118210,571,22959,27086
114159,566,22805,26802
114159,560,22769,26851
116546,549,23014,26869
116546,571,22563,26717
117969,557,22743,26592
117969,579,22231,26449
115157,549,22443,26295
115157,572,22533,26704
118473,560,22708,26640
118473,595,22810,27565
116065,569,22925,26958
116065,551,22222,26215
116603,551,22966,26891
116603,576,22961,27119
118473,547,23260,27188
118473,580,23070,27204
114455,565,22414,26246
114455,566,22964,27172
117750,565,23067,27016
117750,551,22871,26971
116547,600,23089,27652
116547,579,22556,26689
115901,545,22842,26796
115901,569,22903,27025
118473,544,22989,26848
118473,574,22918,27035
115584,573,22479,26489
115584,554,21880,25934
117084,561,22849,26749
117084,571,22625,26808
118692,578,22707,27201
118692,552,22962,26498
115157,581,22274,26744
115157,570,22740,26920
117751,552,22661,26588
117751,557,22649,26770
116306,572,23133,27051
116306,564,22027,26117
116086,555,22543,26415
116086,570,22565,26780
118691,587,22704,27266
118691,548,22885,26396
114620,587,22489,27031
114620,562,22695,26815
117246,548,23213,27098
117246,570,23007,27141
117487,560,22910,26854
117487,578,22442,26577
115638,544,22353,26198
115638,573,22904,27059
118690,562,22976,26965
118690,573,23001,27035
115101,572,22681,26801
115101,582,21867,26471
117028,557,22842,26806
117028,565,22851,26901
117431,559,22856,26762
117431,587,22317,26556
115101,545,22324,26220
115101,569,22780,26924
118691,559,22998,26831
118691,567,22840,26997
115824,573,22882,26925
115824,552,22387,26424
116306,586,22237,26819
116306,576,22464,26628
118875,547,22721,26620
118875,578,22762,26915
114861,559,22684,26578
114861,559,22815,26933
117750,561,23014,26927
117750,560,23008,27098
117028,573,23121,27094
117028,574,22133,26246
115638,575,22379,26931
115638,576,22775,26954
118932,537,23022,26775
118932,586,22889,27141
115102,560,22663,26576
115102,554,22471,26561
117269,560,22905,26796
117269,565,22885,27069
117007,570,22927,26909
117007,573,22108,26192
115343,579,22107,26702
115343,542,22518,25971
118691,589,22590,27195
118691,571,22643,26751
115157,554,22139,25980
115157,565,21847,26018
117028,556,22801,26726
117028,567,22596,26687
118209,561,22853,26701
118209,580,22313,26555
115397,580,21887,26338
115397,540,21887,25407
118691,585,22956,27563
118691,571,22853,26899
115397,567,22113,26137
115397,556,22282,26336
117325,553,22974,26922
117325,569,22727,26834
118932,556,23066,26941
118932,579,22875,27113
115157,557,22183,26040
115157,566,22783,26931
118288,596,22800,27428
118288,558,22446,26527
117269,560,22698,26650
117269,578,21984,26076
115879,537,22430,26287
115879,575,22610,26795
118932,554,22743,26665
118932,574,22659,26750
115584,572,22048,25994
115584,556,22257,26390
117084,562,22762,26729
117084,569,22649,26736
118932,568,22813,27211
118932,587,22667,26978
115157,554,22073,25865
115157,576,22720,26954
117991,551,22995,26832
117991,555,22851,27010
116546,571,23422,27371
116546,563,22426,26480
116065,559,23058,27688
116065,568,22985,26468
118691,582,23054,27575
118691,578,22979,27142
115102,552,22353,26163
115102,563,22108,26295
117028,557,22922,26868
117028,567,22812,26899
117488,566,23067,26970
115824,590,22455,26978
115824,538,22486,26092
116306,580,23204,27686
116306,548,22779,26308
118932,581,23221,27776
118932,583,22949,27149
114434,565,22206,26211
114434,551,23054,26980
117750,564,22715,26821
117750,549,22798,26737
116546,584,23175,27464
116546,545,22491,26159
116120,574,22687,27089
116120,557,22560,26305
118691,568,22758,27088
118691,594,22763,27125
114696,554,22354,26212
114696,564,22544,26699
117806,554,22938,26875
117806,596,24403,28463
106815,562,23352,27410
106815,551,23137,27217
96110,542,23514,27455
96110,549,23411,27479
93257,591,23493,28149
93257,528,23341,26770
91099,569,23528,28063
91099,548,23842,27879
89649,548,23974,27988
89649,563,23747,27868
90857,550,23513,27442
90857,562,23575,27710
89692,544,23568,27486
89692,548,23525,27628
89891,556,23621,27626
89891,561,23291,27413
90659,573,23644,28135
90659,564,23265,27480
90857,570,24593,28482
90857,580,21606,25775
105921,534,22006,25850
105921,572,22608,26730
114696,558,22744,26723
114696,578,22863,27022
113491,566,22192,26129
113491,555,22408,26468
116362,564,22773,26701
116362,568,22629,26772
118451,572,22791,27233
118451,587,22657,26914
114696,550,21790,25600
114696,572,22560,26762
117750,557,22356,26321
117750,556,22545,26675
116547,571,23052,26989
116547,569,22195,26230
116121,551,22491,26429
116121,572,22645,26842
118955,583,22806,27327
118955,573,22606,26694
115363,563,22522,26544
115363,555,21834,25855
116568,554,22996,26927
116568,571,22748,26908
118954,546,22930,26799
118954,583,23078,27229
115178,564,22326,26292
115178,564,23095,27189
117991,587,23125,27699
117991,550,22938,26922
117028,570,23148,27209
117028,573,22356,26414
116361,543,22604,26595
116361,567,22891,26932
119172,558,22910,26862
119172,576,22817,26973
115398,568,22368,26349
115398,557,21883,25895
116787,562,22722,26710
116787,567,22650,26793
118634,580,22777,27278
118634,583,22851,26990
115157,555,22121,26032
115157,566,22822,26996
118209,551,22708,26640
118209,554,22697,26715
117006,574,22871,26842
117006,576,22057,26203
115397,548,22534,26435
115397,569,22610,26720
118473,583,22777,27343
118473,574,22371,26499
115583,557,22033,25912
115583,601,20259,24447
117325,555,21697,25551
117325,566,22698,26857
117028,573,23199,27202
117028,580,22122,26169
115638,552,22075,26021
115638,573,22535,26683
118473,591,22825,27364
118473,568,22543,26580
115583,571,22152,26190
115583,563,21867,25957
116787,555,22626,26589
116787,573,22623,26702
118692,549,22779,26648
118692,589,23241,27449
114696,564,22625,26531
114696,570,23104,27196
117750,564,23105,27095
117750,592,22948,27650
116787,561,23313,27233
116787,587,22659,26837
115879,539,22903,26786
115879,580,22928,27074
118932,555,23045,26965
118932,581,23034,27193
115639,572,22431,26361
115639,560,22442,26527
117084,592,23092,27666
117084,539,22893,26339
117750,588,23099,27618
117750,587,22661,26875
115178,543,21934,25668
115178,588,22616,26981
117991,549,22703,26505
117991,556,22620,26810
116547,577,23169,27103
116547,571,22157,26224
115660,557,22632,26609
115660,573,22745,26864
118955,587,22755,27287
118955,580,22700,26876
115157,557,22150,25963
115157,572,22457,26683
117084,550,23022,26880
117084,574,22927,27083
117510,566,23095,27018
117510,585,21932,26084
115715,551,22095,26016
115715,576,22725,26840
118714,584,22856,27370
118714,552,22680,26199
115102,593,22323,26915
115102,567,21909,26023
117325,555,22729,26697
117325,570,22726,26804
117509,562,23056,26930
117509,582,22178,26368
115178,551,22295,26171
115178,574,22709,26829
118714,561,22909,26828
118714,573,22860,26988
115584,602,22181,26874
115584,559,22225,26248
117028,556,23068,26987
117028,573,22993,27091
118691,546,23018,26817
118691,589,22989,27213
114937,561,21948,25860
114937,574,23256,27443
117991,562,23053,26959
117991,555,22947,27030
116306,598,23269,27861
116306,586,22375,26553
116065,537,23017,26890
116065,584,22975,27221
118932,542,23081,26812
118932,590,22939,27200
115639,565,22149,26005
115639,559,22192,26358
117325,565,22851,26714
117325,568,22532,26747
117969,592,22814,27290
117969,560,22076,25688
115397,560,22166,26434
115397,594,22441,26794
118232,549,22726,26601
118232,572,22751,26864
116065,572,22571,26494
116065,561,22340,26446
116064,562,22740,26699
116064,571,22786,26802
118955,588,22885,27490
118955,555,22808,26469
114937,592,22011,26459
114937,567,22705,26821
117510,552,22824,26730
117510,558,22989,27028
116306,572,23305,27345
116306,576,21928,25946
115901,554,22167,26078
115901,576,22674,26954
118714,560,22685,26617
118714,574,22801,26920
115584,589,22225,26760
115584,565,21773,25906
116843,553,22707,26655
116843,570,22668,26753
118691,541,22782,26599
118691,588,22467,26716
114937,561,22470,26360
114937,561,22725,26827
117750,561,23226,27167
117750,602,24284,28448
103527,547,23169,27091
103527,548,23558,27681
95143,584,23588,28228
95143,568,23555,27691
92307,536,23701,27489
92307,567,23220,27470
90175,528,23775,27636
90175,569,23582,27739
91582,552,23689,27636
91582,562,23415,27536
90175,546,23731,27624
90175,550,23472,27617
89649,583,23536,28145
89649,570,23424,27518
90373,544,23255,27206
90373,561,23124,27278
89451,524,23529,27308
89451,565,23462,27755
93015,578,24342,28149
93015,559,22182,26349
108503,563,22643,26639
108503,558,22468,26497
113471,574,23277,27265
113471,571,22014,26144
114214,578,22578,27094
114214,547,22616,26173
117991,578,22930,27419
117991,583,22626,26837
115157,557,22247,26143
115157,557,21958,26030
116844,558,22798,26788
116844,572,22624,26668
118691,556,22861,26776
118691,583,22674,26860
114455,599,21690,26255
114455,563,22748,26832
118288,560,22530,26526
118288,548,22538,26574
116787,561,23092,27026
116787,575,22402,26463
116065,548,22634,26636
116065,569,22602,26719
118393,558,22947,26827
118393,579,22896,27068
114620,570,22269,26190
114620,556,22339,26475
117028,591,22827,27428
117028,570,22591,26673
117913,551,22719,26577
117913,587,21976,26229
115639,534,22065,25823
115639,579,22217,26465
118232,557,22579,26498
118232,560,22687,26736
116788,570,22871,26850
116788,560,22339,26378
116121,590,22507,27215
116121,537,22611,26032
118691,573,22715,27141
118691,587,22802,27040
115824,556,22310,26192
115824,560,21767,25906
117325,558,22923,26786
117325,570,22986,27151
117488,568,23081,27078
117488,578,22115,26216
115639,570,22222,26619
115639,549,22258,25908
118472,583,22814,27319
118472,569,22453,26550
115824,563,22294,26295
115824,561,21960,26045
116327,554,22889,26793
116327,571,22641,26796
118932,549,22944,26775
118932,586,22903,27085
114696,564,22394,26358
114696,563,22680,26802
117509,585,22865,27422
117509,564,22744,26830
116788,566,22915,26961
116788,570,22067,26073
115660,540,22532,26436
115660,576,22660,26839
118932,559,22821,26693
118932,579,22664,26841
115157,569,22269,26196
115157,557,22256,26364
117084,593,22779,27407
117084,531,22695,26129
117750,583,22882,27341
117750,676,21836,26027
115419,542,21044,24985
115419,697,22515,26711
116547,562,20908,24796
116547,580,21538,25697
115398,548,22017,25883
115398,571,22565,26707
118473,561,22835,26787
118473,561,22824,26909
116546,592,22961,27529
116546,568,22003,26065
116383,548,22368,26273
116383,584,22930,27187
118692,541,23192,26977
118692,586,23272,27564
114916,560,22878,26728
114916,566,23115,27263
117750,562,23177,27098
117750,554,23146,27271
117028,596,23459,28029
117028,580,22556,26709
116065,534,22854,26717
116065,579,22950,27158
118713,551,23140,26989
118713,582,23042,27229
114861,559,22163,25989
114861,561,22636,26852
117028,560,22993,26885
117028,564,23049,27192
117247,572,23027,27009
117247,572,22211,26291
115343,572,22403,26908
115343,579,22916,27118
118691,551,23248,27132
118691,578,23012,27182
115135,561,22166,26068
115135,558,22122,26197
117246,562,23232,27207
117246,566,22970,27053
117486,566,23136,27104
117486,579,22274,26444
115156,581,21927,26507
115156,538,22489,25918
118450,583,22880,27426
118450,571,22613,26700
115879,561,22286,26276
115879,557,21931,25977
116602,559,22824,26770
116602,572,22544,26689
118932,554,22949,26820
118932,580,22608,26762
114455,594,22225,26815
114455,535,23208,26645
117751,590,23226,27834
117751,554,23181,27149
116064,563,23334,27326
116064,580,22579,26712
115343,540,22646,26587
115343,573,23155,27275
118714,559,23091,27068
118714,578,23276,27378
115343,568,22722,26729
115343,554,21847,25835
117566,591,22986,27631
117566,539,22948,26431
118450,581,23181,27717
118450,577,23171,27297
115156,554,22342,26236
115156,570,23296,27450
118232,554,23002,26904
118232,554,22665,26727
117028,574,22910,26949
117028,571,22314,26345
116142,589,22462,27095
116142,535,22623,26014
118932,583,22721,27321
118932,580,22669,26838
115880,561,22213,26148
115880,556,21998,26024
117084,557,22691,26699
117084,567,22470,26520
117969,564,22828,26764
117969,579,22059,26237
114861,582,21944,26388
114861,541,22091,25638
118691,591,22706,27354
118691,562,22703,26781
116305,565,22385,26346
116305,560,21955,26041
116843,550,22695,26612
116843,575,22482,26616
119172,548,22699,26622
119172,583,23010,27165
115157,572,22338,26230
115157,595,23895,28034
103991,556,22878,26806
103991,552,23477,27586
94902,565,23619,28149
94902,561,23565,27733
92729,543,23579,27471
92729,570,23630,27795
91083,539,23563,27476
91083,550,23427,27528
89407,555,23704,27570
89407,567,23473,27698
91082,555,23262,27171
91082,552,23611,27755
89633,570,23621,28201
89633,521,23502,27645
90555,582,23572,27477
90555,566,23516,27689
89890,535,23639,27521
89890,552,23462,27577
97540,579,24147,28110
97540,562,22451,26564
109154,570,22998,26911
109154,580,22312,26427
112527,550,22400,26358
112527,571,22734,26858
117268,582,22830,27360
117268,574,22416,26465
115343,563,21985,25994
115343,556,21679,25748
116546,557,22655,26636
116546,570,22704,26780
117432,560,22925,26865
117432,578,22703,26905
115157,594,21954,26418
115157,530,22781,26258
117750,591,22759,27368
117750,555,22527,26656
116546,562,23063,26984
116546,577,22083,26179
116065,539,22058,25945
116065,574,22487,26635
118691,555,22700,26620
118691,579,22779,26945
115824,569,22161,26136
115824,554,22418,26436
117028,589,22657,27229
117028,544,22382,25897
119173,572,22872,27342
119173,585,22608,26821
115157,550,21885,25642
115157,573,22462,26724
118047,557,22769,26624
118047,555,22485,26674
116547,572,22963,26921
116547,565,22136,26189
115901,555,22593,26565
115901,570,22605,26715
118932,578,22761,27257
118932,587,22508,26807
115343,558,22037,25886
115343,564,21768,25916
117566,550,22563,26459
117566,571,22404,26523
118691,552,22784,26641
118691,584,22609,26893
114937,559,22238,26060
114937,570,22790,26973
118266,591,23092,27656
118266,561,22969,27052
116546,561,23252,27216
116546,574,22391,26442
115879,548,22449,26472
115879,568,22707,26754
118450,555,22936,26825
118450,579,22967,27119
115102,568,22066,26050
115102,554,22345,26429
116788,592,22662,27262
116788,528,22493,25920
116546,609,22916,27626
116546,574,21901,25981
115396,535,21967,25770
115396,581,22633,26830
118449,551,22681,26546
118449,568,22623,26744
116306,570,22610,26602
116306,559,22167,26232
116306,563,22911,26807
116306,569,22787,26926
118875,586,23139,27727
118875,553,23013,26551
114641,576,22336,26740
114641,567,23101,27301
117269,551,23072,26967
117269,565,22935,27029
116950,568,22938,26863
116950,577,21951,26136
115342,546,22483,26303
115342,575,22502,26750
118691,592,22727,27273
118691,569,22553,26689
116043,561,22328,26248
116043,559,21747,25827
116546,555,22734,26705
116546,572,22574,26691
118875,546,22818,26636
118875,585,22789,27036
114434,566,21911,25835
114434,559,22721,26774
117728,570,22761,26781
117728,555,22635,26695
117247,593,22981,27492
117247,583,22147,26348
115879,542,22384,26309
115879,574,22592,26681
118932,552,22756,26572
118932,566,22714,26878
116305,572,22471,26483
116305,582,22112,26635
116546,545,22979,26492
116546,568,22827,26923
118635,573,22926,27431
118635,561,23069,26731
114379,589,22596,27134
114379,557,23109,27144
117509,554,22829,26704
117509,565,22961,27124
116547,574,23116,27103
116547,570,22162,26224
115880,552,22814,26808
115880,572,22788,26917
118210,592,22753,27337
118210,564,22870,26900
116120,564,22453,26430
116120,563,21692,25801
116843,553,22587,26512
116843,563,22571,26620
118691,552,22803,26692
118691,585,22718,26906
114455,566,21963,25940
114455,563,22679,26747
117750,563,22652,27317
117750,590,22520,26509
117028,563,22907,26860
117028,576,22196,26293
116120,543,22482,26439
116120,578,22457,26623
118713,554,22819,26744
118713,573,22608,26640
115583,568,22152,26150
115583,559,21785,25888
116602,561,22654,26606
116602,569,22486,26567
118955,585,22742,27386
118955,577,22687,26821
114455,565,21922,25847
114455,546,22428,26378
117807,561,22580,26573
117807,566,22480,26631
116546,575,22900,26899
116546,568,21995,25933
115879,555,22717,26759
115879,573,22829,26959
118450,589,22984,27543
118450,572,22539,26670
115102,565,21938,25905
115102,564,21820,25889
117084,556,22799,26768
117084,569,22589,26664
118692,552,23023,26869
118692,582,22950,27185
114916,556,22446,26304
114916,569,22782,26920
117991,587,22869,27421
117991,525,22788,26268
116788,597,23070,27688
116788,573,22061,26067
115584,535,22192,26044
115584,585,22808,27084
118634,552,23038,26884
118634,578,22811,27034
115102,565,22146,26064
115102,556,22219,26286
117006,564,22776,26734
117006,560,22525,26624
115343,623,24688,29296
115343,539,22384,25925
101095,587,23121,27645
101095,566,23373,27504
94402,533,23148,26968
94402,558,23300,27448
90841,540,23659,27542
90841,570,23501,27732
91807,554,23565,27480
91807,562,23477,27606
90600,545,23461,27401
90600,548,23164,27308
89407,578,23689,28191
89407,567,23379,27591
90615,549,23482,27359
90615,561,23381,27474
89649,540,23523,27501
89649,551,23298,27369
88924,548,23550,27532
88924,572,24653,28655
101096,567,22638,26647
101096,574,22472,26572
108966,615,22661,27348
108966,527,21271,24739
114455,585,22654,27158
114455,580,22505,26711
117269,543,22769,26557
115639,568,22394,26293
115639,564,21889,26223
115660,558,22705,26443
115660,574,22707,27106
118473,556,23013,26868
118473,580,23012,27174
114455,569,22286,26251
114455,564,22763,26857
117028,564,22683,26860
117028,568,22745,27137
117084,561,23047,26807
117084,577,22262,26577
115879,575,22756,27174
115879,544,22696,26342
119172,560,22653,26519
119172,584,22811,27065
115638,569,22258,26219
115638,553,22277,26326
117324,590,22498,27114
117324,566,22513,26590
117028,561,22663,26669
117028,577,22101,26192
115178,542,21944,25805
115178,570,22632,26760
118232,560,22635,26565
118232,563,22600,26651
116305,574,22667,26765
116305,558,22322,26352
116602,593,22845,27471
116602,569,22807,26893
118932,537,23145,26936
118932,587,23099,27353
114641,556,22522,26329
114641,563,23069,27270
118232,562,23087,26972
118232,556,23106,27180
116306,579,23466,27485
116306,560,22668,26661
115901,588,22507,27136
115901,574,22863,27042
118415,548,23055,26883
118415,581,22865,27128
114937,558,22334,26194
114937,562,22572,26704
117269,557,23061,26978
117269,560,22862,26972
116732,570,23032,26998
116732,575,22120,26238
115584,549,22017,25928
115584,602,22631,27384
118932,560,22717,26749
118932,571,22637,26715
115343,559,21821,25723
115343,553,21741,25768
117269,562,22650,26659
117269,566,22575,26621
117672,566,22796,26811
117672,578,21993,26107
115879,551,21982,25846
115879,570,22501,26653
118450,592,22818,27480
118450,562,22722,26748
115801,570,22046,26137
115801,547,21864,25781
116764,553,22763,26690
116764,573,22561,26712
118635,547,22870,26792
118635,585,23001,27021
114674,557,22446,26462
114674,568,23078,27152
118210,592,22896,27561
118210,524,22947,26418
116765,593,23334,27877
116765,572,22414,26413
116361,539,22605,26578
116361,576,22952,27098
118691,555,23121,27044
118691,578,23260,27450
115398,568,22622,26561
115398,554,22462,26439
117324,566,23314,27375
117324,565,22949,27036
117970,591,22937,27510
117970,576,21875,26003
115178,540,22029,25862
115178,580,22014,26228
118932,554,22828,26754
118932,569,22594,26622
116099,572,22219,26239
116099,557,22015,26084
116843,565,22700,26700
116843,568,22641,26702
119173,581,22798,27314
119173,556,22705,26325
114696,585,21934,26382
114696,568,22645,26773
117991,560,22674,26642
117991,553,22671,26667
116546,577,22753,26812
116546,571,22079,26119
115584,551,22180,26145
115584,572,22667,26781
118473,592,22724,27315
118473,543,22725,26172
115102,589,22117,26685
115102,563,21732,25848
117269,554,22563,26529
117269,570,22503,26545
117751,561,22852,26673
117751,581,22101,26370
115660,546,22080,25905
115660,576,22273,26470
118472,590,22546,27096
118472,535,22588,26041
115824,598,22612,27248
115824,559,22321,26399
116305,550,23029,26877
116305,579,22941,27097
118634,545,23075,26988
118634,579,23038,27228
114379,563,22506,26319
114379,564,22888,27077
117728,562,23126,27076
117728,551,22887,26968
116524,602,23154,27829
116524,578,22469,26514
116064,546,22738,26683
116064,578,22903,27074
118394,547,23279,27155
118394,577,23153,27294
115081,560,22635,26524
115081,558,22166,26300
117006,564,22723,26667
117006,566,22608,26695
117432,593,22742,27350
117432,549,22124,25649
114861,574,22164,26583
114861,580,22108,26307
118153,557,22655,26617
118153,558,22721,26686
116284,570,22334,26401
116284,557,21833,25930
116843,564,22664,26561
116843,568,22557,26662
119173,585,22688,27258
119173,548,22748,26254
115156,591,22331,26882
115156,571,22716,26893
117969,552,22934,26805
117969,557,22931,27098
116306,565,23446,27395
116306,566,22501,26489
116065,551,22296,26206
116065,575,22948,27173
119115,553,23020,26908
119115,582,23072,27229
115156,592,22232,26834
115156,530,22735,26198
117510,586,22897,27402
117510,593,24214,28313
107108,551,22696,26656
107108,562,23213,27371
96092,532,23613,27492
96092,548,23502,27641
93257,559,23652,27513
93257,566,23480,27680
91324,546,23327,27266
91324,549,23293,27433
89890,579,23693,28211
89890,567,23441,27659
90840,546,23115,26946
90840,564,23536,27793
89933,524,23660,27505
89933,560,23577,27655
90841,556,23599,27621
90841,564,23539,27665
89891,544,23517,27369
89891,550,23307,27453
86806,1005,20288,24851
86806,1382,9453,13660
75156,997,11326,15432
75156,987,14436,18641
71069,895,17302,21246
71069,510,3857,8161
70839,528,2464,6673
70839,524,2363,6447
70353,509,2262,6293
70353,517,2308,6377
70110,508,2311,6322
70110,524,2323,6418
69867,505,2240,6258
69867,519,2270,6338
69867,527,2223,6381
69867,524,2340,6418
69867,508,2224,6255
69867,521,2373,6436
69625,508,2439,6462
69625,520,2282,6359
69625,506,2241,6263
69625,519,2290,6369
69625,529,2231,6399
69625,525,2310,6400
69625,503,2233,6241
69625,519,2320,6401
69625,503,2269,6279
69625,520,2258,6345
69625,511,2256,6290
69625,516,2217,6283
69625,529,2244,6399
69625,522,2284,6356
69625,507,2235,6261
69625,517,2227,6304
69625,505,2341,6357
69625,521,2279,6360
67243,511,2367,6378
67243,522,2313,6392
57131,530,2180,6341
57131,524,2341,6430
53240,501,2182,6172
53240,524,2277,6379
51808,503,2245,6244
51808,524,2393,6482
51322,508,2327,6357
51322,517,2259,6324
51079,528,2217,6382
51079,522,2358,6438
51086,505,2167,6175
51086,520,2273,6357
51086,508,2354,6374
51086,523,2311,6390
51086,525,2212,6364
51086,497,2256,6195
51086,530,2309,6481
51086,523,2370,6444
51086,503,2289,6287
51086,522,2372,6463
51086,504,2305,6322
51086,523,2350,6449
51086,506,2444,6461
51086,515,2199,6255
51086,534,2270,6460
51086,520,2229,6296
51086,508,2279,6307
51086,515,2263,6311
51112,508,2366,6398
51112,521,2255,6330
50842,511,2208,6257
50842,509,2170,6203
50842,535,2169,6354
50842,524,2337,6426
50842,503,2010,6008
50842,518,2222,6294
50842,510,2104,6142
50842,520,2231,6309
50842,507,2219,6237
50842,516,2150,6209
50842,530,2139,6307
50842,520,2097,6178
50842,508,2038,6068
50842,513,1899,5939
50842,510,1976,6007
50842,521,2154,6233
50842,507,2389,6418
50842,515,2366,6422
50842,530,2329,6503
50842,520,2267,6354
50842,509,2299,6318
50842,515,2456,6515
49869,524,2454,6489
49869,521,2295,6373
49139,508,2273,6304
49139,513,2021,6067
48896,534,2270,6461
48896,520,2309,6367
48896,505,2284,6293
48896,522,2419,6511
48896,508,2408,6429
48896,521,2300,6370
48653,505,2402,6416
48653,518,2040,6117
48653,530,2218,6374
48653,522,2334,6429
48653,506,2151,6162
48653,518,2146,6226
48653,507,2103,6119
48653,520,2109,6183
48653,509,2326,6351
48653,517,2344,6412
48653,530,2408,6577
48653,518,2324,6393
48653,509,2327,6362
48653,515,2282,6341
48653,509,2249,6285
48653,518,2424,6469
48653,509,2317,6358
48653,517,2382,6453
48653,533,2391,6559
48653,522,2402,6480
48653,506,2412,6435
48653,517,2303,6385
48653,504,2201,6213
48653,519,2309,6392
48653,508,2291,6322
48653,514,2371,6437
48653,532,2445,6626
48653,491,2411,6483
48653,534,2337,6366
48653,515,2390,6458
48653,505,2370,6379
48653,524,2388,6482
48653,505,2420,6446
48653,516,2414,6477
48653,530,2342,6502
48653,521,2258,6353
48653,506,2312,6320
48653,519,2389,6468
48653,508,2409,6433
48653,521,2432,6518
48653,506,2363,6367
48653,520,2375,6470
48653,526,2393,6540
48653,522,2576,11387
34136,499,2417,13976
34136,527,2401,14261
26363,513,2301,14048
26363,518,2416,14095
23692,516,2265,14011
23692,505,2306,13901
22471,516,2364,14127
22471,535,2401,14325
21982,496,2395,13934
21982,529,2398,14286
21982,517,2336,14118
21982,506,2348,13911
21738,522,2368,14202
21738,502,2304,13850
21738,519,2298,14105
21738,532,2233,14087
21738,500,2305,13871
21738,529,2407,14290
21738,514,2376,14119
21738,513,2415,14055
