nvml:nvidia_geforce_gtx_970_0,rapl:ram,rapl:cores,rapl:pkg
21729,701,5911,17692
21729,538,2131,14109
21738,495,1985,13457
21738,529,1909,13807
21982,516,1947,13711
21982,506,1859,13457
21982,516,1832,13620
21982,508,1819,13441
21982,520,1954,13743
21982,530,1882,13750
21738,498,1877,13412
21738,534,1823,13743
21738,517,1890,13662
21738,505,1945,13536
21738,517,1942,13746
21738,521,1818,13613
21738,504,1901,13486
21738,528,1819,13703
21738,500,1866,13441
21738,516,1950,13686
21738,529,1875,13782
21738,504,2021,13576
21738,523,1857,13718
21738,498,1796,13316
21738,520,1902,13724
21738,530,1804,13706
21738,492,1866,13353
21738,532,1842,13778
21738,516,1968,13699
21738,505,1902,13479
21982,519,1871,13697
21982,506,1988,13570
21982,541,2078,14038
21982,514,1849,13582
21982,513,1822,13539
21982,509,1805,13491
21982,509,1885,13510
21982,513,1797,13507
21982,514,1911,13602
21982,529,1880,13778
21982,519,1885,13644
21982,513,1863,13571
21982,510,1855,13540
21982,515,1910,13631
21982,513,1855,13541
21982,511,1822,13526
21982,509,1806,13488
21982,513,1811,13522
21982,536,1858,13825
21982,514,1830,13558
18323,497,1873,13394
18323,528,1865,13729
18323,513,1860,13529
18323,513,1821,13551
18323,509,1797,13477
18323,512,1826,13533
18323,512,1874,13574
18323,532,1805,13760
18323,512,1859,13553
18323,510,1810,13497
18323,512,1868,13557
18323,513,1877,13590
18323,509,1864,13530
18323,513,1798,13523
18323,537,1887,13865
18323,512,1802,13523
18323,508,1824,13484
18323,513,1801,13512
18323,512,1868,13542
18323,513,1835,13547
18323,520,1882,13660
18323,507,1829,13432
18323,533,1947,13909
18323,514,1829,13545
18323,511,1850,13546
18323,508,1818,13475
18323,518,1919,13639
18323,509,1822,13500
18323,517,2017,13725
18323,514,2023,13693
18323,539,1900,13910
18323,491,1817,13255
18323,532,1799,13755
18323,509,1859,13530
18323,513,1856,13553
18323,515,1840,13546
18323,511,1795,13478
18323,511,1807,13486
18323,537,1868,13883
18323,511,1816,13505
18078,515,1865,13599
18078,509,1978,13597
18078,516,1943,13647
18078,512,1802,13523
18078,511,1859,13554
18078,513,1810,13502
18078,513,1854,13549
18078,515,1780,13515
18078,535,1849,13817
18078,509,1904,13570
18078,512,1852,13547
18078,516,1966,13673
18078,511,1849,13541
18078,507,1865,13530
18078,532,1886,13829
18078,514,1863,13588
18078,511,1808,13516
18078,508,1871,13517
18078,515,1862,13586
18078,512,1895,13589
18084,521,1893,13710
18084,504,1908,13483
18084,538,1851,13821
18084,512,1845,13556
18084,513,1787,13500
18084,507,1813,13460
18084,513,1849,13531
18084,513,1850,13563
18084,514,1878,13576
18084,533,1816,13785
18084,513,1866,13566
18084,514,1802,13520
18084,511,1817,13495
18084,511,1823,13510
18084,509,1928,13597
18084,514,1815,13551
18084,513,1827,13554
18084,509,1804,13484
18084,532,1930,13877
18084,493,1791,13561
18084,511,1843,13289
18084,531,1925,13812
18084,514,1935,13626
18084,513,1833,13539
18084,526,1818,13701
18084,517,1820,13592
18084,514,1860,13561
18084,512,1831,13553
18084,501,1858,13438
18084,522,1875,13685
18084,523,1994,13639
18084,516,1881,13611
18084,515,1858,13550
18084,510,1864,13548
18084,542,1950,13934
18084,513,1889,13608
18084,511,1808,13516
18084,513,1868,13538
18084,514,1907,13587
18084,513,1817,13531
18084,517,1951,13750
18084,524,1867,13690
18084,496,1886,13371
18084,528,1869,13766
18084,515,1828,13555
18084,513,1937,13666
18084,513,1912,13570
18084,513,1807,13541
18084,515,2118,13786
18084,513,1989,13692
18084,590,11023,22477
18084,646,21047,33401
18084,567,21111,32182
18084,937,18916,30797
18084,697,18797,30479
18084,687,17122,28811
18084,594,21098,33405
18084,613,21558,33325
18084,733,18249,30023
18084,557,5670,17061
18038,620,47596,59180
18038,648,41210,53043
18038,627,21413,33123
18038,798,19662,31399
18038,738,20378,32610
18038,645,21185,33173
18038,600,21362,32917
18038,1138,20784,32533
24139,763,20828,29301
24139,1044,20431,24915
39673,1022,20609,24593
39673,1064,20341,24717
45491,1026,20266,24351
45491,1065,20298,24433
47916,1017,20221,24782
47916,1065,20148,24021
48889,1026,19284,23744
48889,1078,20037,24576
49132,1035,20321,24279
49132,1071,20045,24356
49132,1192,20420,24349
49132,1042,20149,24621
49132,1031,20598,24566
49132,1056,20309,24662
49132,1051,20182,24843
49132,1213,20168,24378
49382,1035,20082,24120
49382,985,20392,24698
49382,1122,20100,24082
49382,1043,20060,24485
49375,923,20396,24402
49375,877,23470,27756
49350,935,20400,24891
49350,919,20286,24132
62841,608,20039,23943
62841,565,19937,24057
74342,584,21144,25696
74342,576,21846,25929
77477,545,20979,24884
77477,577,20543,24710
82749,564,21446,25386
82749,568,21180,25281
92548,558,21828,25774
92548,577,20934,25024
103025,570,21026,25005
103025,580,21181,25229
110674,564,21412,25341
110674,594,22096,26840
112527,561,22466,26413
112527,577,21338,25424
112527,541,21917,25839
112527,579,22001,26158
115583,552,22015,25932
115583,582,21826,26019
111563,562,21667,25482
111563,569,22250,26427
114882,563,21941,25824
114882,577,22614,26807
112955,597,21662,26231
112955,562,21268,25396
113973,555,22464,26373
113973,570,22316,26437
116525,541,22330,26136
116525,592,22456,26766
112768,563,21471,25298
112768,564,21923,26081
115879,562,22247,26135
115879,556,21910,26059
114193,575,22182,26208
114193,585,21315,25367
113973,585,21373,25910
113973,578,21898,26065
116306,539,22443,26267
116306,583,22548,26718
112527,563,21675,25554
112527,566,22514,26607
115824,564,22439,26461
115824,555,22328,26412
114455,573,22845,26806
114455,599,21412,26123
114455,551,21578,25531
114455,596,22019,26239
116306,549,21356,25230
116306,582,21745,25919
113545,549,21257,25048
113545,571,22128,26318
116362,562,22108,26021
116362,556,22151,26266
114696,575,22273,26236
114696,555,21314,25373
114696,593,22041,26585
114696,582,21948,26162
117269,548,22245,26124
117269,598,22378,26549
112548,558,20986,24776
112548,567,22325,26471
115901,563,22152,26059
115901,556,22315,26489
114434,576,22719,26709
114434,553,21841,26468
114214,593,22110,26047
114214,547,22302,25864
116546,574,22587,27086
116546,585,22763,26944
113063,553,21706,25561
113063,598,22761,27054
116843,552,21197,25022
116843,577,21791,25867
113250,577,21208,25232
113250,562,21089,25151
115419,565,22491,26435
115419,554,22398,26528
114937,604,22712,27371
114937,575,21758,25748
113786,541,21774,25668
113786,585,22043,26241
117325,552,21857,25733
117325,597,22436,26589
113063,569,21037,24959
113063,557,21517,25606
115879,566,22128,26115
115879,595,21846,26519
114861,566,22023,26104
114861,574,21232,25261
113732,546,21614,25539
113732,570,21994,26037
117268,562,21906,25951
117268,575,22193,26273
113084,570,21621,25571
113084,580,21467,25509
115901,563,21398,25376
115901,556,22256,26321
114861,600,22527,27165
114861,568,21629,25595
114214,553,22088,26104
114214,577,22127,26291
117247,545,22606,26442
117247,581,22518,26647
113250,570,21300,25281
113250,560,22045,26117
116120,567,22101,26099
116120,565,22158,26122
113951,596,21508,26226
113951,556,21285,24697
114433,584,21916,26456
114433,571,22340,26426
117006,550,22311,26248
117006,588,22569,26817
113250,560,21729,25576
113250,568,22054,26125
116546,563,22126,26132
116546,567,22404,26471
114193,598,22692,26740
114193,570,20848,24904
115157,613,21388,25977
115157,565,21980,26066
114937,564,22366,26332
114937,577,21752,25830
113973,543,21465,25361
113973,571,22002,26125
117028,563,22540,26489
117028,576,22591,26676
113491,571,21780,25786
113491,554,21547,25570
115660,591,22115,26679
115660,581,22145,26319
114214,575,21482,25406
114214,590,21804,25885
114937,550,21170,25167
114937,571,21612,25704
117028,549,22017,25953
117028,584,22454,26572
112527,562,21457,25348
112527,566,22193,26309
116121,563,22438,26398
116121,554,22130,26237
114937,597,22596,27192
114937,585,21664,25755
114696,564,20841,24767
114696,572,21771,25886
117325,544,22471,26327
117325,586,22456,26665
113063,563,21771,25658
113063,568,22386,26493
116142,562,22449,26407
116142,553,22373,26495
114916,601,22720,27363
114916,569,21410,25407
114696,549,21943,25857
114696,588,22356,26558
116546,561,21515,25292
116546,585,21353,25596
113786,550,20920,24789
113786,576,21577,25755
116843,562,21908,25784
116843,571,21920,26090
114455,574,21651,25682
114455,555,21348,26048
115178,587,21998,25870
115178,575,21830,26028
116788,541,22038,25854
116788,620,23983,28184
103267,574,21894,25859
103267,563,21781,25838
93740,548,22865,26785
93740,550,22697,26831
90132,563,23056,27054
90132,562,23007,27126
89407,585,22949,27512
89407,555,22661,26743
88241,529,22967,26754
88241,578,22720,26987
89407,554,22834,26747
89407,569,22945,26957
88483,564,22125,26141
88483,552,22783,26888
87516,560,23478,27405
87516,562,23028,27171
88924,582,22963,27536
88924,561,22857,26985
91340,557,24370,28242
91340,583,21830,26047
108262,548,22228,26034
108262,578,22091,26211
110379,570,21342,25355
110379,560,21053,25032
114675,592,21537,25531
114675,557,21928,26026
113973,602,22501,27126
113973,568,21248,25297
114455,551,21985,25854
114455,584,22302,26555
116547,542,22457,26330
116547,588,22756,26968
113009,563,21455,25326
113009,563,22379,26444
116843,563,22232,26224
116843,594,22382,27061
114434,584,21700,25728
114434,535,21163,24647
115398,586,22342,26823
115398,572,22031,26203
117488,541,22499,26281
117488,586,22462,26702
113491,563,21378,25265
113491,568,22418,26527
116306,563,22407,26368
116306,556,22489,26628
114860,576,22648,27260
114860,594,21884,25781
114696,578,20962,25029
114696,577,21395,25575
115583,554,22392,26167
115583,588,21675,25974
113973,546,21367,25243
113973,574,22291,26470
116787,559,22481,26343
116787,578,22542,26707
114455,570,21829,25833
114455,557,21342,25406
115880,587,22389,26868
115880,581,22221,26483
116787,542,22468,26261
116787,591,21849,26093
114269,537,21209,24834
114269,583,21806,26132
117510,560,21981,25886
117510,579,22014,26163
113973,569,21312,25878
113973,558,21089,24554
115901,595,22587,27156
115901,570,22315,26445
115880,555,22528,26346
115880,583,21749,25906
114214,544,21746,25643
114214,577,22323,26522
117509,560,22603,26509
117509,579,22521,26711
113491,570,21461,25368
113491,559,21467,25529
115901,596,22466,27125
115901,526,22264,25748
115342,600,22707,27230
115342,581,21760,25886
113973,536,22017,25833
113973,587,22344,26608
116787,549,22072,25925
116787,577,22065,26213
113250,570,21429,25450
113250,556,21344,25348
116065,567,22153,26109
116065,555,22027,26095
115102,603,22090,26741
115102,576,21333,25382
114455,544,21575,25494
114455,579,21616,25823
117750,549,22163,26073
117750,578,21989,26088
113491,571,21148,25088
113491,561,21756,25855
116547,567,21851,25780
116547,554,21983,26040
115583,580,22228,26313
115583,606,21479,26170
114675,544,21683,25592
114675,577,21991,26095
117728,550,22166,26114
117728,581,22181,26293
113470,569,21195,25066
113470,562,21624,25766
116361,591,22327,26768
116361,533,22452,26133
114861,576,22658,26583
114861,587,21869,26425
114620,562,21612,25661
114620,581,22249,26512
117729,540,22378,26209
117729,584,22745,26923
113732,560,21401,25274
113732,565,22066,26206
117084,563,22102,26078
117084,553,21981,25913
115102,578,22530,26629
115102,558,21115,25165
114696,597,21907,26511
114696,574,21966,26102
117509,543,22298,26137
117509,584,22119,26331
113009,565,21359,25283
113009,562,21708,25707
116383,568,22062,25989
117028,594,22260,26852
117028,558,21951,25599
113491,590,21325,25809
113491,541,21980,25400
116120,591,22290,26935
116120,556,21905,25901
115398,575,22076,26186
115398,550,20510,24402
114937,590,21946,26307
114937,552,21635,25424
117510,575,22085,26320
117510,566,21849,25629
113491,596,20994,25483
113491,536,21935,25374
117084,595,21843,26491
117084,554,21660,25692
115398,568,22049,26019
115398,571,20947,24989
115398,556,21528,25551
115398,574,21950,25995
118210,555,22515,26387
118210,589,22357,26544
114214,568,21747,25736
114214,567,22090,26119
117084,685,22168,26865
117084,568,20143,24219
114675,565,20935,24833
114675,564,20790,24893
115880,558,21806,25776
115880,575,21693,25778
116624,562,21913,25825
116624,583,21224,25382
114509,550,21165,25010
114509,575,21430,25629
117566,564,21707,25667
117566,591,21910,26635
112581,692,21528,25538
112581,566,19507,23632
116547,548,20943,24797
116547,573,21552,25605
114214,575,21270,25279
114214,561,21121,25232
115123,569,21953,25880
115123,569,21692,25785
117247,588,22011,26585
117247,555,21914,25408
113732,592,21628,26182
113732,565,21923,25964
117325,556,21862,25799
117325,556,21638,25755
115583,575,22161,26157
115583,569,21340,25397
115157,554,21609,25612
115157,572,21642,25718
117991,562,21722,25642
117991,581,21687,25898
113229,616,23562,28019
113229,536,19975,23550
98971,561,22009,26355
98971,579,22711,27093
93965,544,22159,25985
93965,569,22697,26891
90599,537,22611,26403
90599,553,22613,26795
90116,558,22635,26645
90116,564,22626,26684
89166,569,22707,27191
89166,526,22313,25868
88440,580,22657,27244
88440,568,22493,26613
89407,536,22601,26399
89407,565,22104,26330
88483,547,22358,26303
88483,564,22504,26624
89649,556,22667,26527
89649,589,24853,29022
98748,553,21087,25042
98748,572,21672,25797
111081,585,21848,26328
111081,580,21559,25682
111804,567,21212,25200
111804,561,21167,25263
114937,552,21717,25620
114937,572,21690,25847
117509,543,21915,25747
117509,585,22067,26311
113491,569,21787,25639
113491,564,21702,25866
117084,564,21969,25945
117084,596,21734,26488
116121,558,22028,25937
116121,585,21193,25333
114455,538,21550,25434
114455,579,21742,25901
117806,558,21941,25882
117806,579,21773,25976
114455,570,21574,25476
114455,557,21302,25367
116121,565,21988,25940
116121,572,21757,25879
117750,579,21961,26440
117750,584,22181,26336
113973,563,21393,25336
113973,566,21711,25815
116844,556,21838,25806
116844,553,21833,25829
115639,581,22155,26234
115639,566,21159,25195
114937,559,21914,25907
114937,574,21846,25869
117750,565,21898,26580
117750,579,21971,25437
114214,591,21573,26119
114214,557,21365,25405
116121,559,22022,25997
116121,571,21658,25777
116787,561,21741,25617
116787,578,21013,25148
114193,552,21130,25077
114193,571,21515,25644
117807,562,21729,25656
117807,596,21511,26180
114937,568,21358,25377
114937,563,21207,25321
115879,556,21947,25944
115879,562,21851,25871
117728,550,22130,26027
117728,584,22053,26304
113491,562,21672,25514
113491,568,22039,26126
116788,565,21558,25557
116788,557,21811,25908
115419,603,22134,26821
115419,561,21793,25719
115398,553,21780,25738
115398,575,21762,25918
117432,547,21992,25884
117432,583,22145,26370
113732,564,21057,24939
113732,565,21735,25876
117268,586,21956,26346
117268,531,21901,25493
115639,576,22061,26747
115639,594,21178,25159
115398,555,21502,25544
115398,569,21835,25915
117728,546,22042,25918
117728,584,21797,25998
113732,562,21483,25342
113732,557,21819,25886
116306,565,21883,25838
116306,552,21707,25812
115824,579,22074,26114
115824,603,21334,26016
114861,541,21720,25659
114861,576,21828,25993
118451,547,21927,25819
118451,579,22113,26245
114434,563,21395,25359
114434,563,21253,25337
117084,562,21935,25862
117084,557,21734,25816
115880,582,22067,26058
115880,566,21449,25513
114916,584,21787,26392
114916,576,21812,25956
117751,550,21987,25899
117751,575,21996,26118
114434,557,21531,25383
114434,558,21393,25501
116120,566,22091,26046
116120,564,21886,25988
116547,595,22000,26529
116547,550,21422,24937
114969,580,21677,26199
114969,542,21479,25661
117806,576,21886,25721
117806,582,21826,25988
114433,564,21415,25372
114433,560,20708,24836
115879,557,21634,25523
115879,569,21861,25975
117269,558,22105,26006
117269,579,21664,25866
114455,588,21390,25870
114455,539,21760,25289
117325,580,21948,26431
117325,559,21857,25972
115639,564,22062,26036
115639,557,21218,25214
115660,567,21317,25315
115660,569,21410,25499
117750,547,21753,25725
117750,585,21871,25996
114214,592,21329,25860
114214,536,21643,25794
117325,586,21620,25559
117325,556,21495,25621
115901,566,21808,25774
115901,566,20874,24900
115254,554,20841,24833
115254,570,21255,25339
118047,559,21581,25516
118047,581,21672,25821
114696,572,20865,24828
114696,553,21343,25376
116362,593,21571,26194
116362,567,21425,25509
116306,558,21454,25425
116306,582,20883,25015
114455,538,21078,24868
114455,576,21664,25887
117509,558,21778,25639
117509,573,21802,25921
114400,572,21348,25359
114400,557,20826,24926
116121,594,21505,26060
116121,570,21495,25634
116787,545,21776,25538
116787,592,20955,25251
114455,543,20797,24715
114455,574,21843,25962
117509,556,21926,25807
117509,580,21950,26185
113897,569,21160,25110
113897,557,21060,25127
115824,591,21731,26207
115824,535,21545,25114
116765,591,21685,26187
116765,587,21116,25337
114915,541,20863,24633
114915,579,21413,25647
118025,551,21674,25617
118025,563,21614,25632
115102,576,21713,25718
115102,557,20982,24986
115583,570,21805,25865
115583,572,21564,25661
117991,580,21949,26412
117991,566,21650,25905
113973,593,20915,24867
113973,563,21871,25944
114937,586,24153,28046
114937,562,21054,25193
98506,539,22401,26342
98506,566,22461,26591
93982,557,22616,26475
93982,553,22544,26698
90418,573,22689,27233
90418,562,22593,26683
90374,553,22482,26481
90374,569,22433,26652
89450,535,22770,26607
89450,552,22545,26665
89648,549,22692,26597
89648,566,22543,26708
89450,546,22780,26661
89450,549,22394,26555
88724,558,22692,26625
88724,559,22568,26732
89692,583,22724,27265
89692,584,24198,28290
102785,563,21277,25279
102785,554,21842,25923
110432,565,22257,26145
110432,579,21409,25541
113304,550,21729,25643
113304,571,21733,25858
116788,558,21884,25747
116788,581,21983,26238
113491,597,21317,25865
113491,532,21094,24526
116362,588,22012,26543
116362,569,21711,25826
117028,556,21795,25704
117028,587,20999,25169
114214,543,20704,24573
114214,571,21636,25775
117509,567,21716,25674
117509,571,21686,25722
114675,578,21405,25489
114675,556,20877,24888
116121,589,21759,26326
116121,578,21673,25834
117991,539,21689,25500
117991,592,21443,25682
114214,549,21059,24844
114214,577,21506,25761
117510,565,21744,25708
117510,559,21641,25658
115583,580,22028,26082
115583,559,21289,25295
115178,593,21963,26634
115178,567,21708,25696
117970,556,21863,25793
117970,581,21683,25840
114434,564,21215,25184
114434,554,20851,24819
116844,564,21807,25748
116844,562,21460,25610
116546,574,21720,25745
116546,561,20936,24975
114696,593,21777,26353
114696,540,21625,25123
117969,582,21985,26539
117969,580,22009,26168
113973,557,21634,25463
113973,564,21844,25962
117566,558,21950,25861
117566,553,21846,26001
116306,578,22074,26077
116306,567,21318,25407
115178,554,21878,25764
115178,571,21887,26020
118232,586,21948,26490
118232,580,21979,26195
114675,566,21675,25595
114675,557,21411,25408
116547,564,21695,25716
116547,574,21529,25618
116787,565,21855,25782
116787,575,20887,24938
114455,554,21096,25095
114455,568,21490,25562
117750,589,21814,26414
117750,556,21392,25289
114861,584,21104,25263
114861,558,20498,24568
115639,553,21666,25538
115639,567,21568,25608
116787,570,21787,25837
116787,580,21112,25256
114214,549,21001,24862
114214,571,21452,25618
117750,595,21762,26368
117750,562,21724,25808
115639,562,21588,25514
115639,568,20970,25151
115660,545,21756,25553
115660,578,21559,25754
118232,549,21837,25748
118232,583,21755,25971
113732,564,21282,25092
113732,568,22000,26170
117028,563,21710,25646
117028,553,21749,25926
115880,595,22058,26549
115880,571,21135,25214
115639,549,21317,25282
115639,576,21696,25852
118232,545,21812,25682
118232,582,21786,26000
113973,568,20888,24801
113973,557,21538,25638
117084,565,21652,25591
117084,557,21504,25622
116361,600,21695,26303
116361,591,20875,24964
114937,535,21167,25000
114937,581,21597,25838
118209,546,21860,25728
118209,582,21681,25873
114675,566,21202,25091
114675,555,21190,25252
116843,565,21919,25907
116843,559,21469,25510
116064,576,21753,25799
116064,567,20997,25073
114916,586,21247,25829
114916,570,21512,25628
118451,544,21664,25484
118451,583,21767,25931
113973,566,21161,25118
113973,557,21197,25290
116547,564,21733,25725
116547,559,21749,25832
116065,578,21973,26006
116065,565,21057,25068
114937,586,21381,25919
114937,575,21405,25589
118451,552,21608,25547
118451,576,21770,25863
114435,562,21440,25352
114435,561,21293,25428
116788,557,21745,25669
116788,562,21655,25704
116065,576,21674,25660
116065,578,21024,25153
114937,582,21299,25864
114937,540,21602,25045
118232,581,21790,26313
118232,577,21708,25870
115101,565,21360,25343
115101,556,20980,25002
116602,559,21775,25691
116602,572,21559,25739
117693,557,21904,25725
117693,580,21705,25912
114214,587,21181,25598
114214,548,21801,25400
117751,586,21786,26304
117751,562,21465,25627
115901,567,22099,26044
115901,565,21304,25321
115901,555,21463,25461
115901,573,21721,25831
118232,555,21821,25696
118232,588,21935,26083
114214,572,21384,25377
114214,562,21847,25897
116546,598,21942,26604
116546,563,21586,25671
116361,561,21984,25864
116361,580,21314,25406
115638,544,21400,25346
115638,576,21664,25803
118208,561,21828,25786
118208,578,21851,25942
114674,572,21301,25251
114674,558,21086,25178
116602,596,21800,26407
116602,569,21778,25861
116787,554,21982,25828
116787,590,21176,25426
115157,545,21166,25088
115157,570,21837,25913
117991,557,21910,25787
117991,565,21734,25852
113491,607,23898,27903
113491,567,21560,25679
98265,549,22460,26375
98265,549,22218,26356
93015,584,22551,27141
93015,568,22456,26596
91098,535,22594,26432
91098,560,22407,26561
89407,547,22611,26500
89407,562,22356,26519
90132,561,22574,26510
90132,553,22291,26442
89208,543,22636,26466
89208,561,22502,26721
90374,588,22570,27089
90374,534,22340,25845
89165,571,22435,26996
89165,551,22495,26609
89648,545,22631,26466
89648,607,23758,28022
100871,563,20456,24315
100871,562,21726,25876
111804,565,21659,25607
111804,551,21604,25546
113491,581,21840,25971
113491,601,21096,25764
114916,555,21869,25855
114916,575,21696,25808
117509,549,21934,25799
117509,588,21767,26010
113732,563,21225,25135
113732,563,21609,25689
116546,562,21778,25697
116546,557,21715,25834
115583,576,22075,25991
115583,567,21280,25426
115397,587,21874,26432
115397,540,21844,25352
118210,584,21956,26469
118210,576,22086,26214
114620,560,21689,25536
114620,563,21353,25528
116306,564,22022,26005
116306,567,21808,25808
116950,566,22060,25997
116950,584,21385,25621
115156,576,21134,25500
115156,550,21471,25092
118210,581,21868,26379
118210,573,21732,25849
114915,567,21366,25322
114915,562,21116,25242
116306,561,22116,26065
116306,563,21887,25910
116765,569,22104,26094
116765,579,21399,25550
115397,548,21333,25224
115397,569,21521,25610
118232,589,21857,26463
118232,568,21618,25657
115156,567,21193,25187
115156,563,20780,24869
116361,558,21775,25741
116361,564,21322,25348
116787,568,21717,25702
116787,578,21434,25532
114675,552,21289,25228
114675,569,21745,25847
118210,596,21953,26614
118210,570,22136,26215
114861,561,21690,25536
114861,565,21613,25768
116547,554,22061,26030
116547,561,21883,25889
116547,570,21936,25915
116547,582,21637,25810
114937,548,21547,25397
114937,570,21767,25923
118288,594,21868,26486
118288,563,21744,25821
114937,567,21318,25286
114937,558,20504,24538
116383,559,21728,25712
116383,571,21642,25764
118232,544,21869,25695
118232,585,21653,25894
114214,561,21205,25062
114214,570,21932,26071
117509,563,21724,25652
117509,552,21680,25869
116362,599,22039,26593
116362,570,21266,25315
115901,539,21679,25574
115901,579,21498,25691
117750,549,21816,25635
117750,578,21631,25819
113973,568,21126,25138
113973,556,21668,25741
117325,562,21782,25716
117325,552,21713,25863
116787,602,21873,26433
116787,581,20773,24903
115638,544,21020,24885
115638,577,21696,25863
118473,549,21857,25758
118473,578,21784,25903
115101,568,21417,25324
115101,559,21190,25247
116305,566,21987,25983
116305,560,21731,25815
117247,600,22080,26723
117247,551,21305,24778
115638,579,21170,25704
115638,569,21765,25874
118232,548,21850,25729
118232,580,21897,26019
115398,568,21078,25093
115398,555,21004,25044
116546,567,21640,25630
116546,564,21740,25821
117247,568,21626,25564
117247,578,21077,25230
115398,575,21105,25607
115398,575,21882,26051
118210,552,21908,25836
118210,557,21811,25860
116306,570,21853,25810
116306,556,21330,25373
115824,566,21228,25172
115824,568,21629,25785
118153,585,21815,26306
118153,555,22144,25710
113952,587,21656,26120
113952,571,22136,26332
117509,550,21863,25754
117509,561,21859,26030
116064,567,22154,26143
116064,559,21358,25335
115824,562,21540,25432
115824,570,21876,26132
118932,547,22166,26003
118932,586,22126,26329
115157,595,21686,26226
115157,538,22014,25519
118047,584,22057,26598
118047,557,21885,26011
116306,560,22297,26185
116306,571,21421,25461
115583,555,22004,26011
115583,571,21776,25926
118473,559,22095,25987
118473,577,22242,26368
114696,596,21745,26329
114696,528,21208,24641
117325,589,22090,26658
117325,566,21829,25991
116546,564,22125,26094
116546,573,21452,25478
115419,542,21503,25406
115419,572,21875,26020
118473,560,21819,25738
117968,592,22016,26552
117968,556,21235,24850
114916,578,21546,25897
114916,550,21898,25590
118048,585,21941,26538
118048,577,21659,25798
115638,567,21401,25374
115638,559,21138,25158
116602,560,21905,25952
116602,559,21679,25628
117269,583,21928,26259
117269,563,21543,25331
114937,566,21257,25516
114937,555,21151,24856
118288,568,21832,26187
118288,569,21824,25596
114696,592,21237,25804
114696,562,20840,24909
116624,558,21603,25575
116624,559,21661,25706
116065,567,21980,26039
116065,572,21001,25042
115419,548,21344,25221
115419,576,21795,26046
118473,560,21697,25643
118473,606,23695,27785
104232,548,21594,25535
104232,549,21820,26004
94706,581,20440,24988
94706,529,22447,25960
92774,577,22050,26621
92774,550,22049,26103
90373,527,22569,26455
90373,565,22445,26600
91083,553,22608,26561
91083,557,22555,26641
89933,545,22279,26294
89933,545,22229,26199
89407,583,22481,27107
89407,555,22229,26213
90132,544,22753,26690
90132,567,22173,26457
88924,520,22278,26023
88924,583,21944,26264
94419,579,23890,27839
94419,556,20442,24424
107780,567,21633,25671
107780,568,21610,25761
115342,584,21755,26207
115342,551,21832,25420
113732,593,21367,25870
113732,562,21809,25886
117028,556,21829,25799
117028,559,21610,25728
116787,559,21914,25841
116787,570,21319,25338
115638,548,21384,25278
115638,571,21772,25971
118450,559,21973,25994
118450,574,21925,25918
114674,586,21529,26002
114674,538,21180,24766
116601,589,22149,26737
116601,565,21967,26054
117006,549,22103,25903
117006,588,21680,25984
115397,542,21922,25797
115397,571,21623,25798
118988,587,21914,26315
118988,545,21693,25321
115397,567,21244,25172
115397,555,21044,25151
116601,572,21805,26165
116601,589,21783,26147
118450,535,21974,25755
118450,593,22037,26312
115156,538,21402,25083
115156,577,21836,26187
118288,558,22143,26083
118288,556,21886,25951
116361,569,22106,26022
116361,554,21535,25588
116120,590,21941,26539
116120,544,21898,25441
118691,562,22157,26511
118691,595,22071,26419
114751,555,21158,25036
114751,566,21853,25985
117565,550,21879,25686
117565,555,21742,25968
116065,573,22154,26063
116065,563,21340,25449
115660,578,21677,26146
115660,547,21654,25250
118954,583,21835,26410
118954,575,21855,26034
115398,557,21450,25305
115398,561,21197,25301
116624,552,21866,25782
116624,564,21735,25780
117751,563,21910,25800
117751,581,21428,25720
114937,548,21513,25373
114937,569,22091,26213
118691,571,22176,26570
118691,587,22073,26342
115398,570,21562,25591
115398,558,21114,25174
116843,549,21959,25807
116843,570,21801,25979
117268,564,22019,25964
117268,578,21780,25933
115178,574,21473,25869
115178,542,21781,25392
118232,561,22134,26089
118232,575,21866,26014
115178,582,21475,25859
115178,572,21096,25355
116547,552,22247,26177
116547,572,21809,25939
118394,542,22013,25704
118394,585,21855,26221
114696,560,21616,25476
114696,564,21890,26017
117510,573,21873,26259
117510,542,21794,25478
116546,591,22077,26577
116546,578,21288,25449
115639,532,21588,25311
115639,585,21762,26105
118473,549,21822,25759
118473,577,21888,26017
114696,563,21331,25124
114696,558,21749,26024
117269,560,21870,25792
117269,556,21916,25958
117510,584,21890,26342
117510,593,21336,25671
115419,538,21438,25281
115419,578,21725,25922
118714,542,21843,25499
118714,579,21789,26145
115342,568,21635,25626
115342,555,21322,25423
117325,583,21936,26301
117325,543,21723,25353
118209,587,22009,26523
118209,583,21715,25898
115156,528,21396,25121
115156,592,21761,26087
118209,546,21899,25790
118209,580,22007,26209
114915,561,21608,25436
114915,557,21549,25711
116842,562,22024,25958
116842,562,21964,26074
117325,593,22060,26522
117325,559,21398,25071
114696,579,21285,25876
114696,569,21857,25941
118232,537,21863,25567
118232,572,21864,26096
115824,566,21815,25804
115824,558,21428,25534
116120,555,21938,26329
116120,572,21683,25335
118691,588,21897,26378
118691,546,21903,25440
114193,582,21511,25929
114193,547,21814,25453
117269,582,21715,26267
117269,553,21650,25697
115824,561,22166,25952
115824,568,21301,25542
115879,557,21660,25615
115879,570,21862,26013
118691,579,21953,26311
118691,552,21827,25523
114915,565,21422,25336
114915,561,21782,25878
117565,568,21881,26242
117565,575,21798,26101
116765,561,22049,26022
116765,573,21503,25532
115879,542,21797,25575
115879,575,21745,26104
118931,559,21905,25740
118931,583,21873,26090
114379,586,21240,25629
114379,535,21562,25136
117302,589,21957,26593
117302,553,21903,25844
117028,561,21929,25891
117028,583,21254,25450
115638,542,21678,25579
115638,590,22387,26500
118209,584,21732,26156
118209,549,22006,25701
114892,567,21235,25125
114892,554,21770,25815
116764,585,22115,26654
116764,575,21872,26097
117246,546,22035,25853
117246,590,21042,25314
115638,530,20982,24635
115638,584,21293,25638
118690,554,21580,25526
118690,575,21553,25603
116097,568,21134,25110
116097,559,20915,25015
117028,595,21851,26454
117028,594,23435,27525
103026,531,21597,25383
103026,576,22151,26485
95609,539,21923,25774
95609,548,22094,26179
91324,535,22294,26214
91324,551,22472,26555
91324,559,22303,26352
91324,561,22411,26501
90132,567,22437,26887
90132,520,22259,25823
89408,572,22651,27140
89408,571,22405,26607
90132,532,22343,26114
90132,563,22101,26389
89209,527,22552,26376
89209,570,22281,26481
90616,551,22656,26410
90616,564,22351,26688
98023,578,24036,28035
98023,573,21342,25405
106352,588,21564,26033
106352,566,21614,25762
114214,557,21876,25885
114214,560,21832,25847
115660,558,21968,25852
115660,578,21228,25444
115660,546,21630,25553
115660,570,21914,26000
118473,583,22055,26491
118473,550,21933,25587
114455,567,21065,25042
114455,554,21021,25083
117084,574,21931,26354
117084,579,21790,26031
117509,557,21765,25729
117509,579,21195,25326
115660,537,21170,24908
115660,577,21699,26013
118713,557,21756,25649
118713,566,21687,25790
116142,590,21669,26119
116142,536,21053,24629
116865,588,21806,26387
116865,541,21614,25126
118472,560,21971,26225
118472,596,21993,26405
114937,548,21331,25134
114937,570,22035,26212
118713,556,21904,25681
118713,562,22023,26285
116547,572,22162,26179
116547,551,21694,25688
116361,581,21936,26401
116361,554,21973,25607
119116,577,22139,26652
119116,582,21982,26216
114696,552,21393,25098
114696,567,21923,26200
118232,556,21995,25885
118232,550,21870,25960
116787,603,22046,26556
116787,541,20955,24472
115824,585,21570,26185
115824,536,21678,25141
118932,575,22096,26493
118932,582,21968,26218
114916,568,21027,25020
114916,555,21763,25810
118209,553,21790,25554
118209,557,21656,25911
117028,573,21945,25927
117028,566,21338,25447
115824,575,21703,26129
115824,548,22505,26166
118635,589,22009,26622
118635,543,22126,25614
115342,577,21538,25896
115342,580,21251,25538
117751,546,22090,25922
117751,567,21862,26012
117751,560,21913,25727
117751,579,21911,26179
115880,550,21606,25558
115880,568,21724,25833
119172,578,21917,26337
119172,555,21841,25466
115583,589,21330,25857
115583,566,20951,25150
116787,542,21757,25522
116787,574,21623,25790
117268,560,21844,25839
117268,577,21427,25537
115178,545,21096,24867
115178,574,21461,25694
118232,559,21795,25750
118232,576,21638,25826
115102,589,21304,25792
115102,536,20919,25106
117028,577,21671,25510
117028,572,21405,25560
118473,545,21794,25510
118473,587,21609,25960
115419,545,20889,24705
115419,575,21352,25582
118473,588,22066,26502
118473,544,21835,25387
115178,572,21548,25631
115178,587,21209,25867
116865,541,22052,25807
116865,578,21796,26011
117028,556,22081,26038
117028,577,21435,25552
115178,548,21220,25070
115178,573,21658,25878
118232,558,21972,25930
118232,572,21943,26015
115397,585,21307,25759
115397,541,21389,25652
117084,587,21990,25971
117084,569,21890,25978
118450,537,22069,25808
118450,590,21828,26166
114674,549,21328,25146
114674,568,22011,26176
117751,559,22007,25869
117751,555,21894,26119
116305,572,22320,26264
116305,605,21507,26211
115845,526,21600,25353
115845,596,21815,26234
118415,537,22183,25925
118415,582,22032,26278
115101,559,21609,25389
115101,562,21760,25991
117751,562,21911,25884
117751,556,21816,25904
117269,593,22079,26511
117269,549,21114,24728
116121,577,21337,25868
116121,580,21669,25833
118656,536,21691,25459
118656,588,21734,26006
115583,559,21188,25101
115583,559,21071,25170
117028,555,21975,25786
117028,569,21799,26035
117751,566,21986,25977
117751,578,21115,25171
115419,570,20710,25182
115419,548,21518,25100
118692,583,21682,26234
118692,571,21553,25636
115342,559,21016,24909
115342,562,20858,25019
116547,557,21623,25571
116547,567,21525,25647
116787,568,21562,25435
116787,582,21177,25325
115398,551,21066,24994
115398,571,21875,26041
118691,575,22102,26495
118691,586,22017,26286
115880,561,21474,25383
115880,562,21151,25300
116788,555,21723,25563
116788,579,21713,25975
118713,546,21889,25761
118713,585,21670,25833
114641,563,21293,25178
114641,569,21759,25889
117510,587,21932,26442
117510,563,21938,26120
116065,556,22294,26114
116065,581,21568,25756
115901,547,22219,26053
115901,579,21826,26077
118932,557,22215,26046
118932,582,21966,26226
115398,571,21381,25293
115398,556,21846,25898
117325,591,22094,26654
117325,534,21942,25434
117269,604,22221,26862
117269,575,21492,25503
115397,536,21420,25212
115397,625,23950,28260
103750,548,21990,25907
103750,562,22520,26570
94948,546,22678,26612
94948,552,22542,26739
92774,556,22566,26474
92774,562,22425,26505
91143,567,22600,27123
91143,559,22410,26616
89933,547,22598,26531
89933,572,22552,26715
90659,540,22657,26400
90659,564,22280,26563
89451,542,22610,26483
89451,571,22565,26777
90659,578,22192,26580
90659,529,22423,26057
89692,543,22717,26648
89692,587,22699,27383
96592,559,23792,27657
96592,588,21219,25494
111081,551,21899,25826
111081,583,21938,26071
111155,564,21248,25141
111155,560,21725,25884
116120,565,22090,26015
116120,560,21739,25789
116305,600,22019,26600
116305,548,21094,24616
115639,581,21255,25744
115639,579,21792,25944
118473,545,21928,25733
118473,592,22098,26405
113973,598,20763,24745
113973,564,20646,24619
117510,565,21767,25669
117510,567,22172,26329
116306,580,22342,26361
116306,558,21586,25620
116121,583,21852,26282
116121,560,21991,25685
118932,577,22325,26751
118932,588,22023,26261
114937,556,20962,24744
114937,571,21929,26124
118047,560,21966,25948
118047,557,21980,26027
116546,577,22293,26197
116546,584,21501,25710
116361,598,21717,26262
116361,542,22029,25467
118691,569,22181,26538
118691,601,22144,26489
115157,562,21069,25012
115157,572,21545,25684
118507,555,21835,25606
118507,566,21825,26003
115880,578,21920,25964
115880,557,21380,25347
116383,591,21422,25924
116383,553,21523,25164
118714,579,21822,26365
118714,586,21917,26098
114696,554,21220,24972
114696,577,21793,26075
117566,554,21783,25684
117566,559,21780,25842
116305,574,21869,25743
116305,576,21195,25406
115660,559,21163,25082
115660,572,21657,25807
118713,572,22030,26381
118713,571,21771,25505
115156,590,21510,25970
115156,569,21453,25654
117325,551,21956,25729
117325,574,21701,25924
116602,570,22038,26015
116602,578,21315,25419
115638,580,21648,26026
115638,551,22083,25727
119010,595,22025,26581
119010,549,22109,25603
115178,585,21519,25938
115178,573,21449,25713
117084,558,22094,26017
117084,567,22038,26084
117028,564,22040,25852
117028,588,21336,25676
115660,548,21600,25430
115660,576,21997,26064
118714,583,22276,26710
118714,564,21962,25622
115398,595,21543,26124
115398,568,21239,25349
117028,547,22174,25963
117028,585,21753,25989
117028,562,22041,25989
117028,582,21514,25657
114937,550,21121,25491
114937,581,21845,25488
117991,563,22069,25954
117991,581,21898,26069
115178,585,21436,25844
115178,546,21107,25398
116809,586,22109,26010
116809,572,21877,26001
117269,553,22123,25869
117269,596,21319,25676
115419,547,21301,25153
115419,572,21840,25987
118232,560,22096,25914
118232,583,21998,26229
115102,571,21482,25502
115102,558,21289,25312
116787,578,22279,26710
116787,588,22084,26326
116546,561,22157,26138
116546,581,21559,25655
115178,545,21348,25091
115178,580,22110,26308
117992,567,21777,25801
117992,581,21979,26143
114937,594,21816,26232
114937,538,21428,24999
116843,597,22086,26690
116843,571,21795,25877
117510,552,21721,25494
117510,596,21472,25806
115178,541,21183,25047
115178,574,21949,26063
118691,559,21953,25719
118691,590,22023,26311
115156,573,21570,25527
115156,559,21700,25804
117084,582,22091,26527
117084,583,21987,26260
117969,548,22321,26169
117969,587,21864,26020
115397,542,21709,25472
115397,588,21807,26151
118988,556,22199,26019
118988,581,21998,26190
115639,592,21734,26159
115639,538,21568,25187
117084,565,22109,26053
117084,569,22019,26129
118473,566,22136,26475
118473,599,21780,26136
114696,545,21475,25235
114696,575,21897,26102
118232,554,22197,25978
118232,565,21994,26302
116362,575,22130,26083
116362,558,21715,25737
115880,585,21913,26380
115880,555,22176,25785
118692,574,22285,26720
118692,593,22281,26650
114696,556,21510,25175
114696,574,22036,26346
117566,557,22199,26037
117566,556,21980,26112
116305,578,22286,26212
116305,575,21541,25752
115879,555,21760,25705
115879,569,21974,26065
118714,581,22160,26630
118714,559,21947,25611
115342,588,21521,26012
115342,566,21174,25288
117566,548,22150,25905
117566,573,21930,26175
117751,568,22137,26046
117751,581,21568,25760
115934,580,21492,25894
115934,545,21536,25144
118769,595,22167,26754
118769,559,22034,25953
115879,577,21512,25626
115879,563,20911,24947
117566,554,21975,25911
117566,571,21860,25912
117543,569,21919,25850
117543,585,21403,25660
115692,554,21189,25108
115692,611,23384,27478
103991,582,22028,26509
103991,541,22271,25853
95189,575,22513,27036
95189,549,22309,26360
91807,552,22708,26722
91807,568,22655,26768
91099,538,22789,26698
91099,550,22497,26573
89408,557,22707,26610
89408,563,22549,26727
90616,558,22741,26697
89649,562,22896,27327
89649,572,22480,26821
91324,543,22919,26764
91324,577,22949,27143
90417,530,23051,26894
90417,562,22435,26663
89649,557,22786,26873
89649,579,24016,27986
104905,567,21929,25971
104905,555,21789,25717
111804,585,22106,26335
111804,566,21324,25227
113732,564,21728,25980
113732,599,21844,26326
117509,544,22031,25676
117509,593,21824,26251
114214,560,21213,24960
114214,559,21853,25982
117509,567,22287,26370
117509,561,22109,26156
116788,575,22261,26282
116788,576,21473,25550
115880,582,21527,26058
115880,546,22082,25615
118714,586,22233,26727
118714,576,22147,26276
116121,565,21583,25534
116121,563,21123,25217
117084,560,22015,25926
117084,571,21780,25947
117750,568,22084,25973
117750,585,21392,25557
115397,587,21484,26014
115397,537,21760,25274
118232,586,21915,26400
118232,568,21871,25956
116065,570,21840,25858
116065,562,21192,25261
116842,642,21538,25512
116842,560,20419,24485
116547,574,21897,25881
116547,576,21077,25082
115660,556,21235,25217
115660,573,22009,26179
118473,587,22221,26736
118473,575,22116,26204
115343,569,21516,25533
115343,558,21186,25208
117028,560,21933,25901
117028,568,21770,25787
113009,694,21176,25239
113009,563,19243,23290
117106,566,21011,24971
117106,559,21748,25815
116120,580,22055,26128
116120,586,21249,25825
116602,561,21314,25372
116602,570,21634,25690
119173,544,21852,25698
119173,586,21811,26090
115157,565,20949,24818
115157,565,21753,25829
117566,564,21840,25862
117566,555,21807,25848
116787,601,21950,26510
116787,549,21132,24664
115660,578,21477,25971
115660,578,21696,25854
118451,546,21978,25752
118451,591,21783,26114
115178,569,21241,25133
115178,559,21171,25240
117106,569,22066,25937
117106,567,21684,25860
117806,578,21990,25974
117806,582,21397,25587
115880,562,21482,25816
115880,591,21933,26211
118473,551,21833,25762
118473,560,21892,25914
115880,571,21712,25722
115880,560,21068,25176
116306,564,22013,25899
116306,576,21876,26022
118932,549,22063,25967
118932,588,21973,26108
114696,598,21358,26010
114696,568,21852,25935
117509,549,21949,25792
117509,559,21892,25966
117028,571,21915,25949
117028,572,21128,25188
115880,555,21868,25795
115880,579,21763,25942
118692,567,21865,25795
118692,577,21680,25801
115398,593,21069,25644
115398,532,20831,24276
117028,590,21882,26452
117028,568,21690,25776
117728,551,21754,25630
117728,587,21034,25234
114916,547,21063,24909
114916,575,21655,25812
118691,563,21705,25660
118691,564,21716,25759
116306,599,22015,26630
116306,530,21099,24542
116120,579,21861,26274
116120,584,21771,26046
118416,540,21971,25729
118416,592,21851,26172
113918,566,21380,25280
113918,563,21836,25920
117751,566,21819,25732
117751,557,21807,25971
116547,574,22041,26027
116547,562,20974,25012
115901,586,21394,25948
115901,574,21564,25720
118232,546,21796,25668
118232,583,21789,25994
114455,562,21149,25064
114455,557,21672,25609
117347,568,21930,26007
117347,553,21898,25967
115824,579,22002,26028
115824,570,21172,25235
115178,579,21457,26009
115178,576,21725,25859
118954,554,21784,25749
118954,573,21817,25899
115178,561,21513,25398
115178,560,21502,25632
117565,565,22017,25941
117565,561,21813,25934
117510,573,22110,26099
117510,574,21534,25626
115660,586,21655,26261
115660,538,21894,25339
118714,582,22001,26491
118714,579,21950,26121
115178,563,21421,25375
115178,558,21073,25130
116787,563,21686,25661
116787,566,21573,25680
118232,563,21978,25877
118232,578,21546,25665
114696,589,21341,25866
114696,537,21668,25215
117991,584,21390,25860
117991,580,21386,25573
114882,559,21140,25010
114882,568,20935,25084
116787,555,21905,25859
116787,568,21650,25725
117991,564,21646,25554
117991,583,21071,25274
115397,551,20925,24793
115397,570,21532,25706
118232,590,21891,26439
118232,551,21709,25287
114915,590,21277,25767
114915,562,21323,25449
117028,550,21997,25837
117028,572,21800,25978
117488,563,22056,26041
117488,579,21466,25550
115639,550,21225,25075
115639,575,21749,25932
118232,590,21809,26370
118232,544,21745,25251
114861,592,21382,25920
114861,562,21001,25052
110191,601,23987,28002
110191,557,21414,25496
98748,547,21978,25854
98748,552,22256,26418
92774,542,22423,26377
92774,557,22560,26698
92290,557,22638,27138
92290,558,22437,25949
90616,547,22517,27183
90616,580,22248,26283
90358,546,22614,26493
90358,570,22527,26692
90132,536,22387,26323
90132,549,22224,26296
89407,554,22555,26495
89407,566,22434,26570
90374,555,22492,26410
90374,557,22544,26671
89450,579,22634,27120
89450,561,23608,27161
105629,581,21553,26028
105629,558,21672,25822
111081,560,21887,25766
111081,565,21114,25212
114214,562,21114,25055
114214,576,21715,25926
117268,585,22056,26484
117268,551,21989,25626
114214,594,21318,25816
114214,532,21958,25456
118232,587,22269,26768
118232,562,21928,26095
116305,566,22279,26215
116305,563,21254,25312
115879,552,21739,25636
115879,571,21909,26057
118691,554,21963,25881
118691,584,22056,26284
114674,569,21464,25311
114674,558,21791,25950
117784,590,22044,26604
117784,555,21974,25988
116820,568,22132,26128
116820,571,21197,25268
116338,550,21640,25652
116338,569,21906,25994
118690,557,22112,25999
118690,578,21939,26117
114432,572,21252,25213
114432,558,21635,25705
117782,589,21968,26510
117782,570,21945,26091
116523,563,22073,26057
116523,577,21473,25530
115396,540,21378,25262
115396,581,22014,26176
118691,554,22122,26068
118691,578,22065,26213
114433,569,21205,25099
114433,558,21702,25788
117543,566,22093,26105
117543,559,21924,25963
117487,592,21996,26523
117487,587,21385,25587
115638,537,21253,25077
115638,578,21912,26096
118450,552,22125,26040
118450,577,22084,26250
114915,571,21565,25501
114915,556,21506,25604
117028,564,22003,25896
117028,599,21617,26353
116787,542,21909,25402
116787,604,20955,25648
115639,533,21355,25173
115639,582,21783,25999
118153,547,21937,25832
118153,577,21877,26007
114882,566,21470,25343
114882,560,21434,25594
116787,565,21937,25832
116787,560,21768,25936
116788,598,22058,26594
116788,558,21517,25059
115583,577,22031,26577
115583,574,22393,26488
118473,551,22520,26426
118473,562,22374,26495
116065,573,22614,26594
116065,568,21984,26008
115584,558,22524,26394
115584,576,22431,26648
118473,562,22562,26488
118473,578,22624,26786
115583,591,22016,26577
115583,566,21674,25792
116787,548,22302,26161
116787,572,22257,26416
119173,544,22472,26317
119173,584,22475,26701
115583,568,21562,25464
115583,558,21767,25893
117509,565,22477,26396
117509,569,22555,26659
118210,581,22523,26983
118210,592,22067,26373
115398,546,21626,25447
115398,577,22194,26406
117991,549,22390,26229
117991,561,22177,26396
117028,572,22740,26670
117028,570,22162,26258
116362,552,22597,26464
116362,574,22584,26753
118691,589,22844,27444
118691,546,22765,26207
115660,596,22238,26840
115660,563,21990,26116
116602,542,22565,26345
116602,581,22391,26625
118714,546,22691,26539
118714,585,22745,27014
114937,567,21939,25842
114937,561,22526,26616
117509,563,22558,26507
117509,558,22387,26434
117750,596,22730,27347
117750,583,21984,26158
116120,550,21915,25862
116120,562,22420,26385
118714,561,22572,26622
118714,557,22335,26276
116305,574,22210,26365
116305,556,21701,25573
116064,568,22285,26333
116064,576,22286,26437
119173,552,22624,27251
119173,588,22657,26701
114455,598,22077,26152
114455,561,22505,26532
117509,553,22503,26431
117509,564,22416,26459
118692,552,22609,26450
118692,585,22604,26910
115157,564,21988,25938
115157,565,22270,26316
118232,563,22575,26503
118232,557,22272,26412
117269,603,22511,27135
117269,577,21907,25990
115178,542,22129,25967
115178,579,22553,26731
118691,547,22817,26668
118691,572,22710,26797
116120,573,22039,26074
116120,563,21737,25834
117084,566,22590,26552
117084,567,22427,26505
118714,581,22480,26965
118714,559,22650,26296
114641,595,21901,26400
114641,566,22462,26587
117750,554,22492,26426
117750,565,22421,26540
117191,563,22671,26661
117191,577,22143,26178
115584,550,22063,25944
115584,576,22156,26382
118692,561,22548,26477
118692,558,22489,26516
116788,603,22519,27225
116788,576,22046,26129
115824,550,22190,26174
115824,567,22394,26438
118657,548,22550,26410
118657,574,22427,26552
116121,572,22113,26144
116121,556,21652,25676
117028,565,22677,26673
117028,569,22437,26561
119173,554,22635,27190
119173,583,22609,26058
114916,594,21871,26508
114916,559,22094,26127
117324,555,22588,26524
117324,610,24788,28931
106625,542,22744,26675
106625,550,23058,27149
95868,558,23463,27466
95868,565,23316,27409
93257,544,23482,27334
93257,555,23506,27670
90616,585,23492,28145
90616,565,23368,27453
91098,532,23518,27348
91098,560,23382,27533
90132,547,23406,27361
90132,573,23479,27590
90615,544,23467,27298
90615,552,23245,27413
89890,560,23487,27487
89890,561,23334,27453
90901,585,23453,28037
90901,524,23201,26632
92773,615,25003,29622
92773,565,22008,26136
109226,549,22318,26176
109226,562,22385,26489
113491,567,22786,26775
113491,581,22335,26476
113732,549,21641,25519
113732,576,22286,26431
117751,562,22522,26488
117751,555,22494,26591
116121,595,22907,27486
116121,580,21576,25713
115901,546,21848,25722
115901,579,22283,26457
118473,545,22503,26308
118473,581,22711,26936
115639,568,22251,26243
115639,558,21758,25789
116843,563,22674,26626
116843,567,22325,26437
118932,585,22730,27275
118932,548,22490,26006
114455,592,22131,26719
114455,564,22429,26551
117510,551,22472,26398
117510,567,22252,26294
118451,556,22748,26619
118451,585,22219,26479
115178,552,21953,25803
115178,575,22736,26870
118232,563,22905,26821
118232,553,22704,26812
116787,601,23013,27627
116787,582,22154,26339
115824,539,22581,26378
115824,583,22721,26912
118714,551,22874,26748
118714,565,22765,26895
116306,571,22983,26879
116306,558,22648,26756
116361,565,22614,26591
116361,569,22706,26855
119173,586,22855,27380
119173,550,22947,26497
115343,594,22235,26794
115343,562,21587,25697
116787,548,22703,26528
116787,580,22482,26682
118875,547,22606,26437
118875,581,22523,26734
115157,567,22271,26204
115157,568,22588,26680
118288,566,22605,26576
118288,554,22338,26431
117487,597,22843,27370
117487,577,21989,26067
115639,551,21891,25899
115639,573,22446,26569
118473,552,22612,26528
118473,561,22501,26546
116787,575,22359,26452
116787,557,21579,25544
116602,561,22182,26115
116602,572,22369,26552
119172,585,22478,27035
119172,580,22479,26667
115583,561,21936,25844
115583,560,21916,25994
116787,553,22547,26448
116787,574,22390,26539
119413,549,22596,26495
119413,583,22429,26584
114641,572,22083,26030
114641,556,22339,26414
117565,595,22622,27247
117565,530,22397,25836
118451,579,22474,26894
118451,590,22322,26565
115178,553,21958,25839
115178,571,22424,26601
117750,555,22433,26349
117750,559,22370,26498
116788,573,22581,26555
116788,578,21825,25925
115419,580,22118,26665
115419,540,22255,25746
118714,587,22379,26932
118714,564,22364,26544
116546,559,22705,26572
116546,574,21795,25861
115879,541,22116,26011
115879,578,22405,26604
118714,565,22377,26247
118714,576,22358,26565
115419,573,21858,25865
115419,558,21743,25751
116602,593,22574,27157
116602,541,22260,25772
118955,575,22508,26983
118955,581,22401,26569
114916,561,21599,25524
114916,560,21981,26091
117509,559,22603,26486
117509,567,22322,26436
117969,569,22576,26540
117969,578,21516,25721
115102,585,21584,26085
115102,538,21983,25481
118232,586,22687,27191
118232,557,22411,26531
117006,568,22661,26637
117006,573,21560,25617
116361,545,21976,25938
116361,569,22370,26455
118932,561,22471,26393
118932,568,22449,26581
116765,579,22692,26726
116765,554,22144,26146
116546,587,22664,27240
116546,546,22508,26046
119116,579,22810,27304
119116,561,22707,26749
117006,567,22678,26643
117006,560,21800,25879
116602,565,21955,25937
116602,570,22434,26612
118932,558,22707,26600
118932,581,22649,26829
115343,570,21887,26451
115343,587,21564,25641
117487,549,22662,26520
117487,585,22409,26721
119115,535,22616,26394
119115,583,22474,26641
115102,564,21790,25726
115102,560,22515,26660
117991,561,22593,26475
117991,562,22296,26345
118210,572,22672,26735
118210,581,21659,25752
116120,580,21983,26541
116120,570,22091,26197
118714,551,22494,26426
118714,558,22426,26519
116787,568,22737,26709
116787,563,21734,25730
116305,555,22192,26168
116305,572,22232,26412
118932,561,22546,26441
118932,576,22643,26786
115824,572,21859,25915
115824,589,21709,26384
117806,559,22367,26349
117806,572,22318,26439
119413,536,22673,26436
119413,594,22548,26860
114937,562,21991,25859
114937,561,22530,26627
118047,564,22489,26482
118047,557,22471,26529
117246,574,22727,26684
117246,576,21993,26115
115638,574,22151,26663
115638,579,22145,26364
118691,551,22565,26437
118691,557,22491,26533
113952,596,24513,28456
113952,561,22682,26863
98748,540,23464,27364
98748,562,23474,27592
94706,561,23443,27326
94706,565,23322,27514
91324,580,23308,27938
91324,520,23122,26541
91324,582,23476,28023
91324,568,23390,27559
90373,539,23475,27400
90373,552,23363,27451
91324,551,23460,27311
91324,565,23340,27581
90132,547,23582,27477
90132,549,23433,27467
91082,564,23515,27508
91082,562,23358,27527
90132,579,23544,28193
90132,588,23937,28026
106333,544,22371,26199
106333,581,22543,26709
110840,569,21891,25893
110840,552,21430,25418
114861,566,22533,26515
114861,571,22263,26373
117969,550,22297,26191
117969,584,22564,26725
114379,597,21988,26549
114379,573,22418,26564
117510,560,22411,26362
117510,562,22153,26241
117191,557,22548,26450
117191,585,21475,25690
115824,544,21838,25657
115824,572,22185,26360
118209,560,22417,26317
118209,556,22328,26456
116710,579,22725,26750
116710,566,21904,25922
116065,580,22249,26771
116065,582,22277,26536
118932,544,22591,26389
118932,559,22394,26485
116306,573,22542,26545
116306,562,21237,25273
116065,566,21830,25805
117509,563,22720,26646
117509,556,22123,26297
117672,602,22640,27297
117672,552,21625,25057
115157,579,21853,26316
115157,576,22058,26235
118209,570,22297,26457
118209,548,22516,26361
116765,587,22546,26845
116765,545,21595,25292
116065,571,22074,26339
116065,560,22144,26005
118875,577,22576,26933
118875,559,22484,26169
116305,584,22048,26451
116305,578,21468,25793
117269,555,22729,26669
117269,568,22695,26695
119357,543,22744,26667
119357,586,22718,26960
114860,566,21789,25671
114860,554,22196,26258
118209,567,22685,26677
118209,562,22600,26658
118210,601,22781,27440
118210,552,21940,25406
115343,568,21773,26151
115343,585,21897,26244
118473,549,22694,26549
118473,557,22604,26722
117247,568,22762,26648
117247,568,22074,26201
116602,555,22136,26072
116602,573,22229,26405
119172,563,22363,26290
119172,575,22367,26472
116361,597,21971,26651
116361,560,21493,25520
117028,557,22420,26346
117028,567,22456,26464
118932,553,22901,26896
118932,585,22760,26899
115212,571,21481,25463
115212,561,22108,26129
117991,570,22319,26305
117991,556,22463,26486
117750,604,22616,27327
117750,582,21637,25730
115880,545,21889,25794
115880,568,22308,26363
118691,554,22365,26328
118691,554,22342,26426
117247,575,22854,26819
117247,571,21954,26004
116064,554,22105,26069
116064,570,22315,26400
118932,564,22730,26751
118932,594,22500,27241
116305,563,22335,26248
116305,559,21826,25815
116305,558,21887,25947
116305,578,22418,26538
118635,550,22738,26593
118635,582,22528,26687
115824,570,21768,25737
115824,559,21725,25811
117509,566,22723,26688
117509,565,22332,26417
119115,568,22753,27177
119115,595,22731,27123
114620,557,21821,25626
114620,563,22335,26456
117728,556,22527,26495
117728,569,22336,26454
118635,562,22664,26540
118635,582,21920,26128
115157,596,21726,26221
115157,530,22435,25950
117969,591,22318,26883
117969,560,22197,26273
117191,565,22632,26639
117191,576,21604,25655
115824,541,21722,25615
115824,573,22417,26536
118932,560,22452,26359
118932,566,22389,26494
117006,576,22715,26771
117006,554,22041,26044
116788,594,22524,27171
116788,541,22642,26085
119655,581,22623,27144
119655,578,22463,26593
116306,562,21979,25940
116306,565,21799,25890
117566,557,22313,26253
117566,569,22298,26385
119414,551,22539,26530
119414,586,22672,26786
115157,571,21778,25708
115157,555,22250,26376
117750,593,22462,27099
117750,569,22193,26275
119172,542,22544,26382
119172,588,22355,26568
115398,556,21848,25670
115398,565,22464,26591
118232,561,22450,26428
118232,554,22327,26421
117509,577,22569,26508
117509,576,21539,25649
116602,584,21825,26462
116602,540,22200,25640
118932,583,22223,26786
118932,570,22416,26498
116305,564,22324,26274
116305,557,21515,25565
117028,557,22442,26356
117028,573,22506,26674
118932,560,22596,26540
118932,581,22583,26739
115584,593,21968,26492
115584,533,21653,25119
117028,588,22586,27163
117028,572,22317,26437
119356,535,22595,26353
119356,587,22413,26663
114916,567,21642,25578
114916,558,22158,26263
117969,561,22409,26308
117969,562,22268,26349
117672,576,22555,26619
117672,578,21929,26058
115638,575,21505,25909
115638,548,21860,26145
118932,582,22600,26505
118932,559,22520,26568
117247,570,22651,26641
117247,567,21561,25609
112286,598,23706,27655
112286,563,23190,27369
97977,544,23552,27409
97977,551,23591,27739
94465,565,23606,27595
94465,562,23446,27553
91324,567,23372,27904
91324,559,23375,27503
91521,548,23361,27284
91521,566,23618,27731
90358,538,23602,27456
90358,555,23412,27666
91038,558,23655,27510
91038,564,23538,27746
90116,546,23681,27549
90116,552,23541,27703
91083,590,23394,28052
91083,532,23284,26743
90599,660,23111,27559
90599,1489,11494,15791
76598,1127,9800,13906
76598,904,14106,18180
71277,794,18287,22416
71277,519,4761,8979
71081,512,2050,6240
71081,528,1894,6041
70353,505,1942,5965
70353,525,1883,5967
69867,504,1845,5852
69867,518,1810,5883
69867,528,1834,5993
69867,498,1836,5782
69867,528,1819,5983
69867,519,1992,6063
69902,505,1824,5847
69902,520,1931,6001
69902,507,1820,5855
69902,517,1826,5896
69902,530,1846,6016
69902,495,1962,5878
69914,531,1875,6047
69914,515,1922,5977
69914,507,1985,6023
69914,518,1883,5944
69671,504,1871,5899
69671,518,2012,6078
69671,507,1845,5884
69671,519,1949,6011
69671,529,1967,6134
69671,520,2019,6103
69671,502,1817,5814
69671,522,1870,5957
67243,511,2076,6105
67243,520,2036,6106
59553,530,2036,6211
59553,519,1994,6063
56645,509,1986,6023
56645,514,1966,6024
55457,510,2069,6093
55457,524,2029,6107
55214,510,2106,6131
55214,517,1921,5991
54728,529,2046,6208
54728,496,1964,5877
54728,528,2027,6186
54728,520,1986,6076
54728,506,1909,5927
54728,520,1945,6016
54728,507,2038,6062
54728,520,1921,5999
54728,504,1971,5990
54728,520,1950,6017
54728,529,1945,6113
54728,518,1945,6016
54700,507,1881,5922
54700,515,1941,5992
54700,509,1830,5876
54700,514,1954,6011
54700,529,1911,6080
54700,497,2032,5954
54700,531,2024,6197
54700,515,1946,6011
54700,506,1932,5950
54700,519,2073,6142
54700,509,1950,5983
54700,513,1961,6011
54700,511,1976,6021
54700,518,1968,6025
54700,531,1942,6117
54700,514,1934,5984
54700,505,2051,6064
54700,524,1994,6086
54700,505,1923,5944
54700,516,2044,6103
54700,529,1914,6078
54700,495,1947,5882
54700,529,1897,6057
54700,517,1956,6024
54700,506,1926,5942
54700,522,2010,6081
54700,505,1870,5883
54700,519,1867,5951
54700,529,1943,6105
54700,497,1919,5989
54700,529,1871,5893
54700,519,2049,6086
52545,515,1968,6039
52545,520,1965,6023
50138,507,1824,5859
50138,514,1894,5944
49408,509,1866,6050
49408,543,1989,6046
48921,508,1839,5875
48921,517,1858,5913
48921,506,1820,5846
48921,519,1922,5986
48678,506,1819,5841
48678,517,1858,5933
48678,507,1857,5884
48678,520,1916,5978
48678,531,1858,6025
48678,514,1893,5953
48678,505,1847,5866
48678,519,1854,5932
48678,506,1849,5874
48678,516,1938,5996
48678,530,1845,6014
48678,522,1893,5965
48678,504,1836,5846
48678,522,1865,5968
48678,504,1893,5899
48678,519,1948,6015
48678,505,1828,5849
48678,521,1950,6033
48678,529,1827,5992
48678,495,1919,5847
48678,529,1828,5999
48678,516,1832,5889
48678,506,1881,5910
48678,522,1988,6054
48678,508,1909,5937
48678,516,1955,6015
48678,507,1822,5866
48678,518,1875,6085
48678,531,1822,5854
48678,517,1858,5928
48678,503,1829,5839
48678,523,1884,5968
48678,506,1881,5903
48678,515,1812,5882
48678,505,1894,6058
48678,516,1837,5907
48678,532,1846,5877
48678,515,1828,5887
48678,505,1853,5874
48678,522,1881,5956
48678,503,1851,5860
48678,516,1806,5888
48678,526,1841,5985
48678,503,3128,12313
33900,506,1935,13589
33900,530,1883,13767
26612,508,1931,13599
26612,516,1969,13634
23692,514,1883,13609
23692,514,1945,13612
22715,515,1857,13637
22715,526,1936,13732
21982,502,1838,13442
21982,527,1888,13741
21982,498,1839,13407
21982,529,1910,13744
21982,521,1868,13701
21982,502,2001,13535
21738,519,1871,13680
21738,537,1904,13843
21982,491,1844,13325
21982,525,1888,13720
21982,519,1919,13750
21982,508,1977,13550
21738,522,1866,13711
21738,501,1947,13487
