nvml:nvidia_geforce_gtx_970_0,rapl:ram,rapl:cores,rapl:pkg
21982,631,3941,14886
21982,530,2464,14289
21982,535,2448,14360
21982,512,2158,13885
21982,511,2363,14003
21982,516,2358,14072
21982,510,2385,14010
21982,519,2209,14000
21982,530,2178,14060
21982,500,2170,13728
21982,527,2012,13860
21982,497,2006,13538
21982,529,2294,14145
21982,522,2221,14053
21982,503,2343,13898
21982,524,2337,14200
21982,498,2257,13775
21982,525,2442,14282
21982,527,2378,14226
21982,495,2403,13902
21982,532,2290,14178
21982,517,2419,14183
21982,507,2360,13949
21982,514,2317,14057
21982,512,2168,13840
21982,519,2327,14100
21982,536,2276,14219
21982,513,2252,14001
21982,505,2350,13922
21982,521,2411,14132
21982,513,2393,14076
21982,509,2205,13866
21982,537,2130,14132
21982,516,2384,14084
21982,497,2225,13704
21982,527,2295,14169
21982,513,2163,13858
21982,516,2178,13872
21982,513,2186,13886
21982,513,2357,14023
21982,536,2192,14187
21982,510,2305,13930
21982,513,2320,14010
21982,518,2398,14146
21982,513,2361,14080
21982,518,2367,14079
21982,511,2353,14038
18323,521,2352,14154
18323,526,2172,14017
18323,516,2270,13991
18323,512,2312,14009
18323,512,2289,13983
18323,510,2139,13799
18323,516,2088,13776
18323,513,1989,13682
18323,534,2050,14016
18323,513,1931,13656
18323,513,2092,13772
18323,514,2222,13955
18323,511,2133,13784
18323,515,2177,13893
18323,516,2115,13814
18323,511,2143,13830
18323,509,2173,13836
18323,516,2066,13796
18323,537,2053,14045
18323,513,2189,13875
18329,516,2249,14023
18329,505,2250,13839
18329,519,2177,13891
18329,511,2331,14011
18329,510,2098,14066
18329,537,2154,13849
18329,517,2253,13965
18329,513,2149,13838
18329,510,2096,13772
18329,522,2153,13861
18329,514,2148,13818
18329,518,2018,13780
18329,509,2145,13802
18329,516,2243,13976
18329,535,2024,13981
18329,518,2064,13749
18329,508,2143,13792
18329,516,2116,13847
18329,516,1998,13676
18329,528,2030,13936
18078,503,2029,13607
18078,506,2038,13948
18078,538,2180,13844
18078,514,1929,13653
18078,509,1948,13608
18078,507,2057,13669
18078,525,2006,13807
18078,512,1954,13640
18078,509,1952,13620
18078,515,2100,13825
18078,537,2181,14133
18078,514,2046,13771
18078,513,2427,14088
18078,506,2257,13877
18078,526,2180,14001
18078,528,2309,14190
18078,514,2120,13849
18078,516,2149,13867
18078,515,2251,13961
18078,512,2145,13841
17834,519,2060,13835
17834,506,2286,13893
17834,510,2340,13999
17834,532,2455,14389
17834,494,2287,13761
17834,511,2227,13922
17834,539,2248,14213
17834,519,2017,13768
17834,509,2186,13850
17834,506,2250,13859
17834,518,2320,14056
17834,530,2297,14217
17834,518,2284,14032
17834,490,2059,13796
17834,537,2192,13860
17834,514,2229,13930
17834,512,2207,13892
17834,513,2207,13905
17834,517,2197,13921
17834,509,2295,13948
18078,520,2342,14157
18078,508,2381,13988
18078,537,2318,14282
18078,509,2072,13724
18078,512,2154,13858
18078,513,2249,13962
18078,515,2103,13806
18078,510,2006,13658
18078,513,1960,13659
18078,537,2089,14087
18078,515,2115,13810
18078,510,2059,13722
18078,515,1966,13658
18078,511,2169,13843
18078,524,2101,13897
18078,506,2004,13626
18078,516,2052,13809
18078,509,1958,13629
18078,539,2026,14011
18078,510,2167,13831
18084,521,2282,14112
18084,504,2154,13730
18084,516,2166,13876
18084,507,2167,13809
18084,512,2231,13922
18084,525,2118,13840
18084,566,2563,14537
18084,515,2345,14049
18084,512,2277,13960
18084,515,2190,13905
18084,515,2275,13987
18084,510,2128,13776
18084,514,2183,13894
18084,559,6518,17809
18084,632,20994,32999
18084,607,21332,33072
18084,860,20257,31911
18084,795,19141,31518
18084,706,17408,28632
18084,580,21386,33600
18050,594,21844,33253
18050,773,21249,33452
18050,612,18508,29663
18050,590,52715,64284
18050,655,35539,47657
18050,639,21346,33186
18050,811,19539,31649
18050,744,20344,31646
18050,638,21289,33628
18050,616,21247,32961
18050,1168,21680,33389
24133,787,19704,28008
33848,1008,20162,24328
33848,1089,19962,24417
43539,1034,19880,23917
43539,1034,20035,24323
47163,1078,19869,23877
47163,986,19781,24249
48621,1123,18896,23314
48621,960,19956,23808
49107,1143,19767,24237
49107,1127,19400,23287
49350,1061,20384,24971
49350,1016,20338,24211
49350,1088,20352,24915
49350,994,20216,24357
49350,1109,19857,24057
49350,1092,19893,24190
49350,957,20166,24173
49350,1114,19829,24308
49350,969,20240,24222
49350,1134,20181,24450
49350,1100,20148,24319
49350,990,20490,24702
49350,1101,21185,25222
49350,894,22009,26296
49350,1001,20450,25092
49350,707,20460,24203
67881,606,19430,23937
67881,547,20130,23654
74572,595,19411,24017
74572,577,19884,23933
77962,556,21133,25084
77962,586,21981,26159
84871,563,21628,25562
84871,565,21359,25369
97075,577,21045,25186
97075,569,21333,25419
106092,573,21405,25412
106092,588,19985,24025
110600,575,21186,25241
110600,560,21215,25368
111323,582,22024,25961
111323,563,21780,25818
112527,603,22270,26838
112527,543,22385,25954
113416,601,22348,26921
113416,585,21968,26047
112527,548,21484,25399
112527,588,22446,26669
115102,563,22734,26775
115102,605,21254,25429
111804,548,21032,24843
111804,577,21608,25802
115157,549,22110,26007
115157,560,22255,26332
113416,575,22415,26423
113416,560,21404,25407
113491,565,21729,25673
113491,572,22174,26320
116306,590,22159,26765
116306,581,22322,26464
112527,560,21435,25284
112527,601,20530,24736
115342,551,21272,25092
115342,565,22017,26137
113436,578,22329,26352
113436,558,21419,25413
113678,569,22264,26200
113678,574,22235,26433
116306,585,22469,26957
116306,559,22161,25774
112507,594,21644,26209
112507,563,22121,26160
115343,555,22117,26007
115343,593,21342,25468
113416,574,21736,25705
113416,560,21423,25507
113898,565,22689,26608
113898,571,22413,26530
116524,591,22486,27090
116524,548,22319,25764
112506,594,21462,25997
112506,568,22188,26311
115101,559,22316,26280
115101,557,22309,26335
114598,575,22492,26510
114598,587,20323,24416
114139,567,21734,25593
114139,574,21977,26166
116525,555,22472,26408
116525,585,22571,26716
112747,595,21579,26101
112747,571,22352,26514
115639,549,22400,26218
115639,567,22365,26494
114620,572,22499,26475
114620,572,21267,25356
113677,554,21802,25736
113677,597,21674,25857
116525,587,21439,25895
116525,553,22494,26120
112989,596,21726,26202
112989,570,22498,26620
115342,557,22730,26655
115342,567,22542,26669
115101,563,22859,26711
115101,583,21558,25754
114193,552,21877,25759
114193,575,22212,26359
117007,565,22445,26349
117007,606,21432,25641
112527,594,21154,25637
112527,537,21959,25511
115639,586,22559,27037
115639,567,22403,26497
115102,562,22457,26313
115102,590,21586,25862
113491,546,21390,25190
113491,578,22095,26281
116546,565,22410,26341
116546,579,22227,26366
113952,596,21469,25992
113952,565,19977,23534
115398,580,21742,26172
115398,575,22160,26388
114861,560,22574,26421
114861,585,21540,25662
113973,547,21237,25078
113973,579,22358,26568
116788,563,22290,26194
116788,583,22385,26592
113677,574,21968,25934
113677,558,21470,25501
115639,592,22645,27226
115639,601,22152,26277
114620,561,21277,25216
114620,574,21628,25645
114214,554,22199,26188
114214,576,22448,26569
116547,564,22545,26484
116547,578,22335,26376
114379,575,21853,25932
114379,558,21420,25452
115342,598,22526,27151
115342,571,22296,26338
116787,545,22578,26476
116787,621,22884,27155
113732,540,21309,25104
113732,578,22188,26301
116788,565,22477,26500
116788,570,22776,26856
114379,575,22322,26312
114379,556,21686,25638
114937,601,22282,27000
114937,546,22341,25803
117247,581,22475,27018
117247,580,22469,26529
113712,564,21654,25572
113712,599,21320,25490
116547,562,21158,25069
116547,570,22098,26108
114138,578,21992,26089
114138,561,21397,25464
114861,598,22363,26938
114861,575,22249,26336
116469,554,22446,26435
116469,584,22637,26810
112935,561,21399,25212
112935,568,22338,26402
116065,564,22434,26461
116065,589,21579,25607
113898,580,21459,25513
113898,559,21626,25589
115398,567,22229,26235
115398,574,22516,26660
117487,588,22486,27030
117487,582,22376,26543
113229,564,21486,25363
113229,633,23491,27290
116306,573,20758,24997
116306,696,22924,26984
112527,573,20232,24294
112527,593,19876,23932
115824,567,21222,25216
115824,558,22014,26084
114861,581,22524,26523
114861,606,21562,26279
114193,548,21847,25760
114193,580,22181,26344
117247,554,22150,26035
117247,580,22376,26525
113175,569,21676,25614
113175,559,21639,25708
115342,588,23362,27107
115342,609,23301,27635
100680,560,21974,25898
100680,563,22550,26647
92773,573,22553,27138
92773,557,22810,26973
90132,545,23396,27238
90132,571,22457,26634
89166,550,23038,26894
89166,557,22154,26343
87999,545,22923,26837
87999,566,23211,27325
89165,558,23040,26943
89165,588,22918,27076
88241,574,22152,26718
88241,552,23290,27366
87516,543,23791,27681
87516,573,23654,27821
89165,551,22970,26859
89165,573,23318,27344
95851,584,24475,28567
95851,560,21740,25866
107538,565,22668,26593
107538,572,22571,26657
114620,582,22900,27436
114620,577,22159,25736
112045,581,21261,25716
112045,577,21638,25836
115824,548,22168,26055
115824,560,22140,26182
114675,574,22269,26232
114675,555,21699,25681
114675,573,21646,25677
114675,574,22082,26221
117007,582,22365,26888
117007,556,22368,25959
113491,587,21609,26038
113491,601,21386,25598
116787,550,21442,25324
116787,570,22033,26117
114138,572,21825,25797
114138,561,21076,25164
115102,566,22274,26264
115102,571,22135,26244
116950,584,22657,27112
116950,557,22478,26110
113250,588,21620,26090
113250,571,22405,26556
116547,544,22272,26080
116547,595,21148,25252
113657,575,21401,25435
113657,558,21715,25719
115342,565,22764,26699
115342,570,22286,26458
116228,589,22895,27459
116228,554,22032,25548
113657,578,21957,26385
113657,577,22161,26317
117006,559,22562,26559
117006,564,22017,26020
114379,571,21553,25553
114379,561,21182,25303
115343,566,22206,26101
115343,571,21934,26153
116250,585,22466,26933
116250,556,21707,25226
113678,583,21670,26244
113678,545,21639,25115
117269,579,22115,26608
117269,580,22172,26356
114193,563,21465,25406
114193,562,21367,25451
115363,557,22530,26451
115363,573,22369,26508
117247,558,22596,26477
117247,583,22218,26421
113712,589,21590,26045
113712,541,22250,25816
116787,586,22257,26780
116787,561,22348,26468
114861,565,22604,26542
114861,563,21824,25877
114916,563,21737,25731
114916,571,22004,26108
117487,548,22360,26199
117487,589,22520,26821
113973,568,21778,25620
113973,569,22368,26522
116602,597,22517,27128
116602,522,22054,25513
114861,594,22557,27101
114861,570,21688,25754
114675,550,21649,25627
114675,573,22243,26357
117510,551,22405,26247
117510,582,22305,26519
113009,571,21307,25176
113009,558,22059,26175
116361,565,22401,26392
116361,554,22015,26123
115583,599,22545,27081
115583,579,21669,25723
114455,544,21413,25369
114455,580,22205,26324
117807,555,22234,26213
117807,579,22267,26378
113491,571,21451,25326
113491,561,22178,26347
116120,565,22383,26345
116120,555,22209,26304
115583,602,22507,27097
115583,582,21756,25900
114214,538,21633,25466
114214,580,22213,26379
117728,552,22009,25938
117728,578,22230,26313
114675,569,21636,25577
114675,559,21549,25638
116120,565,22120,26045
116120,569,22013,26197
117005,582,22593,27020
117005,566,21623,25289
114192,575,21405,25884
114192,574,22060,26182
117246,548,22391,26276
117246,580,22202,26385
114139,569,21555,25490
114139,557,21247,25241
115638,567,22295,26318
115638,567,21875,25921
115802,599,22423,27049
115802,552,21871,25347
114434,576,21715,26288
114434,573,22197,26279
117269,547,22296,26186
117269,572,22086,26141
113897,573,21585,25663
113897,559,21357,25391
115824,567,22541,26521
115824,565,22140,26174
116306,570,22436,26415
116306,580,21743,25899
114434,581,21486,26053
114434,568,22050,26091
117269,559,22380,26386
117269,567,22129,26135
114159,571,21588,25662
114159,556,21152,25087
116305,565,22137,26134
116305,566,21881,25997
116546,571,22495,26462
116546,576,22011,26060
114916,553,21656,25685
114916,600,22163,26913
117269,556,22396,26314
117269,558,22070,26063
114379,570,21612,25640
114379,558,21230,25287
115583,561,22388,26318
115583,569,22293,26391
117729,552,22525,26479
117729,583,22405,26583
113732,597,21778,26358
113732,562,22332,26362
117084,551,22162,26079
117084,556,22386,26511
115824,566,22559,26522
115824,571,21619,25705
114937,552,21914,25826
114937,567,22048,26089
117969,561,22639,26690
117969,578,22644,26742
113973,594,22087,26617
113973,562,21619,25754
116361,562,22756,26757
116361,559,22556,26606
116306,556,22512,26394
116306,587,21727,25914
114434,542,21966,25871
114434,573,22358,26472
117488,559,22558,26450
117488,573,22544,26672
115157,572,22227,26271
115157,560,21712,25765
115639,586,22647,27166
115639,577,22325,26494
117991,542,22595,26504
117991,589,24221,28270
100148,553,23531,27520
100148,566,23405,27560
94178,555,23273,27222
94178,553,23190,27298
90374,543,23382,27274
90374,561,23377,27558
90132,562,23457,27382
90132,560,23293,27406
89165,569,23368,27935
89165,557,23272,27393
88440,542,23523,27410
88440,568,23477,27643
89166,542,23550,27361
89166,555,23104,27291
88440,547,23375,27311
88440,575,23449,27616
89692,586,23060,27591
89692,540,23439,26739
96575,607,24256,29017
96575,566,21417,25579
108262,542,22562,26329
108262,583,22367,26604
114861,543,22665,26499
114139,571,22826,26726
114139,560,21669,25885
113918,597,22262,26809
113918,542,22010,25590
117028,589,22617,27150
117028,547,22670,26200
113436,570,22199,26791
113436,591,22642,26666
116065,561,22639,26687
116065,546,22462,26390
115768,563,22610,26307
115768,579,21858,26237
114620,573,21841,26131
114620,550,22323,26093
117510,578,22532,26903
117510,557,22552,26193
114620,594,21659,26244
114620,530,21925,25389
116065,584,22536,27052
116065,571,22381,26537
116951,549,22524,26335
116951,584,22000,26239
114138,547,21700,25567
114138,573,21973,26012
117247,564,22289,26281
117247,577,22529,26716
114434,597,22091,26680
114434,528,21566,24990
116306,579,22452,26948
116306,579,22375,26586
117488,542,22711,26447
117488,592,22355,26732
114674,540,21612,25355
114674,578,22147,26385
117728,561,22557,26471
117728,558,22439,26532
115342,601,22663,27252
115342,528,21214,24683
115397,595,21917,26458
115397,572,22239,26400
117968,538,22614,26426
117968,587,22492,26762
113732,562,21782,25622
113732,563,22587,26727
116787,562,22814,26743
116787,552,22700,26759
115584,579,22905,26915
115584,565,22068,26187
114861,586,22460,26992
114861,543,22525,26045
117969,581,22936,27474
117969,577,22633,26796
113656,558,22323,26179
113656,564,22328,26471
116065,561,23072,26967
116065,565,22332,26433
116490,568,22735,26636
116490,584,21603,25824
114159,551,21460,25388
114159,569,22389,26509
117751,579,22550,27024
117751,581,22399,26613
114379,563,21771,25720
114379,559,21413,25499
115824,556,22613,26453
115824,570,22330,26547
116950,568,22465,26379
116950,579,21745,25897
114159,574,21479,25898
114159,546,21916,25478
117453,587,22489,27022
117453,568,22495,26619
114861,562,21814,25789
114861,566,21444,25599
115583,550,22476,26328
115583,568,22169,26286
117913,577,22290,26151
117913,584,21709,25997
113952,550,21483,25319
113952,582,22245,26424
117213,588,22541,27084
117213,555,22380,26508
115321,569,22699,26695
115321,558,21743,25679
115342,552,21769,25730
115342,575,22300,26446
117912,548,22568,26495
117912,584,22577,26745
113656,569,21815,25687
113656,562,22248,26431
117006,563,22417,26369
117006,587,22240,26949
115583,566,22364,26368
115583,573,21505,25547
115178,539,22018,25897
115178,585,22263,26513
117694,547,22195,26030
117694,579,22420,26635
113898,569,21583,25556
113898,556,21778,25779
116765,591,22534,27097
116765,529,22339,25805
116043,599,22385,27007
116043,549,21338,24845
114620,564,21608,25950
114620,585,22218,26460
118210,551,22267,26126
118210,583,22490,26719
114915,565,21996,25831
114915,559,21785,25943
116602,566,22496,26455
116602,562,22350,26393
117006,596,22399,27014
117006,553,21828,25352
114433,574,21788,26320
114433,576,22380,26504
117969,542,22389,26240
117969,572,22106,26188
114861,572,21951,25996
114861,557,21359,25365
116065,563,22525,26488
116065,568,22202,26328
117969,584,22483,27019
117969,553,22619,26195
113732,587,21763,26222
113732,568,22496,26603
117028,556,22182,26181
117028,552,22448,26473
115584,569,22815,26822
115584,569,21569,25632
115102,554,21790,25728
115102,572,22387,26492
118451,559,22226,26133
118451,578,22450,26603
114675,597,22015,26675
114675,560,21773,25804
116788,549,22620,26499
116788,569,22312,26442
117006,559,22397,26372
117006,581,21784,25902
114916,544,21743,25513
114916,574,22366,26629
118211,562,22481,26414
118211,572,22321,26392
115101,598,22014,26633
115101,565,21505,25637
116306,558,22660,26574
116306,568,22137,26254
117488,550,22232,26043
117488,584,21601,25842
114861,549,21515,25464
114861,570,22617,26683
117970,559,22799,26668
117970,571,22733,26898
114861,602,22320,26937
114861,528,21732,25184
116065,587,22984,27490
116065,580,22650,26914
116950,539,23076,26864
116950,591,22108,26331
114138,538,21545,25277
114138,602,23006,27196
107950,569,23038,27054
107950,559,23228,27340
96046,543,23119,27011
96046,548,23010,27121
92229,584,23521,28170
92229,564,22634,26773
90841,533,23144,26896
90841,563,22816,27020
88908,541,23429,27325
88908,573,23138,27334
90116,555,23140,26941
90116,563,23246,27463
89165,549,23392,27372
89165,549,23225,27299
89391,585,23618,28178
89391,538,22847,26377
89391,571,23193,27680
89391,561,22870,27031
88908,553,24643,28394
88908,569,22612,26906
105610,568,22758,26729
105610,578,21963,26061
110358,551,22230,26023
110358,571,22882,27101
116525,595,23156,27758
116525,545,22943,26386
113898,589,22157,26726
113898,564,21676,25796
115583,547,22450,26294
115583,581,22364,26603
117488,550,22682,26471
117488,581,22122,26378
114971,550,21676,25492
114971,579,22266,26472
118506,560,22623,26518
118506,569,22729,26844
115398,599,22387,27083
115398,530,21582,25015
116120,576,22572,27022
116120,582,22422,26674
118153,541,22682,26538
118153,581,22536,26677
114159,565,21818,25683
114159,564,22195,26340
117028,564,22545,26520
117028,552,22473,26517
116306,600,22628,27220
116306,579,21772,25860
115419,543,22104,26025
115419,573,22429,26513
117992,552,22511,26476
117992,578,22558,26683
114620,570,22379,26404
114620,555,22184,26248
116788,564,22950,26834
116788,563,22908,27073
117269,594,22882,27394
117269,554,21653,25227
114620,577,21695,26223
114620,574,22441,26614
117509,547,22641,26473
117509,563,22532,26609
115584,567,22358,26342
115584,558,21775,25814
115824,568,22183,26180
115824,570,22326,26460
118450,586,22672,27174
118450,549,22460,26018
114434,600,21757,26338
114434,566,22464,26544
116787,541,22556,26349
116787,572,22376,26581
116306,560,22495,26414
116306,579,21580,25732
115639,549,21909,25796
115639,571,22459,26587
117969,562,22536,26474
117969,579,22329,26429
115343,597,21936,26558
115343,528,21586,24988
116305,587,22420,27017
116305,572,22237,26357
117913,539,22527,26339
117913,587,22484,26746
114138,559,21774,25623
114138,565,22479,26609
117247,562,22622,26460
117247,553,22205,26314
116525,580,22627,26688
116525,603,21852,26516
115639,545,21644,25648
115639,573,22376,26502
118451,550,22599,26484
118451,571,22218,26263
114620,573,21539,25568
114620,557,21487,25597
116306,566,22563,26509
116306,567,22326,26402
118210,583,22706,27195
118210,553,22382,25960
114675,591,21782,26310
114675,563,22423,26539
117509,551,22342,26270
117509,564,22327,26486
116065,567,22785,26710
116065,566,21831,25829
115639,552,22018,25927
115639,574,22347,26592
118451,560,22541,26457
118451,578,22494,26623
114861,594,21476,26065
114861,563,21598,25726
116788,555,22549,26455
116788,571,22392,26475
117969,548,22316,26098
117969,588,22217,26552
114696,544,21340,25116
114696,579,21773,26011
117751,558,22367,26227
117751,566,22514,26671
115583,599,22774,27393
115583,528,21394,24816
116120,581,22198,26694
116120,578,22382,26594
118209,545,22610,26473
118209,587,22654,26874
114138,561,21657,25510
114138,556,22323,26462
117028,564,22559,26521
117028,562,22315,26343
116787,573,22508,26512
116787,578,21818,25958
115157,575,21831,26379
115157,578,22320,26497
117991,548,22561,26429
117991,567,22297,26347
115123,570,21889,25918
115123,554,21351,25342
116362,563,22586,26539
116362,569,22382,26560
118393,551,22682,26590
118393,586,22558,26741
114455,568,21679,25650
114455,565,22587,26651
117028,588,22781,27358
117028,553,22977,27002
116546,564,22952,26917
116546,576,21579,25655
115419,550,21868,25772
115419,574,22213,26409
118451,560,22533,26416
118451,574,22354,26450
114861,574,21886,25955
114861,555,21608,25650
116787,584,22535,27061
116787,579,22397,26606
118153,536,22663,26431
118153,593,22311,26610
114400,546,21815,25509
114400,576,22657,26938
117509,562,22278,26227
117509,554,22432,26478
116547,574,22667,26663
116547,557,21516,25624
116065,592,22237,26849
116065,573,22397,26483
118154,545,22599,26478
118154,587,22524,26778
114860,556,21857,25720
114860,563,21508,25617
117028,559,22525,26437
117028,564,22315,26431
116950,572,22762,26732
116950,579,22081,26183
114641,576,21780,26323
114641,543,22467,25962
118232,584,22662,27230
118232,559,22538,26540
115824,568,22473,26492
115824,558,21956,25985
116064,562,22066,26017
116064,570,22212,26389
118450,549,22757,26629
118450,586,22667,26762
114214,601,21872,26509
114214,564,24960,28427
104232,563,22666,27103
104232,579,23264,27595
96333,546,22356,26191
96333,567,23194,27321
91807,538,23226,27126
91807,553,23269,27451
90132,555,23539,27471
90132,564,23437,27539
90132,546,23238,27097
90132,549,23155,27309
88924,586,23518,28184
88924,566,23371,27458
90132,543,23086,26960
90132,561,23459,27656
89208,527,23413,27198
89208,571,23335,27563
90374,552,23493,27377
90374,559,23128,27205
92532,572,24579,28635
92532,569,22003,26090
109173,591,22563,27126
109173,545,22462,25924
110840,594,22080,26664
110840,569,21826,26000
115342,543,22607,26403
115342,572,22377,26537
117006,558,22494,26371
117006,579,21690,25884
114434,550,21785,25625
114434,576,22199,26401
117751,562,22466,26370
117751,566,22377,26491
115102,593,22412,26985
115102,566,21929,26106
116120,553,22564,26472
116120,568,22342,26388
118691,546,22622,26571
118691,581,22464,26599
114434,575,21797,25693
114434,558,22338,26438
117028,562,22476,26439
117028,556,22514,26674
116546,603,22530,27067
116546,582,21557,25690
115398,543,21748,25614
115398,576,22392,26556
118393,554,22225,26192
118393,573,22242,26327
115398,568,21808,25713
115398,557,21564,25650
116843,566,22486,26451
116843,567,22322,26423
117191,588,22513,27059
117191,554,21752,25318
114674,566,21768,26082
114674,589,21967,26315
118450,546,22314,26169
118450,572,22303,26432
115342,568,21855,25723
115342,560,21468,25656
116524,564,22566,26502
116524,568,22446,26544
118450,580,22646,27125
118450,556,22563,26149
114379,588,21961,26437
114379,574,22613,26870
117510,551,22339,26209
117510,558,22431,26549
116305,563,22924,26841
116305,568,21915,25958
115343,554,22023,25945
115343,571,22342,26507
118394,560,22597,26523
118394,577,22303,26475
114620,598,21724,26331
114620,558,21560,25584
117028,558,22627,26596
117028,562,22170,26206
117007,565,22962,26972
117007,576,22218,26247
115639,551,21769,25768
115639,571,22427,26541
118232,563,22648,26534
118232,571,22528,26570
115343,600,21909,26600
115343,528,21490,24922
116546,591,22323,26934
116546,565,22426,26428
117672,555,22488,26420
117672,584,21991,26152
114915,544,21497,25368
114915,576,21995,26108
118209,561,22283,26311
118209,564,22509,26586
116064,588,22774,26777
116064,591,21162,25828
116120,560,22225,26218
116120,568,22009,26128
118450,537,22563,26379
118450,587,22658,26873
114674,562,21826,25698
114674,564,22501,26659
117510,562,22538,26499
117510,553,22149,26100
116306,579,22732,26871
116306,566,21907,25948
115638,582,22178,26735
115638,568,22373,26420
118450,558,22482,26517
118450,570,22486,26531
115102,565,21824,25836
115102,555,21466,25470
117028,562,22601,26558
117028,566,21997,26109
117970,567,22503,26478
117970,578,21859,25990
115157,582,21766,26273
115157,573,21868,26036
118211,559,22778,26764
118211,558,22761,26718
115342,568,22200,26196
115342,557,21529,25575
116787,564,22685,26672
116787,570,22507,26617
118154,557,23013,26905
118154,581,22951,27177
114916,595,22226,26710
114916,535,23144,26619
117750,586,22677,27257
117750,554,22734,26853
116065,572,23400,27403
116065,560,22572,26512
116305,553,22399,26395
116305,569,22485,26638
118691,559,22996,26919
118691,578,22851,26990
114675,568,21895,25752
114675,556,22883,26994
117246,595,23070,27769
117246,562,22978,27012
116764,563,23035,27043
116764,574,22167,26210
115879,541,22185,26036
115879,574,22776,26931
118932,560,22941,26889
118932,573,22859,26954
116043,573,22197,26269
116043,556,21975,25967
117028,593,22901,27524
117028,537,22805,26215
118451,579,23036,27581
118451,587,22809,27075
114916,544,22104,25820
114916,575,22942,27147
117750,555,22577,26459
117750,557,22892,26983
116306,574,23075,27085
116306,560,22396,26452
115584,595,22670,27238
115584,541,22824,26349
118634,582,22976,27501
118634,576,23058,27185
115080,563,22372,26298
115080,560,22434,26511
117006,555,22958,26825
117006,567,22727,26894
117728,571,22931,26900
117728,582,22323,26420
115638,549,22075,25951
115638,572,22580,26787
118450,591,22648,27251
118450,563,22587,26667
116064,562,22390,26277
116064,562,21906,26028
116306,556,22750,26686
116306,572,22596,26740
118635,548,22755,26584
118635,585,22841,27061
114675,566,21857,25768
114675,564,22522,26606
117269,593,22414,27070
117269,561,22252,26337
116765,563,22672,26628
116765,577,21617,25704
115397,539,21859,25682
115397,600,23655,27814
103489,556,22218,26171
103489,565,23221,27367
95172,546,23527,27412
95172,549,23090,27245
91082,559,23428,27431
91082,561,23287,27361
91082,578,23245,27792
91082,563,22955,27121
89692,529,23236,27060
89692,574,22666,26895
90841,546,23190,27033
90841,563,23107,27247
89891,547,23183,27093
89891,553,23424,27578
90358,556,23683,27622
90358,567,23648,27799
89891,578,23491,28108
89891,554,23383,27462
97057,569,24617,28494
97057,569,21985,26122
108692,561,22330,26275
108692,577,21544,25602
112747,549,21894,25835
112747,572,22249,26369
117487,562,22466,26427
117487,578,22267,26399
115343,571,22096,26685
115343,555,21438,24866
116546,591,22424,27033
116546,573,22175,26351
117672,542,22563,26371
117672,588,21988,26172
114861,542,21317,25122
114861,579,21812,26050
118451,560,22369,26319
118451,558,22372,26390
116284,599,22676,27269
116284,527,21582,24977
116306,591,21854,26421
116306,578,22079,26277
118635,540,22443,26271
118635,588,22404,26644
114159,562,21664,25524
114159,563,22035,26204
117028,559,22284,26104
117028,554,22362,26507
116788,578,22532,26555
115584,586,21871,26326
115584,543,21669,25252
116546,571,22418,26804
116546,585,22248,26533
118209,563,22516,26561
118209,577,21785,25837
114915,557,21905,25880
114915,567,22294,26356
117969,561,22234,26312
117969,572,22292,26115
115583,583,21764,26203
115583,543,21540,25246
116305,578,22557,26959
116305,592,22061,26415
118932,532,22582,26269
118932,594,22611,26939
114916,556,21698,25528
114916,568,22145,26251
117806,561,22263,26228
117806,555,22244,26416
116065,573,22876,26825
116065,566,21739,25790
116142,591,21748,26368
116142,539,22188,25666
118932,580,22589,27082
118932,582,22427,26671
115398,557,21775,25651
115398,559,21656,25742
117565,558,22558,26435
117565,570,22089,26243
118210,560,22578,26494
118210,580,21942,26140
114937,583,21737,26152
114937,541,21931,25465
118232,581,22549,27071
118232,558,22326,26445
116547,566,22747,26681
116547,566,21436,25529
116306,557,22126,26065
116306,570,22291,26441
118713,554,22593,26515
118713,585,22581,26765
114641,569,21955,25846
114641,558,22301,26486
117268,586,22609,27102
117268,569,22369,26499
116788,556,22681,26569
116788,584,22007,26212
115419,542,21861,25689
115419,579,22623,26831
118209,556,22819,26696
118209,576,22795,26966
115342,572,22212,26202
115342,555,21439,25510
116787,595,22606,27190
116787,536,22303,25745
118931,569,22736,27148
118931,593,22731,26979
114916,553,21657,25468
114916,571,22460,26693
117991,555,22334,26171
117991,556,22402,26641
116547,576,22720,26624
116547,564,21747,25818
115824,584,22095,26625
115824,545,22344,25934
118635,581,22666,27136
118635,581,22669,26875
114400,556,21827,25681
114400,564,22127,26243
117269,556,22525,26465
117269,563,22397,26486
117248,572,22561,26523
117248,577,21654,25844
115342,552,21992,26473
115342,571,22293,25779
118932,585,22545,27069
118932,577,22266,26434
115342,560,21926,25858
115342,563,21783,25899
117028,552,22466,26370
117028,571,22342,26483
118875,552,22671,26519
118875,583,22537,26738
115398,597,21848,26344
115398,530,22516,26030
117991,588,22583,27115
117991,563,22089,26262
116306,558,22739,26617
116306,571,21710,25806
115824,544,22016,25911
115824,579,22370,26589
118714,552,22460,26309
118714,578,22487,26701
114641,570,21531,25421
114641,557,22086,26207
117028,595,22621,27223
117028,529,22272,25703
117751,588,22493,26991
117751,589,21568,25817
115419,533,21675,25408
115419,585,21876,26115
118932,552,22561,26412
118932,573,22266,26464
115880,570,21988,25846
115880,557,21282,25472
117084,564,22518,26452
117084,566,22301,26428
118692,573,22585,26994
118692,598,22571,26940
114455,554,21654,25472
114455,573,22474,26693
117751,547,22446,26268
117751,557,22479,26621
116787,573,22701,26596
116787,572,21842,26005
116361,551,22329,26862
116361,573,22325,25876
118714,592,22533,27119
118714,543,22419,25865
115880,589,22262,26759
115880,566,21463,25647
117084,549,22577,26457
117084,567,22374,26426
118691,555,22758,26615
118691,584,22502,26777
114696,559,22071,25925
114696,572,22883,27045
118265,592,22929,27479
118265,527,22796,26328
116546,591,23199,27681
116546,579,22078,26248
115824,538,22262,26081
115824,580,22451,26680
119116,550,23015,26882
119116,580,22694,26906
114882,569,21863,25784
114882,588,23513,27344
108745,574,22327,26512
108745,551,22753,26868
96639,567,23087,27657
96639,564,23400,27576
93695,542,23361,27189
93695,565,23068,27277
91098,531,23297,27096
91098,551,23025,27231
90374,554,23299,27191
90374,566,23334,27518
90616,576,23368,27840
90616,524,23353,26895
89165,584,23351,27946
89165,534,23376,26850
90857,577,22948,27444
90857,562,23165,27330
89648,525,23338,27144
89648,567,23411,27624
88923,552,25490,29264
88923,576,21922,26239
108209,557,22584,26438
108209,578,22630,26854
111081,593,22264,26710
111081,531,21964,25529
115398,589,22710,27242
115398,571,22424,26550
116788,546,22566,26367
116788,595,22439,26747
114675,536,22289,26066
114675,576,22844,27038
118450,558,23261,27052
118450,581,22902,27151
115343,570,22686,26732
115343,554,22470,26508
117303,586,23012,27462
117303,580,22847,27108
117247,555,23151,27027
117247,588,22200,26402
115398,535,22240,26042
115398,580,22533,26746
118473,554,22692,26571
118473,575,22334,26482
115638,570,21909,25851
115638,556,21867,25931
116787,565,22768,26750
116787,569,22382,26539
118451,565,22818,27175
118451,595,23024,27330
114696,556,22260,26115
114696,580,22583,26444
118209,573,21515,25535
118209,582,21915,26206
115638,572,21814,25819
115638,559,21768,25869
116843,592,22960,27494
116843,568,22694,26779
116546,563,22672,26669
116546,586,21747,25921
115638,532,21918,25657
115638,589,22776,27087
118691,548,22766,26593
118691,585,22776,27015
114916,565,21646,25519
114916,559,21520,25629
117269,564,22433,26335
117269,555,22420,26610
117028,599,22699,27179
117028,551,21986,25522
115879,577,22040,26525
115879,583,22609,26813
118473,546,22612,26421
118473,585,22803,27017
114696,569,21714,25586
114696,563,22511,26648
117991,594,22491,26962
117991,525,22559,26095
116306,577,23006,27035
116306,555,21826,26511
116121,580,22396,26188
116121,595,22641,27019
118691,538,22593,26387
118691,586,22823,27010
114751,557,21536,25343
114751,572,22647,26876
118450,562,22578,26460
118450,558,22503,26661
116546,573,22843,26776
116546,555,21875,25926
116361,592,22770,27345
116361,549,22727,26292
119172,570,22884,27266
119172,593,22883,27210
114620,560,21886,25673
114620,562,22052,26225
117510,559,22890,26728
117510,563,22599,26833
116469,575,22870,26805
116469,569,22051,26087
115342,578,22378,26872
115342,551,22651,26247
118612,580,22976,27474
118612,582,22719,26925
115321,557,22453,26269
115321,570,21960,26194
117728,556,22877,26746
117728,562,22425,26501
117247,573,23054,27054
117247,579,22039,26138
115638,577,22034,26515
115638,548,22780,26326
118932,576,22574,27016
118932,589,22501,26785
114620,556,21514,25297
114620,567,21601,25787
117784,556,22520,26344
117784,565,22399,26591
117487,574,22824,26799
117487,576,22136,26211
115638,579,22186,26689
115638,545,22786,26362
119172,583,22680,27163
119172,585,22870,27130
115397,551,22220,25937
115397,574,21763,26051
118024,555,22806,26708
118024,567,22264,26391
117006,569,22362,26216
117006,582,21660,25909
115879,551,21694,25546
115879,573,22381,26551
118450,583,22496,26969
118450,577,22575,26702
115397,570,21885,25933
115397,558,21778,25807
116787,553,22880,26683
116787,571,22454,26597
117487,568,22452,26406
117487,582,21869,26150
115178,569,21919,26202
115178,553,22723,26379
118714,589,22791,27355
118714,575,22356,26493
115342,561,21986,25870
115342,568,21453,25609
116787,548,22874,26754
116787,578,22572,26781
117729,556,22706,26488
117729,585,21963,26232
115398,550,21921,25746
115398,572,22736,26938
118691,563,22944,27514
118691,579,22520,25989
115583,590,22271,26817
115583,569,21813,26019
117028,542,22878,26611
117028,584,22546,26856
118634,546,22879,26679
118634,583,22866,27065
114861,554,21804,25570
114861,577,22538,26818
118232,560,22892,26753
118232,551,22781,26970
116546,590,23034,27492
116546,585,21892,26105
115879,536,22022,25871
115879,584,22413,26694
118932,544,22564,26345
118932,580,22830,27027
115824,566,21763,25730
115824,558,21512,25571
117247,561,22537,26396
117247,566,22253,26451
117672,593,22401,26967
117672,553,21744,25260
115342,560,21787,26147
115342,587,22557,26835
118932,546,22528,26419
118932,568,22663,26695
115824,569,22100,25969
115824,559,22173,26405
117028,563,23157,27075
117028,567,22854,27009
117509,581,22821,27206
117509,565,22165,25841
115398,573,22212,26757
115398,601,23712,27935
109394,546,23253,26892
109394,572,23519,27847
97058,538,23768,27662
97058,552,23345,27511
92246,582,23792,28188
92246,540,23622,27205
91566,575,23507,28014
91566,528,23088,26634
89649,560,23438,27756
89649,583,23344,27710
90841,546,23151,27037
90841,570,23098,27305
89649,532,23376,27140
89649,550,23432,27587
89408,558,23776,27739
89408,564,23468,27551
90116,575,23417,27872
90116,532,22965,26592
89408,602,24497,29091
89408,558,23191,27285
105369,568,22663,26672
105369,564,21551,25511
111322,556,22294,26349
111322,571,22394,26524
117028,551,22619,26399
117028,579,22671,26829
113898,570,22130,26143
113898,557,21956,26043
116843,584,22711,27159
116843,577,22408,26629
117728,555,22519,26466
117728,585,21934,26099
115156,529,21735,25333
115156,583,21943,26291
118232,560,22549,26471
118232,576,22509,26695
115156,568,22144,26071
115156,557,21412,25446
116842,564,22590,27219
116842,566,22365,25818
117487,587,22513,27031
117487,585,21602,25801
115397,535,21713,25520
115397,581,22478,26683
118450,553,22628,26430
118450,585,22454,26682
115397,571,22066,26080
115397,558,21660,25740
117302,562,22573,27114
117302,562,22541,25923
117488,594,22432,27012
117488,587,21743,25961
115102,533,21719,25460
115102,584,22399,26662
118692,554,22888,26857
118692,572,22807,26813
115583,570,22243,26325
115583,554,21785,25686
117007,567,22768,26830
117007,561,22725,26811
117432,590,22613,27109
117432,558,22155,25729
115102,571,21971,26489
115102,575,22921,27049
118932,547,22847,26676
118932,587,22695,26958
115824,564,22101,26030
115824,653,23202,27274
117488,558,20850,24817
117488,687,22931,27069
115102,574,20635,24625
115102,554,21028,25075
116546,578,22567,26980
116546,584,22312,26642
118634,540,22720,26564
118634,584,22735,26933
115157,560,22186,25996
115157,563,22843,26996
117750,559,22813,26673
117750,554,22871,27021
116525,596,23067,27546
116525,545,22078,25663
115824,591,22573,27209
115824,571,22893,26978
118635,543,22995,26804
118635,592,22865,27180
114620,555,22032,25845
114620,571,22417,26616
117509,551,22543,26342
117509,560,22466,26728
116547,574,22739,26676
116547,565,21975,26016
116065,577,22445,26939
116065,548,22901,26468
118691,586,23103,27669
118691,575,22875,27053
115122,554,22114,25910
115122,572,22055,26271
117105,550,22995,26829
117105,563,22793,26883
117509,571,22813,26703
117509,580,22059,26303
115660,549,22031,25931
115660,571,22772,26907
118394,577,22964,27360
118394,564,22921,26622
114620,584,22533,26996
114620,563,21985,26132
117028,551,22992,26851
117028,568,22801,26970
116972,567,22830,26848
116972,576,22281,26355
115343,576,22201,26664
115343,543,22958,26493
119172,560,22951,27595
119172,601,22801,26837
115824,566,21908,25904
115824,560,21386,25460
116788,547,22423,26269
116788,580,22421,26629
119172,540,22625,26391
119172,588,22655,26905
115157,561,22107,25967
115157,569,22701,26880
117991,586,22701,27174
117991,532,22879,26449
116787,598,23177,27739
116787,572,21942,26025
116064,538,22461,26225
116064,584,22729,27052
118394,541,22881,26689
118394,590,22932,27224
114139,565,22104,25892
114139,564,22871,27065
117728,562,22963,26898
117728,552,22800,26930
117487,603,22911,27478
117487,548,21972,25513
115583,572,22029,26468
115583,580,22721,26968
118691,542,22871,26600
118691,584,22640,26932
115343,567,22267,26214
115343,555,21911,25937
117005,561,22978,26824
117005,568,22647,26840
117432,572,22971,27571
117432,578,22313,25763
115342,566,22149,26571
115342,588,22924,27279
118153,539,22781,26543
118153,585,22685,26924
115342,564,21995,25955
115342,553,21920,25931
117006,564,22567,26524
117006,567,22229,26340
118875,585,22756,27237
118875,552,22451,26070
114861,585,22011,26456
114861,571,22628,26799
117728,542,22581,26376
117728,568,22427,26717
116469,562,22836,26736
116469,569,21837,25889
116306,552,22051,25826
116306,579,22814,27134
119173,553,23058,26957
119173,584,22899,27131
114379,580,22116,26460
114379,550,22696,26334
117729,583,22753,27288
117729,558,22837,26968
116547,559,23140,26965
116547,580,22026,26231
115824,544,22583,26399
115824,573,22794,27055
118932,558,22865,26636
118932,579,22737,27001
115343,570,22245,26814
115343,556,21509,24955
117028,573,22659,27050
117028,586,22628,26912
118153,550,23018,26908
118153,584,21817,25982
115879,575,21984,26222
115879,569,22603,26260
109447,569,22928,26926
109447,558,22843,26958
97541,569,23087,27552
97541,523,23016,26569
92290,581,23470,28132
92290,557,23289,27372
92049,536,22613,26351
92049,563,22960,27271
90175,528,23163,27049
90175,555,23485,27561
91082,555,23140,27029
91082,561,21485,25751
90417,544,22924,26776
90417,546,23040,27200
89209,568,23535,27979
89209,546,23412,27041
90373,577,23493,28014
90373,559,23040,27207
89649,556,24692,28373
89649,570,23040,27358
106092,570,22482,26459
106092,575,21870,25908
111858,583,22009,26520
111858,540,22638,26153
116788,592,22957,27577
116788,545,22864,26329
114159,583,22484,26932
114159,570,22082,26250
116788,561,22957,26961
116788,560,22742,26760
117488,563,22824,26695
117488,582,22110,26360
115824,549,22187,26065
115824,571,22467,26611
118635,593,22913,27463
118635,537,22870,26302
116284,594,22392,27011
116284,566,21963,26134
116547,543,23014,26768
116547,574,22677,26804
118875,548,22668,26657
118875,583,22498,26673
115157,562,21738,25490
115157,572,22051,26195
118210,564,22680,26736
118210,589,22915,27612
117247,563,23297,27210
117247,582,22538,26736
115824,548,21798,25718
115824,572,22655,26783
118394,552,22784,26613
118394,560,22655,26731
117007,579,22921,27055
117007,566,22149,26129
116787,583,22376,26877
116787,542,22751,26313
119356,563,23113,27088
119356,595,22758,27529
116546,558,22647,26507
116546,567,22460,26489
116787,560,22188,26195
116787,578,22432,26654
119356,548,22764,26503
119356,586,22679,26917
115583,571,22352,26286
115583,557,22118,26277
117509,586,22664,27104
117509,548,22884,26474
119356,580,22540,27071
119356,584,22440,26681
115343,554,21805,25600
115343,570,22355,26561
117509,554,22868,26720
117509,576,22417,26660
119115,542,22679,26430
119115,587,22705,26988
115343,571,21916,25827
115343,556,22454,26551
117750,584,22742,27198
118473,556,22896,26864
118473,583,22682,26974
117969,558,22492,26396
117969,579,21912,26027
116361,545,22176,26068
116361,577,22790,26964
118691,567,22848,26982
118691,564,22720,26572
117028,576,22347,26629
117028,593,21953,26365
116602,534,22163,25928
116602,594,22481,26852
118954,540,22669,26404
118954,594,22904,27233
116121,558,22429,26268
116121,559,22093,26213
117565,565,22656,26602
117565,571,22447,26588
119413,549,22577,26573
119413,588,22687,26808
115342,586,22086,26460
115342,542,22769,26405
117991,585,23101,27650
117991,572,22853,26971
117728,555,23055,26885
117728,589,22162,26447
115397,542,21766,25544
115397,581,22035,26241
118691,563,22916,26843
118691,565,22616,26739
116064,575,22977,27007
116064,556,22021,26039
116065,590,22714,27327
116065,579,22609,26789
118954,552,22743,26615
118954,576,22515,26639
116064,562,22173,26026
116064,561,21939,26099
117028,563,22503,26430
117028,572,22655,26791
119173,555,22777,26642
119173,584,22848,27034
115802,570,22098,26140
115802,559,21798,25833
117269,585,22825,27332
117269,578,22578,26785
119356,541,22916,26779
119356,589,22773,26978
115102,563,22109,25928
115102,559,22558,26731
117487,563,22780,26670
117487,564,22635,26743
118153,586,22769,27175
118153,568,22030,25760
115584,574,21917,26343
115584,580,22046,26240
118932,551,22663,26592
118932,558,22668,26694
116765,573,22757,26822
116765,570,21884,25894
116064,552,22354,26273
116064,577,22970,27142
118714,560,23139,27069
118714,577,23129,27233
116306,592,22347,26898
116306,572,22130,26348
117268,553,23152,27061
117268,577,22975,27097
119413,541,23278,27077
119413,587,23165,27442
115802,565,22141,26027
115802,560,22193,26244
117728,566,23164,27150
117728,569,23100,27192
119116,583,23326,27829
119116,559,23201,26801
114916,590,22279,26816
114916,564,22564,26724
118047,551,22666,26586
118047,568,22587,26594
119116,552,22776,26724
119116,585,22677,26892
115398,567,22076,25972
115398,566,22710,26717
117750,564,22728,26716
117750,565,22267,26387
117991,599,22071,26721
117991,577,21332,25389
115880,546,21246,25111
115880,583,21625,25924
118473,547,22331,26191
118473,551,22146,26186
117509,576,22581,26616
117509,573,21535,25556
116121,551,21907,25840
116121,571,22141,26247
118714,592,22413,27076
118714,558,22087,26174
117028,566,22473,26427
117028,573,21513,25524
116121,543,21714,25706
116121,578,22583,26706
119172,553,22479,26387
119172,575,22227,26320
115639,591,21667,25730
115639,591,22495,26387
108314,562,21377,25513
108314,551,22604,26656
96575,581,23301,27891
96575,574,23069,27250
93257,537,22958,26866
93257,549,22818,26901
91082,550,23225,27227
91082,566,23027,27109
90857,541,22971,26886
90857,552,22902,26886
89407,559,23249,27277
89407,561,23152,27282
90841,559,22665,26647
90841,585,22790,27527
89649,539,22808,26732
89649,570,22551,26744
91083,548,22440,26363
91083,554,22838,26886
91280,575,25161,29149
91280,567,20818,24896
106333,561,22224,26237
106333,575,22426,26542
114860,562,22730,26656
114860,577,22780,26896
114379,597,21735,26335
114379,533,21629,25054
116306,587,22183,26731
116306,578,22159,26319
118635,550,22442,26369
118635,581,22568,26661
115824,567,21892,25827
115824,558,21385,25469
117028,567,22264,26227
117028,572,22237,26343
118875,585,22333,26899
118875,548,22414,25916
114861,591,22223,26771
114861,567,22581,26665
117728,554,22390,26317
117728,567,21857,26027
117431,562,22532,26448
117431,579,21853,25968
115824,548,21417,25308
115824,576,22298,26500
118394,559,22414,26315
118394,588,22755,26885
116305,573,21988,25987
116305,558,21447,25483
116305,581,22171,26720
116305,578,22442,26603
118875,546,22533,26423
118875,581,22583,26701
115584,565,21808,25815
115584,557,21663,25645
117247,564,22678,26569
117247,571,22433,26622
118932,588,22686,27274
118932,550,22721,26194
114696,589,21887,26357
114696,576,22621,26858
117991,550,22052,25924
117991,566,22082,26218
117269,564,22314,26221
117269,579,21467,25616
115880,549,21507,25451
115880,572,22218,26343
118691,561,22199,26086
118691,553,22207,26367
117488,600,22395,27005
117488,579,21753,25834
116121,538,21790,25630
116121,584,22276,26512
119173,548,22386,26271
119173,561,22243,26296
116546,572,22086,26082
116546,564,21473,25477
116361,558,22156,26097
116361,576,22504,26693
118932,588,22535,27068
118932,551,22432,26008
115584,593,21889,26427
115584,562,21624,25697
117269,548,22537,26398
117269,580,22435,26630
119356,542,22596,26493
119356,589,22821,27015
115343,565,22129,25973
115343,558,22246,26409
117728,566,22649,26630
117728,570,22523,26581
119116,574,22799,27241
119116,568,22769,26411
115156,591,21765,26314
115156,565,22529,26648
117728,551,22748,26566
117728,575,22454,26646
119116,558,22706,26605
119116,584,22289,26431
115102,565,21652,25564
115102,571,22231,26349
117969,594,22286,26908
117969,570,22118,26204
117672,555,22279,26155
117672,590,21706,25965
115879,543,21521,25320
115879,580,22066,26242
118450,556,22237,26148
118450,555,22204,26354
116951,577,22423,26424
116951,577,21661,25749
116064,583,21902,26409
116064,542,21878,25365
118932,596,22125,26769
118932,554,22171,26199
117488,563,22274,26203
117488,580,21558,25684
116305,544,21871,25800
116305,579,22137,26261
118932,558,22254,26134
118932,567,22210,26292
116524,576,22257,26301
116524,557,21734,25757
116546,591,22000,26532
116546,548,22120,25690
119116,580,22353,26854
119116,582,22110,26313
116283,560,21571,25489
116283,566,21051,25141
117247,560,22030,25979
117247,573,22040,26158
119413,553,22320,26118
119413,589,22296,26625
115102,570,21680,25591
115102,555,21978,26071
117269,587,22342,26891
117269,575,22021,26195
119116,533,22410,26116
119116,597,22283,26633
115102,559,21322,25184
115102,559,22081,26146
117969,562,22292,26226
117969,562,21994,26057
117488,575,22077,26169
117488,576,21697,25735
115343,575,21424,25906
115343,550,21494,25092
118450,583,21852,26384
118450,560,22080,26159
116787,564,21810,25771
116787,560,21199,25188
116546,563,21560,25571
116546,570,21984,26129
118932,562,22360,26316
118932,578,22264,26380
115824,570,21299,25289
115824,556,21146,25177
117509,585,22245,26774
117509,580,22452,26659
119356,540,22570,26415
119356,585,22582,26769
114861,564,21442,25387
114861,558,22296,26341
117728,564,22500,26393
117728,568,22348,26488
118634,589,22473,27042
118634,553,21774,25277
115102,592,21500,26047
115102,567,22104,26219
117968,554,22267,26230
117968,564,22209,26295
117672,561,22606,26541
117672,580,21843,25944
115824,549,21795,25660
115824,578,21711,25861
118634,562,22008,25990
118634,561,22401,26469
116710,598,22448,27043
116710,575,21459,25509
116305,549,22089,26120
116305,573,22288,26416
118875,550,22452,26380
118875,556,22481,26446
116469,573,22138,26226
116469,560,21210,25189
114379,591,24159,28213
114379,549,21652,25596
100323,563,22835,26917
100323,557,22810,26919
93919,574,22888,27505
93919,540,22669,26665
92470,551,23361,27364
92470,565,22934,27067
90841,532,22971,26895
90841,548,23003,27016
91280,556,23239,27268
91280,560,23121,27193
90600,544,22923,26815
90600,580,22591,27341
90797,555,22936,26969
90797,531,22928,27069
90358,567,22899,26812
90358,544,22803,26830
90797,550,23283,27216
90797,603,24147,28393
102716,563,21318,25235
102716,558,21181,25259
112045,564,22013,25931
112045,568,22327,26440
117247,588,22464,27052
117247,547,22386,25878
114138,587,21668,26162
114138,567,21477,25664
117269,549,22344,26202
117269,577,21957,26159
118153,549,22455,26208
118153,584,21868,26140
114937,553,21581,25492
114937,576,21956,26115
117751,561,22061,26004
117751,552,22306,26413
116787,597,22615,27151
116787,581,21568,25743
115824,547,21713,25629
115824,572,22206,26327
118932,551,22421,26345
118932,559,22413,26463
116787,572,22493,26462
116787,566,21610,25647
116305,558,21994,26009
116305,570,22229,26316
118955,588,22326,26901
118955,573,22005,26139
115343,566,21369,25305
115343,566,21011,25153
116546,550,22170,26055
116546,574,22104,26229
119173,544,22372,26186
119173,587,22260,26572
114379,568,21346,25220
114379,560,22146,26242
117488,566,22203,26185
117488,562,22171,26217
118210,593,22265,26836
118210,589,21616,25839
115638,543,21321,25105
115638,579,22097,26315
118450,552,22268,26197
118450,556,22352,26455
117487,571,22513,26487
117487,578,21504,25574
116064,549,21472,25327
116064,572,22176,26362
119173,592,22321,26941
119173,565,22342,26428
116524,557,21924,25780
116524,571,21240,25358
116306,547,22033,25958
116306,583,22157,26352
119094,553,22220,26140
119094,578,22351,26535
115824,568,21809,25762
115824,558,21291,25323
117028,594,22476,27040
117028,538,22308,25759
119116,578,22406,26960
119116,579,22279,26438
115342,555,21315,25131
115342,567,21889,26088
117969,555,22309,26240
117969,568,22105,26223
118635,560,22531,26354
118635,589,21968,26215
115343,552,21481,25369
115343,581,22468,26613
118209,584,22253,26763
118209,564,22173,26302
117191,563,22495,26490
117191,582,21521,25603
116065,543,21255,25181
116065,573,22067,26186
119173,558,22334,26213
119173,576,22147,26276
115803,572,21662,25701
115803,556,21807,25870
116765,563,22368,26324
116765,569,22203,26295
119413,577,22527,27022
119413,588,22530,26784
115562,555,21718,25569
115562,567,21598,25757
117488,554,22385,26258
117488,568,22182,26334
119173,547,22370,26212
119173,589,22417,26692
115343,594,21596,26090
115343,531,22068,25557
117510,589,22476,27033
117510,570,22163,26283
117913,550,22218,26044
117913,589,21209,25425
115123,538,21608,25401
115123,584,21469,25750
118473,557,21992,25841
118473,559,22261,26444
116547,573,22556,26501
116547,566,21368,25419
116065,583,21760,26340
116065,580,22186,26365
119172,548,22499,26378
119172,568,22262,26381
116546,565,22247,26226
116546,558,21415,25416
116602,563,22024,25943
116602,572,22252,26471
119414,560,22443,26355
119414,576,22119,26249
115583,593,21594,26126
115583,541,21365,24820
117325,589,22193,26789
117325,571,22084,26209
119173,539,22502,26257
119173,591,22366,26686
114916,561,21501,25359
114916,559,21963,26099
117728,563,22341,26262
117728,570,22167,26311
119116,579,22368,26820
119116,556,22586,26183
114861,596,21641,26276
114861,562,22333,26410
117510,549,22346,26185
117510,577,22217,26421
119413,540,22447,26196
119413,588,22164,26435
115398,572,21319,25281
115398,557,22228,26298
117269,563,22283,26152
117269,564,21944,26121
117913,590,22185,26683
117913,559,21574,25186
115101,568,21272,25630
115101,586,21834,26137
118209,544,21949,25763
118209,558,21908,26066
116709,570,22534,26504
116709,571,21482,25562
116064,552,21924,25859
116064,572,22051,26215
119116,589,22214,26765
119116,543,21838,25927
116043,592,20973,24937
116043,563,21108,25221
116765,554,22300,26225
116765,573,22028,26142
119356,551,22294,26172
119356,583,22163,26364
115102,569,21604,25473
115102,558,22120,26126
117510,567,22340,26399
117510,563,22363,26427
118635,583,22705,27280
118635,580,22450,26553
114861,565,21539,25496
114861,563,22243,26403
117750,556,22086,26019
117750,559,22080,26090
117268,574,22656,26684
117268,578,21835,25971
115880,549,21669,25529
115880,612,23410,27617
104213,582,21836,26362
104213,523,22629,26109
94902,563,23060,27637
94902,564,23290,27333
93015,550,23172,27130
93015,556,23012,27134
90857,537,23322,27269
90857,566,23237,27324
91324,556,23235,27133
91324,554,22860,27035
89891,542,22965,26882
89891,560,23097,27196
91098,587,22988,27613
91098,558,23152,27328
89649,529,23176,27007
89649,564,23111,27235
91098,551,23311,27219
91098,574,22858,26886
97493,585,23560,27672
97493,557,21290,25387
108932,561,22316,26200
108932,570,22314,26490
116306,593,22392,26980
116306,547,22094,25627
114620,592,21487,26007
114620,564,21355,25470
116547,548,22087,25937
116547,578,21825,25979
118634,542,22749,26628
118634,583,22606,26776
114620,573,21847,25813
114620,557,22189,26225
117268,564,22646,26664
117268,566,22460,26480
118875,579,22694,27264
118875,582,22676,26838
114882,563,21662,25583
114882,564,22229,26348
117750,556,22517,26491
117750,563,22431,26434
118153,567,22589,26571
118153,580,21768,25953
115639,547,21276,25087
115639,581,21464,25679
118691,587,22121,26616
118691,528,22089,25622
117247,594,22489,27053
117247,580,21384,25464
116065,541,22010,25935
116065,575,22217,26331
118932,555,22322,26304
118932,554,22227,26303
117487,574,22680,26639
117487,575,21731,25860
116065,553,21653,25569
116065,570,22083,26205
118634,582,22179,26666
118634,560,22073,26241
117006,564,22423,26359
117006,577,21504,25597
116305,544,21800,25757
116305,573,22332,26443
118932,560,22233,26184
118932,572,22516,26545
116305,573,22169,26164
116305,557,21432,25538
116787,588,22331,26889
116787,577,22190,26364
119414,543,22670,26430
119414,589,22676,26966
116064,558,21727,25646
116064,560,21308,25360
117006,563,22297,26208
117006,571,22129,26288
119116,548,22240,26194
119116,586,22258,26327
115102,595,21667,26255
115102,563,21814,25944
117750,555,22314,26261
117750,569,21958,26006
118634,546,22445,26320
118634,587,22044,26285
115157,557,21220,25041
115157,572,22123,26262
118232,566,22354,26350
118232,562,22320,26501
116305,603,22158,26661
116305,539,21166,24710
116120,583,20997,25387
116120,588,21874,26128
119173,558,22300,26283
119173,580,22049,26149
115157,565,21385,25307
115157,567,21761,25886
117510,566,22269,26326
117510,567,21983,26076
117246,574,21639,25601
117246,584,21123,25249
115879,554,21631,25551
115879,579,21973,26202
118932,563,22073,26528
118932,584,22116,25710
115157,600,21394,25882
115157,568,21189,25269
117269,562,21784,25791
117269,574,21924,26108
116787,564,21936,25863
116787,590,21364,25495
115583,543,21530,25451
115583,588,22284,26527
118932,555,22115,26026
118932,585,21905,26053
115156,573,21325,25327
115156,561,21467,25540
117784,571,22374,26361
117784,564,22110,26265
117006,580,22380,26373
117006,579,21761,25855
115878,577,21592,26008
115878,556,22486,26143
118908,590,22414,26996
118908,582,22375,26503
115133,558,21937,25707
115133,579,21720,25991
117968,562,22266,26271
117968,568,22601,26740
117246,569,22533,26563
117246,581,21635,25717
115583,547,21741,25569
115583,574,22171,26368
119173,561,22339,26266
119173,569,22089,26132
116283,572,21971,25999
116283,555,21356,25398
116787,588,22160,26742
116787,573,21857,25980
119172,551,22295,26230
119172,580,22072,26241
115398,561,21213,25072
116065,577,22190,26588
116065,551,21521,25287
118875,587,22425,26849
118875,549,21911,25428
116283,571,21743,25783
116283,558,21607,25621
117246,567,22630,27377
117246,597,22237,26219
119116,538,22404,25998
119116,599,22273,26768
114620,579,21545,25733
114620,541,22789,26505
118153,586,22365,26784
118153,528,22445,26078
117247,576,22984,26964
117247,608,21895,26593
116305,553,21454,25403
116305,573,22391,26512
119414,557,22542,26549
119414,573,22409,26494
115583,566,21730,25696
115583,558,21326,25412
117269,561,22272,26179
117269,570,22231,26353
119115,551,22352,26285
119115,586,22191,26341
114882,572,21560,25545
114882,557,22139,26186
117991,591,22284,26864
117991,567,22142,26230
118656,547,22466,26365
118656,587,22001,26209
115398,557,21663,25544
115398,564,22471,26568
117750,562,22562,26484
117750,558,22361,26432
117007,575,22368,26409
117007,576,21519,25628
115584,577,21587,26106
115584,572,22357,26480
118691,550,22168,26088
118691,558,22446,26526
116546,568,22456,26447
116546,562,21152,25214
116602,563,21682,25581
116602,595,23923,28147
104645,557,22762,26649
104645,560,23139,27328
95609,578,22779,27357
95609,546,23020,27043
91565,556,21676,25722
91565,564,23254,27305
91566,549,22857,26817
91566,554,22753,26838
89649,543,23286,27176
89649,568,23313,27485
91082,559,22748,26666
91082,554,23142,27291
90116,544,23073,26996
90116,562,23215,27340
91082,582,23022,27553
91082,557,23093,27212
90132,540,23014,26986
90132,554,23350,27374
83275,1462,12887,17415
83275,1182,9404,13274
73702,898,13186,17219
73702,1067,17032,21180
71762,678,12169,16384
71762,518,2787,7096
70839,508,2354,6406
70839,519,2307,6376
70353,506,2253,6276
70353,517,2252,6319
70110,534,2238,6432
70110,518,2233,6292
70110,505,2230,6251
70110,520,2312,6389
69867,508,2230,6263
69867,519,2233,6305
69867,506,2139,6160
69867,515,2049,6118
69867,531,2195,6361
69867,523,2184,6271
69867,507,2260,6289
69867,516,2295,6348
69867,509,2141,6171
69867,521,2179,6254
69867,508,2274,6292
69867,518,2278,6355
69867,533,2142,6316
69867,516,2221,6286
69867,508,2235,6261
69867,516,2196,6259
69867,507,2258,6279
69867,524,2309,6399
69625,503,2250,6248
69625,518,2318,6392
69625,531,2262,6433
69625,527,2303,6405
62915,501,2281,6266
62915,522,2256,6350
56150,507,2233,6257
56150,522,2286,6336
53726,528,2195,6359
53726,494,2245,6319
52537,534,2216,6258
52537,515,2303,6345
52294,509,2274,6305
52294,520,2079,6160
52058,508,2114,6147
52058,517,2069,6129
52058,506,2295,6314
52058,517,2156,6232
52058,532,2194,6367
52058,509,2209,6231
52058,518,2207,6284
52058,518,2178,6248
52058,505,2295,6312
52058,525,2248,6360
51815,524,2232,6356
51815,494,2205,6135
51815,533,2339,6518
51815,513,2454,6475
51815,514,2258,6314
51815,520,2273,6355
51842,510,2299,6324
51842,514,2332,6368
51815,538,2350,6560
51815,494,2292,6217
51815,535,2323,6503
51815,518,2430,6497
51815,506,2192,6208
51815,520,2284,6365
51815,506,2287,6310
51815,518,2203,6263
51815,528,2347,6509
51815,495,2272,6357
51815,532,2284,6317
51815,519,2062,6130
51815,503,1959,5968
51815,520,2050,6136
51815,508,1954,5987
51815,520,2065,6124
51815,530,1980,6141
51815,492,2001,5930
51815,531,2150,6307
51815,521,2305,6383
51808,507,2165,6192
51808,518,2002,6071
51808,506,1995,6017
51808,518,1989,6051
51808,529,1871,6041
51808,502,2045,5972
50113,527,1985,6140
50113,525,2054,6144
49139,505,2024,6049
49139,519,2137,6211
48896,504,2106,6116
48896,524,2263,6353
48896,505,2298,6311
48896,518,2318,6383
48921,535,2267,6437
48921,523,2406,6477
48921,507,2213,6240
48921,518,2216,6293
48896,507,2359,6372
48896,521,2314,6381
48896,509,2240,6270
48896,518,2102,6170
48896,533,2163,6340
48896,520,2290,6345
48896,506,2185,6200
48896,519,1966,6044
48896,510,2031,6072
48896,519,2074,6129
48896,506,2082,6111
48896,518,2015,6084
48896,530,1995,6152
48896,522,2234,6323
48896,507,2174,6198
48896,553,2450,6515
48896,510,2437,6467
48896,517,2246,6293
48921,510,2266,6304
48921,519,2192,6256
48921,529,2265,6423
48921,526,2387,6488
48921,504,2242,6225
48921,527,2269,6378
48921,505,2090,6098
48921,523,2383,6472
48921,526,2256,6388
48921,499,2223,6171
48678,530,2126,6286
48678,522,2413,6496
48678,505,2231,6234
48678,524,2373,6471
48678,505,2252,6255
48678,521,2283,6362
48678,531,2115,6288
48678,517,2204,6248
48678,508,2118,6152
48678,523,2260,6330
48678,510,2115,6146
48678,522,2118,6200
45301,509,3164,9661
45301,505,2235,13785
30500,524,2189,14030
30500,530,2247,14107
25147,504,2264,13837
25147,532,2315,14187
23448,498,2189,13716
23448,525,2124,13939
22471,525,2165,14020
22471,505,2213,13737
22227,520,2174,13970
22227,533,2210,14101
21982,496,2324,13829
21982,534,2369,14249
21982,521,2225,14037
21982,507,2292,13867
21982,521,2290,14090
21982,508,2187,13770
21982,515,2302,14040
21982,538,2248,14205
21738,513,2262,13985
21738,520,2185,13843
