nvml:nvidia_geforce_gtx_970_0,rapl:ram,rapl:cores,rapl:pkg
17368,719,5628,17716
17368,527,2015,13846
17368,514,1752,13436
17368,511,1773,13433
17368,521,1865,13600
17368,514,1759,13476
17368,513,1727,13421
17368,511,1734,13419
17368,513,1801,13490
17368,513,1842,13550
17368,536,1819,13795
17368,511,1777,13458
17368,515,1878,13580
17368,502,1805,13393
17368,516,1562,13303
17368,511,1605,13276
17368,517,1579,13314
17368,534,1561,13523
17368,511,1589,13267
17368,514,1565,13272
17363,518,1555,13329
17363,520,1628,13383
17363,499,1626,13171
17363,510,1782,13468
17363,515,1879,13591
17363,533,1812,13740
17363,517,1750,13498
17363,512,1669,13369
17363,547,2040,13682
17363,515,2003,13707
17363,515,1774,13472
17363,513,1710,13383
17363,515,1773,13771
17363,538,1888,13580
17363,513,1797,13484
17363,512,1742,13415
17363,517,1725,13446
17363,512,1626,13291
17363,517,1593,13334
17363,512,1680,13327
17363,514,1715,13461
17363,537,1621,13557
17363,517,1583,13308
17363,513,1663,13333
17363,518,1678,13377
17363,511,1525,13195
17363,514,1640,13350
17363,516,1946,13650
17363,512,1808,13471
17363,539,1791,13780
17363,507,1672,13291
17363,522,1633,13423
17363,511,1690,13339
17363,514,1609,13323
17363,515,1589,13298
17363,513,1576,13254
17363,511,1556,13231
17363,538,1520,13501
17363,515,1673,13381
17363,515,1661,13372
17368,517,1731,13483
17368,505,1908,13472
17368,509,1853,13493
17368,528,1879,13688
17368,509,1793,13427
17368,543,2012,13993
17368,515,1753,13464
17368,514,1658,13332
17368,512,1613,13307
17368,513,1789,13476
17368,506,1676,13294
17368,521,1685,13472
17368,512,1657,13326
17368,539,1784,13770
17368,516,1694,13417
17368,501,1582,13122
17368,522,1577,13344
17368,512,1674,13350
17368,515,1730,13438
17368,516,1764,13457
17363,522,1708,13523
17363,531,1963,13836
17363,516,1967,13690
17363,515,1866,13584
17363,514,1981,13633
17363,514,1710,13417
17363,515,1649,13355
17363,508,1735,13370
17363,518,1813,13531
17363,540,1874,13881
17363,514,1790,13490
17363,512,1812,13500
17363,515,1908,13594
17363,507,1841,13461
17363,521,1856,13613
17363,514,1860,13564
17363,529,2008,13876
17363,519,1965,13735
17363,517,1776,13501
17363,511,1836,13494
17363,497,1700,13234
17363,536,1642,13543
17363,510,1801,13460
17363,515,1877,13579
17363,531,1974,13859
17363,524,2074,13848
17363,512,2047,13738
17363,513,1896,13590
17363,515,1850,13570
17363,510,1778,13427
17363,513,1841,13551
17363,526,1607,13472
17363,517,1651,13377
17363,516,1621,13354
17363,514,1770,13485
17363,513,1672,13369
17363,507,1739,13334
17363,523,1731,13540
17363,511,1741,13406
17363,515,1926,13626
17363,522,1974,13766
17363,529,1885,13739
17363,516,1799,13529
17363,514,1704,13417
17363,513,1736,13398
17363,511,1800,13472
17363,514,1681,13386
17363,515,1853,13558
17363,516,1793,13521
17363,531,1693,13621
17363,512,1696,13377
17363,511,1670,13352
17363,515,1609,13327
17363,514,1970,13670
17363,511,1636,13317
17363,513,1669,13369
17363,510,1728,13389
17363,511,1927,13910
17363,537,1690,13386
17363,512,1819,13508
17363,500,1847,13379
17363,526,1620,13465
17363,513,1658,13360
17363,516,1664,13404
17363,512,1640,13316
17363,509,1598,13267
17363,516,1779,13805
17363,534,1567,13220
17363,510,1523,13201
17363,513,1573,13275
17363,512,1574,13273
17363,511,1629,13310
17363,512,1633,13346
17363,512,1674,13355
17363,536,1668,13635
17363,516,1667,13409
17363,509,1733,13401
17363,509,1625,13277
17363,512,1900,13596
17363,516,1733,13445
17363,511,1714,13423
17363,512,1607,13260
17363,536,1743,13736
17363,510,1792,13416
17363,522,1752,13551
17363,506,1712,13332
17363,514,1801,13517
17363,529,1813,13708
17363,494,1593,13076
17363,535,1736,13695
17363,513,1579,13287
17363,506,1800,13412
17363,520,1694,13488
17363,510,1856,13522
17363,510,1827,13505
17363,509,1739,13658
17363,519,1747,13225
17363,534,1654,13613
17363,512,1878,13570
17363,495,1823,13296
17363,537,1754,13754
17363,506,1700,13294
17363,509,1731,13406
17363,509,1690,13627
17363,519,1735,13212
17363,513,1992,13669
17363,538,1692,13707
17363,507,1658,13280
17363,515,1604,13336
17363,510,1588,13268
17363,514,1680,13401
17363,528,1725,13613
17363,495,1881,13372
17363,512,1860,13838
17363,539,1812,13516
17363,513,1853,13525
17363,514,1722,13417
17363,510,1634,13300
17363,507,1929,13567
17363,509,1940,13645
17363,527,1846,13609
17363,535,1750,13717
17363,515,1781,13476
17363,514,1866,13574
17363,518,1909,13620
17363,510,1852,13513
17363,512,1701,13383
17363,513,1900,13589
17363,513,1870,13544
17363,535,1836,13808
17363,514,1883,13593
17363,511,1765,13442
17363,514,1844,13543
17363,513,1751,13453
17363,514,1810,13517
17363,514,1885,13589
17363,512,1781,13461
17363,512,1687,13377
17363,513,1735,13432
17368,523,1734,13601
17368,527,1804,13637
17368,510,1607,13274
17368,505,1758,13385
17368,514,1767,13438
17368,639,2739,14735
17368,520,1629,13083
17368,534,1612,13571
17368,516,1729,13460
17368,511,1656,13321
17368,512,1634,13316
17368,513,1672,13392
17368,508,1634,13279
17368,515,1618,13342
17368,541,2029,13651
17368,591,3344,15404
17368,516,1780,13475
17368,509,1650,13318
17368,514,1647,13353
17368,512,1540,13238
17363,514,1715,13421
17363,515,1957,13627
17363,533,1750,13703
17363,514,1841,13559
17363,516,1583,13265
17363,513,1922,13630
17363,514,1791,13489
17363,503,1869,13472
17363,519,1622,13379
17363,509,1701,13379
17363,535,1595,13557
17363,514,1647,13370
17363,504,1625,13219
17363,520,1726,13512
17363,510,1642,13312
17363,512,1737,13435
17363,517,1723,13424
17363,507,1716,13356
17363,514,1733,13453
17363,537,1917,13903
17363,515,1748,13468
17363,512,1609,13262
17363,509,1766,13423
17363,516,1542,13271
17363,514,1536,13234
17363,511,1604,13276
17363,516,1759,13454
17363,537,1654,13652
17363,515,1658,13352
17363,512,1698,13391
17363,513,1588,13302
17363,514,1605,13313
17363,509,1596,13239
17363,510,1649,13322
17363,536,1679,13662
17363,514,1623,13350
17363,509,1772,13391
17363,514,1715,13430
17363,514,1669,13389
17363,512,1719,13406
17363,505,1675,13302
17363,524,1813,13575
17363,534,1783,13741
17363,490,1708,13139
17363,533,1580,13504
17363,518,1639,13390
17363,511,1663,13350
17363,504,1579,13170
17363,523,1663,13458
17363,511,1686,13367
17363,511,1764,13433
17363,537,1706,13711
17363,513,1764,13458
17363,512,1840,13522
17363,509,1675,13334
17363,507,1613,13253
17363,525,1761,13573
17363,513,1734,13438
17363,504,1706,13607
17363,516,1735,13465
17368,520,1886,13381
17368,533,1746,13652
17368,507,1617,13266
17368,514,1589,13294
17368,516,1791,13486
17368,526,1671,13544
17368,497,1745,13239
17368,513,1723,13441
17368,535,1733,13690
17368,513,1667,13370
17368,512,1729,13406
17368,511,1673,13353
17368,520,1629,13382
17368,523,1765,13610
17368,494,1688,13155
17368,513,1704,13725
17368,530,1780,13366
17368,521,1656,13450
17368,511,1699,13369
17368,515,1727,13455
17368,521,1716,13509
17368,507,1794,13394
17368,508,1689,13327
17368,511,1791,13493
17368,543,1916,13901
17368,512,1963,13651
17368,512,1920,13603
17368,511,1854,13552
17368,513,1834,13516
17368,511,1840,13523
17368,509,1979,13936
17368,539,1735,13457
17368,514,1750,13453
17368,513,1584,13281
17368,509,1622,13287
17368,512,1685,13372
17368,518,1744,13492
17368,510,1621,13300
17368,510,1783,13454
17368,513,1939,13628
17363,534,1786,13774
17363,513,1665,13334
17363,508,1743,13385
17363,514,1719,13420
17363,513,1871,13552
17363,516,1838,13558
17363,512,1757,13438
17363,536,1660,13646
17363,511,1714,13373
17363,514,1854,13576
17363,511,1635,13334
17363,513,1672,13381
17363,509,1769,13412
17363,517,1637,13403
17363,510,1607,13285
17363,531,1635,13555
17363,515,1702,13407
17363,505,1627,13233
17363,519,1550,13306
17363,514,1736,13436
17363,515,1647,13413
17363,509,1747,13357
17363,509,1723,13390
17363,514,1618,13631
17363,541,1635,13340
17363,511,1558,13251
17363,509,1497,13153
17363,517,1549,13277
17363,509,1528,13183
17363,515,1530,13256
17363,507,1502,13146
17363,538,1459,13464
17363,514,1501,13220
17363,516,1633,13358
17363,506,1471,13097
17363,509,1536,13197
17363,514,1616,13302
17363,515,1710,13435
17363,511,1606,13300
17363,531,1779,13675
17368,504,1795,13402
17368,529,1599,13469
17368,516,1616,13347
17368,506,1736,13348
17368,517,1767,13488
17368,512,1583,13287
17368,510,1587,13254
17368,535,1624,13600
17368,515,1738,13453
17368,512,1533,13215
17368,512,1599,13278
17368,512,1580,13281
17368,512,1589,13283
17368,512,1563,13260
17368,512,1514,13200
17368,514,1449,13172
17368,512,1639,13332
17368,538,1602,13597
17368,511,1773,13454
17368,509,1717,13374
17363,545,4996,16356
17363,618,19863,32068
17363,594,21914,33598
17363,758,20313,31954
17363,787,17417,29219
17363,593,20229,31916
17363,646,20428,32111
17363,872,15015,26795
17363,842,10647,22310
17363,717,19567,31188
17363,609,50121,62002
17363,664,35537,47790
17363,797,18515,30162
17363,655,19682,31487
17363,638,20248,31954
17363,667,19623,31334
17363,836,20074,31515
17363,792,14401,26249
17363,669,19236,30880
17363,638,19465,31223
17340,636,21235,33058
17340,691,19720,32057
17340,1222,12405,23992
17340,675,14724,26617
17340,610,19576,31276
17340,684,19431,31036
17340,641,19503,31207
17340,644,19305,31050
17340,604,20706,32364
17340,590,21440,32966
17340,618,21214,33699
17340,571,21316,32728
17340,1612,21203,33448
17340,1098,10938,23040
21729,798,19766,29572
21729,961,20509,24603
38507,954,18927,23030
38507,933,20113,24286
44570,1040,19013,23264
44570,1124,18850,23067
47225,935,18992,23435
47225,981,18908,22790
47955,971,19416,24174
47955,908,18744,22379
48198,1230,19971,24668
48198,1802,13125,17570
48710,1305,16622,20890
48710,1204,18106,22525
48685,766,19258,23272
48685,1383,9592,13778
48442,604,14996,18956
48442,615,19437,23602
48410,622,20957,24868
48410,598,21780,25851
48410,630,22882,27483
48410,860,23103,27262
48410,954,20633,24678
48410,998,19229,23413
48435,912,20079,23938
48435,1183,19552,24062
48442,913,19654,23607
48442,1010,19650,24317
48442,962,19405,23115
48442,799,18719,22970
50599,908,20015,24442
50599,851,20462,24445
49382,950,20598,24985
49382,984,20449,24535
48685,979,19423,23868
48685,804,19175,23150
55672,974,20924,24824
55672,753,20245,24622
76125,625,19784,23777
76125,649,16583,20607
98170,649,15871,20006
98170,666,10713,15059
115351,639,7738,11742
115351,666,7373,11521
131781,642,7613,11602
131781,668,7481,11632
138127,673,7610,11882
138127,654,7444,11494
140293,672,7580,11656
140293,664,6374,10462
139571,654,6394,10401
139571,660,6335,10373
140293,648,6261,10322
140293,663,6412,10519
140051,655,6414,10501
140051,679,6011,10265
138152,647,4394,8416
138152,677,4069,8178
135811,656,4005,8038
135811,678,4028,8101
135088,667,4004,8031
135088,669,4008,8145
134606,652,4127,8138
134606,673,4082,8214
134390,685,4020,8243
134390,668,4115,8190
135112,658,4059,8110
135112,666,4130,8196
134365,654,4104,8136
134365,668,4091,8134
135570,673,4754,8906
135570,648,14283,18174
140010,667,13584,17667
140010,642,13456,17541
142217,667,8045,12252
142217,657,7475,11649
142432,643,7350,11286
142432,656,7385,11559
141229,667,5742,9918
141229,667,5337,9435
139182,643,4671,8665
139182,680,3974,8126
136292,663,4022,8085
136292,656,4141,8103
135329,701,4103,8347
135329,647,3989,7939
135088,689,3963,8185
135088,664,3985,8073
135329,651,3948,7906
135329,666,3965,8063
134213,676,3718,7843
134213,662,3558,7578
131805,668,3521,7576
131805,669,3606,7648
133667,693,4583,8852
133667,646,4825,8807
135570,679,4441,8516
135570,663,4275,8362
137496,671,4247,8368
137496,647,4410,8398
137255,659,4337,8372
137255,672,4343,8452
137014,667,4345,8500
137014,662,3883,7892
135418,681,3853,8048
135418,647,3886,7840
134149,686,3881,8107
134149,676,3931,7995
135153,671,3904,7949
135153,658,3783,7879
134606,653,3932,7940
134606,673,3913,8004
133972,659,3873,7916
133972,670,3781,7898
134149,674,3845,7983
134149,683,3807,7971
134912,656,3770,7805
134912,639,3664,7648
134125,672,3884,8014
134125,672,3802,7848
134189,684,3886,7993
134189,667,3754,7833
134671,661,3742,7792
134671,685,3818,7991
135153,659,3770,7900
135153,670,3823,7889
133731,644,3751,7699
133731,685,3696,7867
133972,668,3856,7923
133972,678,3910,7986
134671,614,3770,7834
134671,651,4536,8545
104489,1133,12342,16522
104489,687,20780,25028
80476,606,20207,24195
80476,747,18007,21907
105355,718,9456,13804
105355,719,3490,7705
102573,661,3438,7406
102573,707,3484,7596
100396,687,3521,7558
100396,702,3507,7584
100880,707,3460,7643
100880,637,3381,7335
105648,698,3800,8033
105648,646,3934,7843
123476,685,3926,8146
123476,664,3883,7948
130840,647,3941,7961
130840,679,3918,8036
132222,663,4002,8025
132222,667,3938,7979
133643,680,3778,7968
133643,662,3852,7867
134189,684,3823,8012
134189,647,10881,14836
141228,672,15432,19357
141228,656,14708,18790
143779,646,14338,18386
143779,649,10299,14452
145222,682,10124,14487
145222,639,10302,14082
146113,663,9170,13463
146113,650,7770,11795
145463,645,7201,11202
145463,676,7157,11390
143565,649,7228,11185
143565,679,6357,10592
141736,688,4971,9149
141736,671,4977,9060
140052,633,5035,9149
140052,663,5052,8946
140293,681,4870,9073
140293,671,3643,7700
134390,673,3326,7454
134390,670,3345,7361
130864,666,3376,7473
130864,670,3350,7337
130624,682,3322,7519
130624,661,3917,7895
133467,679,4146,8230
133467,677,3998,8103
135418,657,4048,8044
135418,668,4039,8165
136116,677,4098,8279
136116,667,6214,10331
141014,645,14124,18072
141014,657,10808,14896
144812,657,10891,15024
144812,653,10861,14955
145463,645,10995,14966
145463,647,10934,15023
145533,686,11147,15194
145533,654,10944,14980
146424,661,10962,15296
146424,672,10796,14994
145730,657,11063,15097
145730,626,10956,14706
144768,667,9135,13470
144768,661,7421,11477
144356,657,7451,11549
144356,658,7370,11404
144116,658,7628,11679
144116,680,7298,11607
144116,698,7685,11824
144116,623,7366,11145
144597,667,7411,11628
144597,658,6200,10315
142844,654,5409,9518
142844,666,4575,8698
141323,669,4678,8723
141323,660,4504,8591
140360,674,4476,8637
140360,641,4540,8473
138941,663,4505,8581
138941,675,4441,8644
139811,679,4573,8598
139811,689,4531,8758
139114,655,4497,8528
139114,666,4459,8541
137670,652,3917,7920
137670,669,3599,7727
137014,677,4221,8385
137014,658,4139,8175
138434,671,4237,8327
138434,660,4175,8281
138193,656,4267,8263
138193,674,4145,8249
138848,652,5359,9451
138848,649,9306,13184
142363,656,8621,12841
142363,679,6136,10196
143635,660,6177,10219
143635,662,5965,10107
127708,748,6332,10525
127708,707,6132,10074
119192,713,4334,8578
119192,710,3629,7733
109704,672,3567,7562
109704,689,3563,7623
106373,701,3699,7770
106373,698,3648,7761
105183,672,3569,7607
105183,684,3544,7642
117097,676,3549,7633
117097,662,3843,7910
128913,677,4468,8640
128913,641,4673,8625
135811,671,4746,8821
135811,663,4692,8800
138915,665,4765,8796
138915,678,4685,8903
141014,666,4811,8885
141014,672,4796,8935
140385,660,4629,8703
140385,673,3751,7862
136076,670,3788,7833
136076,653,3655,7702
133972,680,3783,7894
133972,672,4137,8274
136773,648,4332,8346
136773,665,4379,8482
137737,655,4460,8479
137737,668,4251,8342
139115,651,4294,8303
139115,664,4328,8421
138460,687,3970,8208
138460,666,3455,7453
134189,657,3334,7379
134189,695,3437,7611
133226,653,3454,7429
133226,683,3442,7600
132045,675,3431,7523
132045,653,3462,7453
131106,685,3396,7534
131106,662,3373,7386
131169,687,3371,7541
131169,672,3276,7340
130928,672,3403,7481
130928,677,3400,7500
130445,656,3363,7372
130445,681,3381,7483
130686,665,3426,7470
130686,677,3406,7461
130749,672,3449,7523
130749,679,3904,8085
135394,640,4126,8095
135394,671,4032,8122
135153,686,4041,8259
135153,680,4289,8250
136116,662,4197,8227
136116,695,4101,8352
137015,636,4053,7950
137015,668,4081,8195
137015,689,4144,8380
137015,643,4122,8041
137015,683,4106,8327
137015,669,4161,8218
137321,658,4137,8180
137321,667,4116,8188
137803,653,4140,8155
137803,689,4084,8330
137711,655,4166,8160
137711,663,4070,8186
137230,673,4117,8252
137230,673,4145,8230
137014,663,4216,8289
137014,661,4120,8148
137321,663,4103,8187
137321,667,4152,8254
137737,661,4223,8278
137737,667,4054,8139
136839,669,3707,7769
136839,659,3659,7699
134912,673,3642,7756
134912,669,3631,7762
132768,675,3628,7731
132768,651,4233,8185
136357,676,4241,8412
136357,647,4271,8263
137952,672,4954,9125
137952,656,3988,7958
137014,679,3873,8065
137014,642,3871,7993
136839,691,3922,7970
136839,650,3826,7878
137321,662,3854,7939
136773,644,3941,7881
136773,690,3923,8092
136357,673,3911,8079
136357,654,3932,7862
135811,682,3916,8138
135811,638,3862,7793
136051,656,3952,7989
136051,700,3845,8116
134454,643,3573,7562
134454,663,3395,7422
131828,670,3401,7488
131828,674,3405,7481
130864,671,3338,7423
130864,680,3236,7399
130864,750,9646,13676
120456,720,10480,14671
118063,688,5005,9033
118063,708,3624,7750
109033,681,3570,7561
109033,707,3650,7762
106392,696,3694,7743
106392,679,3477,7600
104941,679,3464,7533
104941,688,3346,7482
120419,670,3413,7515
120419,668,3411,7508
126610,657,3466,7479
126610,665,3342,7403
128997,678,3309,7443
128997,655,3325,7329
130445,672,3340,7420
130445,656,3282,7306
131169,692,3319,7514
131169,647,3298,7430
131627,691,3381,7428
131627,648,3307,7272
131410,679,3371,7481
131410,672,3377,7499
131627,660,3369,7390
131627,656,3308,7343
131145,684,3376,7515
131145,661,4642,8628
139330,655,9316,13363
139330,684,9806,14072
144501,628,8107,12066
144501,660,7528,11821
145078,669,6839,10871
145078,644,6842,10739
144143,671,6838,11088
144143,670,6485,10593
142285,641,4175,8173
142285,670,4265,8372
140359,663,4224,8318
140359,651,4236,8258
139637,684,4311,8515
139637,636,4280,8218
139878,678,4263,8443
139878,672,4241,8370
142017,645,4225,8202
142017,677,4264,8428
142498,638,4232,8196
142498,679,4234,8405
141053,657,3962,8002
141053,667,3799,7862
138608,665,3464,7575
138608,686,3323,7427
134429,666,3231,7287
134429,666,3279,7346
133465,662,3286,7315
133465,687,3206,7371
132983,678,3297,7371
132983,676,3239,7340
133020,653,3224,7215
133020,684,3260,7348
131841,669,3272,7364
131841,690,3790,7937
137710,653,14784,18849
137710,652,16191,20356
144328,650,14822,18756
144328,657,13665,17817
146905,634,9666,13597
146905,665,9716,13869
148320,643,11333,15356
148320,678,9201,13476
143394,647,4284,8291
143394,689,4033,8255
139637,662,3931,7982
139637,674,3938,8015
138219,670,3952,8073
138219,650,3810,7814
138459,677,3796,7978
138459,656,3955,7899
139156,671,4593,8774
139156,666,4553,8676
140841,667,4646,8700
140841,665,4554,8660
141081,644,4521,8532
141081,659,4605,8670
140841,657,4598,8681
140841,663,4633,8714
142526,646,4663,8662
142526,668,4573,8656
140842,681,4439,8656
140842,658,3747,7740
136557,662,3701,7768
136557,676,3717,7810
136141,687,3764,7942
136141,646,3724,7648
135153,680,3735,7905
135153,673,3678,7808
134695,654,3686,7710
134695,676,3714,7810
135393,654,3731,7702
135393,680,3635,7801
134454,658,3713,7738
134454,664,3748,7778
134213,685,3644,7892
134213,674,3675,7693
133973,672,3666,7783
133973,697,8336,11917
123753,741,12893,17476
123753,701,6693,10706
116614,681,3776,7863
116614,698,3828,7907
110672,688,3749,7962
110672,713,3830,7822
108307,662,3702,7733
108307,708,3756,7936
119432,654,3591,7639
119432,679,3688,7806
128999,665,3684,7732
128999,674,4134,8236
135634,652,4180,8235
135634,665,4199,8222
138219,671,4226,8385
138219,661,4260,8324
139156,659,4061,8104
139156,676,3801,7911
139156,654,4149,8157
139156,662,4288,8352
140292,659,4312,8375
140292,671,4257,8410
140292,658,4285,8305
140292,667,4384,8470
140051,701,4414,8637
140051,668,4445,8532
141495,653,4371,8446
141495,665,4416,8538
141255,652,4512,8496
141255,670,4411,8514
141976,670,5232,9413
141976,633,5484,9351
143876,668,5432,9661
143876,671,5499,9659
143394,650,5323,9315
143394,660,5400,9489
143634,660,5346,9412
143634,649,5362,9334
143806,658,5347,9475
143806,654,5376,9436
143875,660,5390,9465
143875,668,5466,9578
144570,691,5538,9773
144570,632,5372,9503
143634,677,5365,9383
143634,653,5363,9430
143875,661,5446,9517
143875,659,5269,9381
142939,657,5296,9342
142939,661,4736,8853
142698,664,4509,8640
142698,653,4460,8529
141255,665,4528,8596
141255,664,4523,8629
141323,664,4200,8275
141323,655,4027,8061
139637,658,3997,8025
139637,679,4034,8222
139396,671,4009,8117
139396,638,4763,8669
137737,665,3570,7674
137737,691,3183,7398
134671,657,3329,7326
134671,681,3257,7383
134912,662,3797,7851
134912,659,3753,7865
136773,643,3833,7800
136773,686,3872,8045
137255,660,3872,7894
137255,671,3831,7929
137737,658,3828,7875
137737,667,3964,8209
137496,689,3888,7933
137496,656,3800,7914
138459,662,3870,7920
138459,662,3898,7961
137014,654,3828,7801
137014,675,3798,7963
137255,656,3847,7871
137255,669,3845,7898
138433,658,3841,7870
138433,682,3812,8096
137471,639,3809,7746
137471,701,3881,8091
137255,641,3828,7790
137255,685,3851,8051
137496,664,3814,7869
137496,659,3802,7863
137978,640,3871,8030
137978,684,3910,7853
137014,678,3980,8176
137014,645,3875,7813
137255,669,3909,8011
137255,681,3977,8132
137978,670,3966,8031
137978,662,3920,8041
138126,651,4038,8080
138126,672,3980,8071
137230,666,4004,8046
137230,668,3992,8080
137014,653,3856,7916
137014,666,4309,8221
124417,766,13387,17615
124417,743,7984,12223
116856,666,3733,7832
116856,723,3396,7449
108549,691,3411,7513
108549,672,3340,7319
104266,682,3402,7430
104266,690,3408,7555
100880,681,3395,7532
100880,655,3216,7212
119008,663,3308,7486
119008,678,3290,7222
126406,684,3284,7441
126406,653,3225,7195
129913,678,3231,7416
129913,684,3322,7410
129674,645,3243,7201
129674,688,3231,7418
129698,660,3235,7240
129698,677,3225,7300
133732,659,5820,9838
133732,661,15196,19397
142672,643,17000,20899
142672,655,13259,17363
147118,637,11785,15762
147118,661,11841,16072
147528,677,11808,16136
147528,648,11836,15875
147867,642,10179,14159
147867,655,7886,11978
146905,649,7924,12013
146905,685,5800,10023
145078,634,4917,8846
145078,681,3715,7915
138700,663,3677,7727
138700,675,3736,7844
137802,674,3757,7915
137802,644,3700,7648
136051,654,3712,7917
136051,678,3722,7665
137040,682,3731,7891
137040,661,3657,7752
137737,662,4129,8203
137737,665,4339,8441
140359,659,4390,8381
140359,659,5103,9184
142217,648,5270,9267
142217,664,5121,9261
139878,674,3780,7946
139878,649,4123,8072
142672,656,7692,11772
142672,669,7831,12009
143394,662,5715,9845
143394,662,5715,9854
144357,647,5739,9719
144357,659,5627,9671
145078,658,5807,9861
145078,669,5656,9842
143661,653,5251,9309
143661,674,4782,8948
143875,664,4748,8803
143875,655,6986,11074
146521,639,7449,11394
146521,662,6979,11146
144597,668,5609,9790
144597,685,3286,7412
136598,665,3186,7259
136598,676,3156,7206
132831,663,3158,7249
132831,655,3231,7217
132108,675,3275,7374
132108,671,3210,7301
131322,653,3197,7192
131322,705,3283,7517
130419,646,3260,7189
130419,666,3222,7289
129178,677,3309,7392
129178,673,3327,7394
130865,688,3335,7521
130865,653,3229,7223
130841,670,3178,7293
130841,693,3384,7468
132768,652,3942,7954
132768,678,3869,7979
135329,651,3900,8097
135329,675,3867,7799
136839,686,3833,8033
136839,673,3862,7941
138675,652,3835,7857
138675,660,3829,7961
137952,647,3862,7815
137952,690,3833,8021
137736,655,3772,7819
137736,652,5185,9177
143607,662,16050,20242
143607,654,15745,19806
145873,643,11871,15941
145873,655,9648,13759
145943,657,5812,9873
145943,662,5703,9855
144501,651,5772,9779
144501,655,5756,9861
144597,660,5740,9802
144597,698,6241,10416
131058,762,13850,17999
131058,707,5596,9659
120157,687,4134,8144
120157,706,4093,8248
114703,711,4176,8365
114703,680,4090,8025
113310,708,4053,8274
113310,650,4025,7933
122811,658,4018,8067
122811,695,4595,8877
133973,648,4634,8651
133973,663,4536,8607
139878,650,4686,8704
139878,660,4551,8590
140559,664,4550,8711
140559,666,4499,8597
140840,678,4557,8748
140840,630,4490,8375
138915,685,3726,7971
138915,656,3180,7191
133554,676,3353,7390
133554,669,3838,7981
136292,650,3852,7844
136292,680,3868,7977
137040,680,3855,8044
137040,648,3842,7778
137587,685,3838,8040
137587,633,3808,7726
138285,662,3844,7920
138285,702,3809,8076
137080,651,3798,7813
137080,650,3734,7724
137803,668,3847,7923
137803,664,3800,7892
139182,654,4248,8246
139182,665,4458,8552
140119,691,4286,8579
140119,648,4074,8039
139422,660,4067,8126
139422,680,4833,9008
141322,671,5585,9740
141322,654,5090,9172
143179,668,5185,9235
143179,659,5043,9161
142699,646,5125,9118
142699,663,5122,9220
143661,655,5188,9203
143661,674,4903,9102
141014,666,4024,8115
141014,666,3953,8029
139570,666,3931,8003
139570,660,3827,7944
137736,649,3907,7905
137736,672,3909,7982
137952,658,3979,8045
137952,683,3939,8127
137256,646,3966,7887
137256,663,3945,8041
138218,656,3940,7996
138218,692,4007,8243
137952,666,3901,7982
137952,671,4001,8069
138434,656,3978,8041
138434,657,3873,7889
137978,673,3898,7999
137978,656,3996,8000
139156,656,3836,7937
139156,688,3987,8166
137014,676,3977,8112
137014,638,3951,7859
137496,688,3880,8115
137496,671,4008,8069
138915,648,3912,7909
138915,661,3844,7970
137255,668,3900,7990
137255,665,3960,8008
137977,656,3884,7912
137977,669,3940,8027
137737,691,3929,8155
137737,635,3926,7809
138675,669,3796,7994
138675,670,3773,7827
140119,647,8752,12476
140119,663,17099,21451
146948,654,14741,18710
146948,672,14268,18686
149255,625,13763,17561
149255,666,8334,12647
147626,645,7692,11698
147626,648,7888,11968
147146,650,7828,11870
147146,648,8006,12128
147626,653,7831,11826
147626,651,7868,11993
147484,684,7857,12185
147484,622,7952,11754
147457,676,7729,12026
147457,656,7854,12017
147003,647,7953,11957
147003,656,7880,11989
131144,658,4390,8435
131144,757,7716,11767
121421,699,4498,8645
121421,729,3568,7722
110967,669,3548,7550
110967,704,3597,7711
107844,686,3530,7555
107844,704,3539,7675
106928,684,3575,7631
106928,659,3508,7582
113089,684,3409,7569
113089,647,3328,7287
124500,695,3431,7659
124500,653,3304,7307
129479,680,3417,7534
129479,666,3393,7485
132109,658,3398,7403
132109,660,3382,7447
131829,669,3398,7459
131829,669,3331,7432
132527,684,3427,7592
132527,639,3334,7271
132286,688,3395,7569
132286,674,3412,7549
132349,656,3397,7394
132349,674,3331,7465
133072,656,3420,7407
133072,666,3345,7412
133072,670,3389,7464
133072,672,3321,7422
133009,661,3370,7395
133009,673,4997,9036
138459,666,5447,9637
138459,649,5028,9047
142018,670,5221,9315
142018,669,5164,9320
141977,645,5142,9128
141977,674,5216,9334
143153,662,5171,9344
143153,644,5071,9043
143153,701,5130,9218
143153,679,5155,9334
143875,657,5218,9342
143875,653,4648,8660
142981,662,4325,8369
142981,669,4366,8466
142045,664,4256,8365
142045,682,4317,8536
141254,650,4369,8389
141254,671,4420,8523
140600,652,4458,8502
140600,660,4452,8494
141014,654,4392,8439
141014,663,5300,9408
143635,656,6776,10804
143635,657,6731,10771
145249,666,6790,10930
145249,658,8713,12763
146451,660,10237,14401
146451,649,14120,18191
147556,653,14514,18544
147556,657,14433,18592
150412,640,14325,18098
150412,682,8622,13161
148036,633,6878,10869
148036,671,6711,10845
145971,671,6586,10790
145971,637,4637,8552
143661,682,4280,8448
143661,657,4168,8305
142045,664,4201,8224
142045,669,4209,8344
141082,655,4298,8303
141082,652,4200,8198
140118,670,4188,8312
140118,692,4180,8395
140841,638,4172,8287
140841,679,4244,8189
141081,681,4250,8445
141081,638,4195,8117
141081,669,4249,8379
141081,691,4067,8266
137978,642,3758,7682
137978,685,3784,7978
137255,663,3684,7774
137255,682,3665,7756
136382,658,3729,7736
136382,661,3702,7766
136533,671,3819,7936
136533,662,4421,8427
139155,666,4392,8560
139155,672,3845,7907
137977,678,3907,8070
137977,653,3868,7861
137802,675,3882,7981
137802,666,3795,7891
138915,659,3917,7962
138915,668,3883,7937
137977,684,3906,8082
137977,665,3888,7905
138500,677,3940,8095
138500,655,3845,7848
138981,678,3969,8079
138981,644,3926,7882
121179,733,4467,8696
121179,716,8647,12758
121845,712,6011,10047
121845,691,3392,7512
110430,692,3399,7519
110430,691,3374,7399
105718,683,3396,7438
105718,690,3393,7478
104699,676,3430,7501
104699,665,3400,7456
112585,667,3985,8013
112585,679,5709,9892
132199,634,5885,9848
132199,674,4436,8620
135329,656,3755,7777
135329,682,3720,7855
136292,666,3750,7862
136292,661,3765,7768
137953,680,3794,7972
137953,655,3679,7752
137080,662,3723,7748
137080,673,4286,8396
139878,655,5425,9437
139878,658,5469,9574
141977,659,5434,9489
141977,663,5092,9164
141495,681,4115,8337
141495,669,4056,8182
140118,657,4096,8128
140118,665,4101,8215
140600,647,4559,8556
140600,656,4733,8764
141736,672,4785,8984
141736,647,4830,8807
142218,667,4925,8991
142218,671,10439,14341
146183,648,17544,21724
146183,643,16823,20847
148898,657,15912,19946
148898,656,13514,17709
149719,672,11020,15243
149719,632,10964,15227
148588,671,10822,14793
148588,658,11091,15212
149451,649,10995,15024
149451,638,9676,13727
146863,678,8242,12511
146863,641,5541,9524
145490,656,5571,9602
145490,689,4897,9143
143875,651,4515,8542
143875,655,4520,8527
143661,660,4586,8628
143661,685,4001,8276
141710,663,4084,8121
141710,656,4019,8132
141081,642,4069,8018
141081,660,4000,8101
141322,646,4297,8299
141322,672,4828,8935
142457,672,4691,8897
142457,648,4810,8779
142699,667,4902,9112
142699,652,4449,8466
142458,650,4272,8249
142458,693,4164,8459
141323,659,4242,8309
141323,671,4161,8290
140600,644,4154,8169
140600,671,4210,8300
140386,655,4161,8230
140386,670,3910,7997
139879,648,3738,7747
139879,682,3835,7950
137587,680,3806,7990
137587,651,3799,7741
137978,665,3777,7875
137978,680,3798,7985
136598,672,3802,7854
136598,671,3754,7866
137777,661,3830,7872
137777,648,3742,7735
137321,667,3738,7832
137321,677,3739,7846
136382,658,3749,7800
136382,654,3722,7744
136773,683,3778,8002
136773,685,3772,7888
136292,657,3740,7775
136292,666,4619,8658
140600,643,5367,9371
140600,673,5513,9660
143153,640,5463,9483
143153,669,5377,9463
142939,666,5158,9306
142939,648,4466,8475
141014,678,4137,8339
141014,671,4121,8241
139329,658,4061,8106
139329,677,4139,8240
138941,651,4193,8174
138941,668,4808,8904
130118,742,9429,13431
124417,718,5763,10001
124417,707,3935,8055
115407,693,3959,8009
115407,704,3836,7931
112585,694,3925,8003
112585,692,3899,7945
110410,690,3851,7975
110410,656,3879,7869
120156,681,3756,7927
120156,683,3690,7807
130841,662,3740,7778
130841,660,3702,7781
132768,676,3676,7829
132768,654,3727,7665
136533,675,4294,8474
136533,641,5385,9352
140051,671,5053,9238
140051,675,4144,8239
139089,659,4119,8175
139089,668,4028,8094
138674,652,4096,8140
138674,671,4021,8161
139156,654,4126,8149
139156,665,4028,8129
139396,659,4073,8106
139396,668,4090,8186
138915,681,4044,8254
138915,674,3896,7968
138218,699,3986,7883
138218,766,9667,13896
143874,637,10035,13988
143874,671,10311,14544
146664,650,7095,11200
146664,648,7049,10992
146905,666,7003,11234
146905,679,7078,11249
146494,633,7055,11011
146494,652,6432,10554
145800,743,6841,10859
145800,665,6139,10228
146040,655,6180,10214
146040,656,6011,10086
145559,656,5806,9996
145559,656,4418,8461
143179,685,4474,8667
143179,682,4439,8598
142766,643,4362,8381
142766,668,4412,8512
142045,654,4370,8408
142045,655,4351,8358
141255,668,4406,8514
141255,657,4340,8378
142432,653,4282,8379
142432,692,4347,8605
142044,641,4614,8472
142044,678,5409,9675
142431,645,5228,9176
142431,690,4596,8891
143153,653,4638,8712
143153,662,4618,8633
141736,656,4592,8688
141736,664,4537,8608
141977,657,4602,8645
141977,659,4544,8609
143154,646,4570,8616
143154,661,4580,8612
142217,664,4551,8700
142217,682,4455,8658
142285,651,4454,8473
142285,659,4177,8207
140774,685,4142,8363
140774,671,4040,8157
139904,660,4103,8134
139904,669,3801,7876
138193,647,3600,7619
138193,683,3568,7719
135810,658,3568,7582
135810,664,3420,7459
134366,668,3552,7631
134366,681,3504,7724
134125,671,3518,7599
134125,683,3661,7765
135785,653,3511,7558
135785,653,3545,7495
134847,684,3627,7809
134847,669,3524,7623
134847,662,3568,7572
134847,694,3544,7734
136052,642,3461,7425
136052,683,3506,7659
135088,668,3534,7604
135088,670,3495,7617
134911,667,3531,7594
134911,672,3560,7627
136292,649,3400,7409
136292,676,3592,7713
135153,657,3462,7492
135153,681,3509,7703
134125,656,3553,7537
134125,673,3562,7604
135088,666,3436,7537
135088,676,3445,7522
122087,736,8878,12590
122087,749,13443,18023
117822,679,4078,8083
117822,699,3350,7458
109222,690,3367,7486
109222,680,3314,7294
104942,705,3384,7579
104942,673,3432,7395
103057,696,3408,7598
103057,683,3408,7495
113310,662,3211,7241
113310,667,3201,7288
124476,662,3262,7264
124476,684,3189,7361
128033,663,3275,7236
128033,666,3237,7296
130116,680,3170,7350
130116,684,3221,7304
129937,660,3109,7155
129937,680,3210,7322
130359,665,3226,7249
130359,667,3223,7268
131805,664,3461,7499
131805,684,5701,9947
139089,654,5533,9571
139089,651,5643,9714
142217,659,5660,9734
142217,665,5505,9578
144597,629,5678,9673
144597,677,5704,9837
144116,654,5570,9585
144116,682,5576,9884
144357,664,5664,9750
144357,632,5604,9518
144768,667,5695,9876
144768,672,4842,8947
143154,663,4162,8248
143154,667,4116,8172
141495,657,4073,8134
141495,674,4164,8284
141255,648,4159,8165
141255,664,4133,8251
140773,655,4170,8192
140773,665,4129,8219
140600,683,4089,8305
140600,667,4131,8258
140052,646,4169,8170
140052,677,4219,8348
140600,640,4168,8146
140600,675,3873,8033
138434,667,3702,7734
138434,663,3655,7749
137295,662,3734,7766
137295,686,3625,7803
136774,670,3677,7783
136774,636,3711,7603
137711,679,3748,7959
137711,680,3739,7864
136774,653,3764,7811
136774,676,3748,7823
137470,641,3664,7678
137470,659,5030,9091
141081,659,5410,9466
141081,663,5351,9423
142431,669,4989,9196
142431,676,4026,8133
139878,654,4046,8035
139878,679,4075,8212
139637,656,4044,8100
139637,667,4088,8190
139638,657,4078,8115
139638,666,4034,8133
140119,658,4032,8065
140119,668,4030,8143
139811,683,4038,8247
139811,662,4064,8151
139570,661,4142,8186
139570,662,4086,8182
140119,660,4133,8165
140119,662,4095,8169
140051,657,4159,8189
140051,667,4133,8237
140051,657,4118,8158
140051,671,4111,8278
141322,665,4689,8786
141322,650,4402,8419
139222,663,3776,7834
139222,701,3785,8026
138219,641,3689,7697
138219,675,3692,7753
137255,678,3828,8001
137255,663,4330,8429
139878,647,4499,8498
139878,671,4386,8503
140119,664,4223,8345
140119,660,4339,8324
140773,648,4366,8389
140773,682,4382,8612
141977,675,4523,8637
141977,621,4431,8316
141563,695,4473,8718
141563,657,4505,8568
141563,655,4409,8463
141563,667,4471,8587
132108,664,4969,8908
132108,772,13527,17586
123994,701,6369,10524
123994,716,4079,8214
114980,701,3982,8081
114980,694,3949,8010
111377,713,3963,8157
111377,696,3970,8028
108550,666,3988,8060
108550,678,3770,7855
125441,657,3827,7888
125441,659,3799,7834
133770,656,3724,7789
133770,678,3734,7828
134937,656,3707,7726
134937,695,3778,8015
136773,668,3746,7844
136773,657,3698,7761
136598,659,3764,7797
136598,670,3734,7796
136292,658,3743,7832
136292,676,3792,7877
136266,664,3770,7835
136266,667,3787,7826
138193,663,3764,7816
138193,666,3744,7856
136748,667,3794,8004
136748,684,3753,7758
137321,677,3809,7909
137321,652,3704,7775
136813,671,3827,7893
136813,673,3785,7894
136572,658,3804,7827
136572,668,4239,8260
139155,665,4414,8561
139155,662,4454,8528
141055,649,4373,8370
141055,673,4416,8587
140988,655,4386,8397
140988,665,4365,8449
140773,655,4367,8435
140773,686,4476,8728
141977,654,4339,8396
141977,676,6029,10138
143565,650,6691,10719
143565,656,6725,10849
145222,644,6922,10911
145222,648,6768,10818
145462,679,6262,10519
145462,641,5749,9641
145249,657,5047,9204
145249,669,4838,8896
144046,673,4773,8986
144046,673,4791,8898
143153,654,4890,8970
143153,632,4850,8729
142698,696,4866,9159
142698,645,4711,8663
142217,647,4201,8219
142217,666,4245,8333
140774,683,4246,8458
140774,675,4286,8427
141014,640,5142,9101
141014,662,5230,9334
142458,654,5211,9234
142458,674,4897,9062
140774,671,3982,8114
140774,674,4063,8154
139422,656,3985,8040
139422,661,3899,7911
139878,659,3836,7951
139878,678,3878,8033
136533,667,3398,7450
136533,674,3354,7490
134670,650,3493,7467
134670,667,4075,8168
137496,673,4008,8130
137496,656,4103,8107
138460,656,4096,8159
138460,662,8553,12435
145009,678,9753,14145
145009,657,9832,13908
146211,654,7291,11357
146211,672,4899,9018
143180,646,4864,8836
143180,668,4783,8888
144116,645,4899,8883
144116,669,4846,8962
142939,651,4807,9098
142939,670,4240,8124
141254,672,4298,8428
141254,672,4259,8359
140841,675,4296,8498
140841,647,4278,8211
139878,680,4258,8471
139878,669,4265,8332
140119,657,4231,8309
140119,671,4138,8227
138915,654,3743,7759
138915,658,3775,7765
137886,665,3727,7903
137886,648,3749,7816
127769,673,3827,7992
127769,741,11529,15323
122305,715,7271,11511
122305,709,3420,7635
112826,689,4144,8137
112826,696,4121,8115
113309,692,4077,8168
113309,708,4212,8314
112101,681,4156,8356
112101,1032,7181,11072
94894,861,18153,22234
94894,730,20515,24638
93881,730,10480,14949
93881,675,6752,10861
90796,727,6622,10650
90796,699,6555,10645
89628,684,6546,10567
89628,702,6605,10655
89143,685,6573,10572
89143,720,6645,10826
88901,693,6484,10549
88901,704,6620,10672
88917,714,6477,10711
88917,686,6566,10484
88675,694,6504,10543
88675,708,6579,10688
89402,709,6470,10717
89402,1487,6710,10961
75778,1426,7694,11833
75778,1291,6179,10339
70493,1492,6633,11119
70493,1321,5959,9901
68548,1300,8542,12998
68548,1057,11108,15064
67807,1064,13807,17808
67807,1133,15175,19770
67288,851,17647,21237
70388,581,15598,19727
70388,846,6738,11658
70400,504,2577,6701
70400,527,2022,6169
69231,506,1625,5648
69231,520,1726,5791
69231,504,1678,5691
69231,520,1688,5772
68988,504,1675,5679
68988,527,1824,5913
68988,531,1707,5872
68988,516,1762,5823
68988,506,1793,5807
68988,524,1854,5938
68745,505,1656,5671
68745,518,1771,5842
68745,508,1910,5933
68745,517,1842,5901
68502,534,1805,5990
68502,515,1720,5769
68502,509,1764,5797
68502,524,1837,5899
68502,508,2064,6106
68502,516,1729,5789
68745,510,1747,5800
68745,514,1753,5799
68745,532,1788,5950
68745,523,1847,5921
68548,508,1899,5921
68548,521,1960,6023
68502,505,1831,5850
68502,518,1792,5873
68502,509,1893,5906
68502,522,1847,5917
68502,532,1762,5942
68502,515,1784,5839
68502,506,1839,5863
68502,520,1900,5978
68745,506,1869,5883
68745,519,1776,5848
68502,507,1857,5869
68502,527,2080,6170
68502,528,1721,5871
68502,518,1866,5940
68502,505,1719,5726
68502,521,1934,6013
68502,507,1713,5741
68502,517,1779,5846
68502,506,1852,5875
68502,519,1888,5957
68502,530,1722,5876
68502,521,1728,5808
68502,510,1789,5820
68502,520,1830,5890
68502,505,1660,5677
68502,526,1747,5820
56917,508,1727,5746
56917,521,1730,5804
51599,531,1660,5813
51599,517,1772,5841
49684,508,1913,5926
49684,521,1709,5777
48954,508,1811,5842
48954,518,1858,5923
48710,507,1678,5704
48710,520,1741,5799
48467,530,1659,5822
48467,518,1633,5705
48467,506,1757,5769
48467,523,1755,5828
48467,506,1646,5657
48467,519,1567,5650
48467,509,1747,5771
48467,520,1783,5857
48467,529,1664,5810
48467,520,1738,5826
48467,508,1734,5751
48467,519,1758,5816
48467,506,1643,5662
48467,521,1743,5830
48467,509,1931,5956
48467,542,1709,5892
48467,509,1788,5829
48467,518,1640,5707
48467,511,1675,5714
48467,517,1833,5877
48467,509,1622,5658
48467,517,1726,5790
48467,509,1757,5803
48467,516,1902,5934
48474,535,1609,5793
48474,517,1598,5669
48467,507,1593,5610
48467,520,1710,5779
48467,505,1650,5669
48467,516,1703,5765
48467,508,1788,5809
48467,519,1624,5683
48474,528,1660,5798
48474,523,1687,5786
48467,506,1884,5904
48467,523,1761,5841
48467,506,1986,6008
48467,518,1696,5759
48474,505,1692,5843
48474,523,1726,5670
48467,530,1642,5797
48467,517,1798,5871
43868,479,2729,9781
43868,533,1969,13881
29787,521,1697,13514
29787,498,1667,13170
24686,522,1877,13688
24686,532,1656,13514
22974,496,1631,13171
22974,528,1631,13478
21997,522,1759,13584
21997,506,1681,13236
21997,520,1632,13455
21997,502,1703,13242
21752,523,1719,13536
21752,541,2099,13962
21752,496,1572,13110
21752,530,1635,13497
21752,497,1594,13142
21752,531,1636,13470
21752,525,1735,13611
21752,497,1679,13167
21766,527,1673,13534
21766,520,1676,13401
21752,508,1694,13357
21752,528,1916,13697
21752,521,1619,13418
21752,508,1645,13260
21752,521,1635,13450
21752,504,1620,13191
21752,523,1876,13705
21752,506,1790,13346
21752,518,1787,13567
21752,529,1859,13738
21752,500,1969,13509
21752,528,1784,13608
21752,520,1715,13522
21752,505,1884,13460
21752,528,1818,13715
21752,523,1715,13509
21508,495,1729,13254
21508,530,1714,13570
21508,519,1776,13582
21508,510,1898,13487
21508,520,1776,13580
21508,501,1693,13260
21508,519,1760,13547
21508,530,1864,13708
21508,497,1719,13272
21508,524,1659,13484
21752,498,1733,13293
21752,530,1824,13664
21752,523,1696,13549
21752,500,1682,13201
21752,521,2069,13871
21752,525,1886,13644
21752,523,1760,13545
21752,513,1620,13336
21752,511,1701,13385
21752,515,1792,13510
21752,509,1724,13386
21752,511,1636,13340
21752,536,1691,13664
21752,518,1880,13603
21752,509,1695,13342
21752,512,1794,13472
21752,514,1774,13506
21752,514,1770,13451
21752,509,1648,13308
21752,514,1828,13534
21752,516,1768,13503
21752,529,1626,13513
21752,519,1586,13371
21752,508,1635,13271
17852,501,2762,14269
17852,530,1921,13813
17852,509,1810,13479
17852,527,1784,13652
17852,498,1706,13527
17852,540,1896,13602
17852,508,1620,13283
17852,514,1724,13422
17852,509,1830,13501
17852,518,1754,13468
17852,511,1630,13316
17852,529,1804,13673
17852,518,1631,13408
17852,517,1626,13355
17852,510,1677,13347
17852,514,1707,13420
17852,509,1767,13419
17852,514,1726,13427
17852,512,1666,13374
17852,514,1727,13426
17852,517,1709,13481
17852,513,2038,13695
17852,532,1776,13673
17852,513,1561,13266
17852,511,1680,13358
17852,516,1631,13340
17852,510,1640,13308
17852,512,1794,13486
17852,537,1641,13639
17852,512,1762,13434
17852,513,1699,13412
17852,512,1804,13470
17852,512,1708,13414
17852,515,1702,13394
17852,510,1633,13323
17852,518,1857,13553
17852,513,1841,13532
17852,537,1697,13679
17852,511,1785,13485
17852,510,1743,13392
17852,523,1903,13711
17852,505,1664,13243
17852,511,1822,13513
17852,512,1817,13493
17852,536,1723,13698
17852,517,1582,13300
17852,514,1595,13312
17852,513,1608,13316
17852,505,1649,13272
17852,516,1779,13445
17852,519,1682,13422
17852,512,1623,13326
17852,535,1892,13847
17852,516,1699,13433
17852,510,1667,13336
17852,511,1603,13286
17852,504,1862,13461
17852,518,1668,13438
17852,514,1727,13441
17852,513,2053,13745
17608,524,1839,13651
17608,528,1776,13620
17608,511,1547,13241
17608,512,1571,13264
17608,514,1603,13324
17608,507,1708,13358
17608,513,1752,13451
17608,529,1752,13657
17608,496,1665,13159
17608,537,1647,13629
17608,513,1742,13452
17608,512,1653,13353
17608,503,1636,13212
17608,515,1590,13315
17608,514,1643,13355
17608,511,1704,13386
17608,540,1782,13773
17608,509,1638,13301
17608,514,1661,13365
17608,512,1609,13302
17363,515,1786,13502
17363,516,1951,13616
17363,511,1636,13334
17363,512,1626,13315
17363,537,1615,13602
17363,511,1585,13266
17363,517,1627,13364
17363,511,1645,13337
17363,509,1784,13428
17363,510,1647,13321
17363,515,1755,13448
17363,514,1704,13411
17363,529,1691,13585
17363,518,1806,13563
17363,513,1638,13351
17363,511,1663,13347
17363,503,1786,13364
17363,522,1785,13566
17363,512,1644,13362
17363,513,1751,13442
17363,518,1708,13465
17363,533,1662,13591
17363,516,1510,13253
17363,511,1582,13262
17363,504,1497,13086
17363,516,1751,13484
17363,520,1797,13497
17363,513,1591,13306
17363,511,1654,13637
17363,539,1599,13306
17363,510,1669,13322
17363,512,1711,13405
17363,514,1665,13374
17363,510,1688,13369
17363,513,1644,13356
17363,509,1664,13325
17363,538,1854,13840
17363,516,1752,13472
17363,507,1743,13387
17363,516,1696,13416
17363,522,1766,13595
17363,502,1983,13491
17363,517,1621,13361
17363,512,1687,13342
17363,541,2059,14061
17363,510,1642,13308
17363,512,1593,13302
17363,512,1567,13262
17363,513,1553,13254
17363,509,1538,13208
17363,513,1711,13396
17363,515,1742,13447
17363,516,1607,13340
17363,531,1670,13598
17363,513,1639,13341
17363,511,1613,13307
17363,513,1722,13410
17363,510,1613,13271
17363,512,1690,13388
17363,515,1793,13510
17363,514,1808,13495
17363,540,1726,13724
17363,511,1595,13269
17363,510,1588,13275
17363,508,1701,13326
17363,517,1679,13421
17363,513,1638,13354
17363,513,1775,13477
17363,510,1642,13627
17363,539,1790,13485
17363,512,1629,13283
17363,518,1641,13395
17363,510,1637,13300
17363,536,2105,13783
17363,514,1810,13512
17363,511,1793,13472
17363,538,1828,13820
17363,510,1685,13348
17363,515,1670,13399
17363,510,1757,13415
17368,504,1798,13388
17368,525,1982,13777
17368,515,1746,13480
17368,511,1692,13372
17368,514,1800,13510
17368,531,1921,13854
17368,514,1715,13433
17368,511,1839,13513
17368,512,1649,13333
17368,512,1662,13361
17368,518,1713,13448
17368,508,1772,13411
17368,517,1836,13583
17368,533,1657,13611
17368,514,1784,13485
17368,510,1746,13421
17368,508,1797,13432
17368,517,1626,13379
17368,511,1683,13370
17368,513,1769,13443
17363,529,1705,13618
17363,520,1901,13641
17363,511,1682,13381
17363,511,1609,13286
17363,508,1730,13370
17363,515,1705,13427
17363,514,1735,13445
17363,511,1813,13500
17363,536,1728,13688
17363,511,1703,13390
17363,513,1673,13389
17363,509,1744,13395
17363,513,1651,13326
17363,515,1729,13460
17363,513,1666,13374
17363,510,1921,13572
17363,517,1801,13531
17363,534,1760,13731
17363,511,1694,13403
17363,515,1935,13609
17363,514,1702,13412
17363,511,1621,13285
17363,517,1910,13620
17363,514,1745,13471
17363,512,1779,13461
17363,529,1738,13640
17363,515,1681,13398
17363,513,1775,13486
17363,510,1770,13427
17363,512,1626,13320
17363,511,1674,13353
17363,516,1933,13648
17363,535,1671,13638
17363,513,1601,13304
17363,511,1630,13318
17363,514,1684,13389
17363,508,1786,13428
17363,514,1672,13385
17363,512,1677,13372
17363,514,1999,13697
