nvml:nvidia_geforce_gtx_970_0,rapl:ram,rapl:cores,rapl:pkg
68536,728,6035,9912
68536,538,2133,6388
68536,511,1628,5672
68536,519,1473,5525
68502,507,1660,5676
68502,519,1513,5586
68502,507,1516,5543
68502,519,1526,5594
68502,534,1558,5721
68502,491,1538,5457
68502,531,1533,5694
68502,516,1408,5470
68502,511,1547,5586
68502,518,1468,5534
68745,506,1514,5533
68745,518,1510,5576
68502,529,1497,5642
68502,495,1634,5718
68502,532,1604,5629
68502,518,1520,5583
68502,504,1464,5473
68502,524,1513,5596
68502,509,1465,5487
68502,520,1496,5574
68745,529,1513,5659
68745,498,1648,5585
68745,531,1608,5760
68745,518,1536,5599
66835,514,1707,5714
66835,521,1584,5667
55251,508,1517,5544
55251,516,1542,5599
50876,535,1601,5761
50876,519,1477,5552
49441,509,1616,5652
49441,515,1405,5453
48710,511,1486,5512
48710,516,1407,5470
48467,511,1461,5493
48467,515,1514,5567
48223,536,1476,5644
48223,518,1494,5557
48223,508,1461,5481
48223,519,1422,5499
48223,513,1586,5608
48223,516,1447,5507
48223,509,1436,5472
48223,516,1410,5473
48223,535,1458,5617
48223,515,1406,5460
48223,508,1447,5473
48223,519,1392,5471
48223,507,1497,5515
48223,518,1397,5471
48223,505,1467,5480
48223,524,1464,5565
48223,526,1455,5591
48223,496,1517,5453
48223,530,1507,5663
48223,519,1607,5678
48223,507,1506,5522
48223,521,1530,5609
48223,511,1583,5616
48223,516,1569,5623
48223,534,1454,5615
48223,517,1440,5494
48223,512,1459,5506
48223,516,1465,5507
48223,512,1618,5651
48223,517,1584,5640
48223,507,1473,5494
48223,518,1469,5544
48223,534,1416,5578
48223,515,1530,5592
48223,509,1598,5632
48223,517,1495,5559
48230,507,1542,5561
48230,518,1494,5567
48230,508,1548,5572
48230,517,1522,5586
48230,531,1577,5731
48230,516,1388,5453
39508,494,1978,12541
39508,522,1496,13280
28095,515,1610,13316
28095,511,1480,13125
23953,521,1446,13261
23953,509,1515,13102
22491,519,1444,13231
22491,524,1478,13278
21758,502,1468,13065
21758,532,1493,13361
21513,515,1451,13200
21513,512,1460,13103
21513,522,1428,13268
21513,519,1531,13278
21269,503,1576,13133
21269,530,1392,13268
21269,498,1457,13016
21269,521,1526,13276
21269,527,1414,13285
21269,510,1599,13188
21277,521,1534,13302
21277,528,1416,13256
21269,503,1420,13024
21269,527,1394,13244
21269,516,1467,13216
21269,513,1486,13134
21269,524,1518,13341
21269,496,1519,12984
21269,530,1502,13431
21269,543,1738,13458
21269,506,1463,13087
21269,529,1463,13328
21269,516,1466,13226
21269,507,1509,13079
21269,518,1437,13216
21269,512,1478,13137
21263,516,1433,13201
21263,528,1500,13326
21507,501,1489,13052
21507,534,1564,13475
21263,512,1481,13193
21263,506,1554,13114
21263,532,1563,13475
21263,507,1415,13003
21263,515,1422,13190
21263,524,1479,13252
21263,502,1412,13009
21263,530,1408,13277
21263,517,1424,13215
21263,498,1451,12945
21263,524,1418,13270
21263,526,1420,13247
21263,501,1427,13022
21263,515,1624,13216
21263,537,1557,13534
21263,512,1468,13154
21263,505,1457,13057
21263,514,1494,13177
21263,520,1550,13323
21263,515,1490,13201
21263,516,1528,13214
21263,536,1494,13454
21263,514,1466,13146
21263,513,1393,13103
21263,513,1476,13162
21263,507,1474,13079
21263,520,1470,13248
21263,514,1417,13120
21263,528,1433,13321
21263,515,1497,13201
21263,518,1580,13335
21263,513,1376,13088
17852,519,1547,13303
17852,509,1507,13108
17852,512,1404,13084
17852,517,1406,13139
17852,508,1415,13056
17852,514,1590,13590
17852,539,1398,13086
17852,511,1485,13145
17852,514,1503,13224
17852,503,1429,13010
17852,519,1455,13209
17852,513,1401,13119
17852,514,1424,13124
17852,529,1466,13325
17852,521,1474,13272
17852,513,1414,13111
17852,512,1392,13069
17852,506,1432,13042
17852,520,1439,13210
17852,512,1432,13117
17852,528,1464,13345
17852,522,1462,13243
17852,511,1420,13092
17852,516,1399,13143
17852,513,1443,13131
17852,512,1489,13158
17852,515,1426,13135
17852,519,1655,13385
17852,513,1623,13308
17852,533,1399,13337
17852,516,1400,13130
17852,512,1380,13077
17852,503,1460,13045
17852,524,1504,13294
17852,511,1538,13160
17852,516,1548,13276
17852,514,1472,13180
17852,537,1483,13445
17852,512,1421,13105
17852,504,1494,13094
17608,505,1595,13193
17608,535,1486,13375
17608,510,1425,13097
17608,514,1424,13133
17608,511,1389,13067
17608,513,1543,13231
17608,537,1421,13407
17608,514,1488,13166
17608,508,1461,13066
17608,511,1403,13077
17608,522,1513,13293
17608,517,1518,13234
17608,511,1448,13115
17608,517,1534,13227
17608,535,1425,13388
17608,515,1405,13131
17608,510,1444,13104
17608,506,1424,13048
17608,521,1584,13367
17608,516,1440,13164
17357,516,1529,13285
17357,511,1521,13161
17357,529,1436,13332
17357,513,1395,13101
17357,513,1443,13141
17357,512,1473,13146
17357,512,1435,13121
17357,515,1461,13153
17357,519,1575,13280
17357,511,1531,13504
17357,538,1400,13092
17357,512,1462,13152
17357,514,1471,13169
17357,513,1555,13244
17357,511,1527,13183
17357,515,1453,13182
17357,514,1443,13160
17357,528,1470,13337
17357,521,1448,13244
17357,512,1480,13154
17608,500,1530,13071
17608,531,1450,13324
17608,510,1371,13026
17608,513,1387,13089
17608,510,1514,13178
17608,537,1548,13500
17608,517,1467,13206
17608,516,1506,13229
17608,507,1453,13080
17608,514,1459,13162
17608,511,1420,13111
17608,514,1426,13111
17608,513,1461,13173
17608,515,1584,13272
17608,534,1500,13466
17608,513,1449,13149
17608,512,1499,13189
17608,512,1473,13167
17608,510,1595,13260
17608,515,1567,13287
17608,515,1617,13332
17608,512,1535,13184
17608,535,1482,13456
17608,511,1541,13212
17608,516,1811,13535
17608,512,1882,13561
17608,512,1921,13603
17608,515,2002,13709
17608,511,1720,13386
17608,518,1755,13503
17608,512,1693,13369
17608,536,1534,13518
17608,510,1810,13469
17608,514,1819,13520
17608,512,1877,13545
17608,510,1623,13293
17608,517,1686,13422
17608,512,1602,13296
17608,534,1615,13562
17608,510,1563,13320
17608,519,1577,13210
17608,514,1637,13346
17608,511,1669,13337
17608,514,1728,13437
17608,510,1604,13276
17608,515,1751,13457
17608,535,1579,13548
17608,514,1529,13234
17608,510,1530,13185
17608,516,1510,13227
17608,516,1664,13354
17608,507,1517,13410
17608,516,1462,12903
17608,521,1515,13263
17608,534,1518,13482
17608,516,1587,13312
17608,511,1535,13208
17608,512,1449,13121
17608,512,1644,13327
17602,506,1487,13169
17602,521,1474,13191
17602,511,1518,13190
17602,538,1478,13474
17602,512,1480,13161
17602,510,1435,13105
17602,515,1498,13210
17602,511,1502,13161
17602,514,1500,13203
17602,524,1824,13496
17602,520,1659,13391
17602,536,1567,13552
17602,514,1502,13221
17602,507,1632,13245
17602,517,1562,13289
17602,510,1674,13345
17602,520,1764,13467
17602,510,1732,13405
17602,533,1685,13605
17602,519,1655,13421
17608,505,1670,13296
17608,525,1795,13602
17608,512,1687,13337
17608,511,1456,13142
17608,515,1390,13100
17608,509,1489,13142
17608,519,1573,13286
17608,537,1481,13470
17608,514,1596,13290
17608,508,1450,13100
17608,514,1579,13272
17608,514,1479,13180
17608,515,1591,13294
17608,512,1407,13096
17608,514,1579,13260
17608,537,1386,13394
17608,505,1529,13125
17608,519,1419,13193
17608,512,1591,13269
17608,513,1457,13147
17608,512,1522,13234
17608,513,1427,13103
17608,511,1607,13270
17608,536,1493,13460
17608,516,1436,13174
17608,512,1600,13289
17608,515,1621,13308
17608,517,1503,13220
17608,514,1702,13419
17608,528,1694,13561
17608,493,1468,12917
17608,538,1482,13470
17608,548,1594,13310
17608,516,1766,13461
17608,511,1567,13222
17608,515,1589,13294
17608,515,1528,13227
17608,513,1573,13259
17608,512,1584,13241
17608,538,1584,13571
17608,495,1562,13048
17608,538,1583,13536
17608,510,1597,13251
17608,515,1588,13287
17608,513,1481,13178
17608,514,1463,13165
17608,512,1594,13272
17608,550,2198,14106
17608,515,1611,13370
17608,517,1482,13206
17608,511,1583,13241
17608,515,1539,13248
17608,516,1501,13217
17608,514,1530,13229
17608,513,1617,13305
17608,512,1526,13493
17608,538,1611,13298
17608,504,1613,13202
17608,521,1568,13342
17608,513,1558,13228
17602,522,1497,13332
17602,507,1475,13052
17602,534,1510,13460
17602,515,1502,13218
17602,515,1511,13220
17602,513,1520,13190
17602,510,1576,13188
17602,517,1541,13268
17602,523,1473,13242
17602,509,1618,13219
17602,537,1496,13459
17602,515,1474,13184
17602,514,1506,13190
17602,515,1549,13251
17602,514,1570,13253
17602,517,1540,13251
17602,515,1462,13173
17602,513,1526,13214
17602,537,1617,13577
17602,517,1532,13264
17608,499,1576,13092
17608,534,1547,13465
17608,508,1637,13241
17608,516,1473,13193
17608,513,1559,13240
17608,515,1512,13212
17608,567,4446,16310
17608,582,19703,31051
17608,598,20868,32542
17608,775,18961,30678
17608,786,17125,28814
17608,596,19542,31246
17608,656,18842,30612
17608,933,16025,28136
17608,890,14042,25899
17608,691,28053,39135
17608,622,50172,61995
17608,674,28505,40850
17608,792,18504,30051
17608,646,19517,31210
17573,665,19844,31944
17573,632,20009,31337
17573,1060,16536,28877
17573,626,15268,26768
17573,696,19006,31130
17573,629,19602,31211
17573,644,20160,31818
17573,654,19852,31603
17573,1226,10767,22429
17573,669,16019,27747
17573,624,19636,31353
17573,689,19226,30930
17573,644,19287,30870
17573,667,19152,30884
17573,616,19611,32023
17573,581,21243,32831
17573,576,21328,32976
17573,591,21374,33057
17573,960,13878,25627
20992,796,19969,30569
30967,983,19541,23692
30967,902,18849,22941
42379,1015,19002,23671
42379,915,19111,22783
46731,997,18766,23465
46731,1029,18990,23162
48192,971,19013,23053
48192,1091,20021,24253
48897,822,18934,22869
48897,971,19144,23572
48897,862,18746,22769
48897,1290,8882,13133
48922,607,15239,19166
48922,633,19212,23349
49133,618,20162,24107
49133,593,21762,25868
49108,619,23074,27018
49108,921,22689,27518
49376,948,19395,23412
49376,1027,19149,23422
49383,908,19287,23352
49383,1196,19842,24061
49383,978,19248,23631
49383,974,19366,23289
49383,979,19009,23102
49383,797,19270,23444
51565,844,19507,23714
51565,876,19453,23457
50105,969,19477,24036
50105,983,19535,23702
49626,948,19545,23648
49626,873,18669,22993
57123,943,19681,23588
57123,781,19644,23901
75641,606,19795,23672
75641,688,17309,21560
95736,650,17521,21585
95736,649,15760,19841
106715,657,10936,15331
106715,660,9148,13197
129550,638,7325,11313
129550,668,7260,11388
136201,656,7467,11693
136201,530,7548,11369
118227,1087,17241,21419
118227,763,19633,23740
86436,608,20327,24220
86436,753,19110,23362
106493,748,11568,16089
106493,669,3541,7474
104439,711,3425,7623
104439,682,3402,7373
102815,710,3343,7537
102815,686,3287,7316
101364,692,3294,7351
101364,673,3257,7396
105406,634,3628,7614
105406,668,4480,8606
125141,654,4412,8410
125141,706,4524,8646
133426,668,4649,8821
133426,645,7905,11734
140293,658,8256,12354
140293,689,7385,11732
142913,655,7337,11442
142913,670,6981,10981
127311,734,6466,10510
127311,723,6357,10481
117339,717,4146,8353
117339,687,3268,7282
108308,677,3285,7271
108308,755,3327,7538
104024,684,3286,7331
104024,677,3319,7321
100638,661,3328,7554
100638,687,3120,7123
115649,684,3185,7278
115649,670,3190,7223
125201,648,3303,7249
125201,679,4246,8438
133948,692,4316,8501
133948,644,4182,8149
137886,650,4239,8244
137886,702,4425,8550
134847,690,4301,8532
134847,722,9185,12897
123693,732,7168,11583
123693,684,3638,7628
114220,705,3768,7865
114220,697,3744,7982
111322,712,3760,7748
111322,690,3663,7687
109203,672,3605,7697
109203,705,3717,7920
121063,648,3656,7633
121063,697,4937,8771
135304,663,10799,14971
135304,681,10323,14697
140748,665,5504,9593
140748,631,5154,9047
140773,681,5210,9436
140773,658,5165,9258
126744,713,5380,9489
126744,711,5372,9466
120881,700,4995,9001
120881,702,3603,7658
113068,723,3605,7828
113068,705,3623,7554
109222,719,3597,7824
109222,696,3603,7642
108046,663,3519,7596
108046,687,3519,7597
121340,667,3339,7402
121340,666,3271,7342
128672,665,3338,7393
128672,789,3911,8092
131082,654,3364,7312
131082,678,3342,7448
133225,678,3264,7425
133225,713,3421,7532
132768,658,3338,7343
132768,718,4102,8268
119212,700,5909,9921
119212,705,4580,8613
118282,706,3983,8108
118282,704,4016,8083
117076,696,3997,8073
117076,883,4808,9004
116407,684,3990,8101
116407,659,4036,8002
127527,691,3926,8131
127527,689,3816,7909
136024,665,4066,8159
136024,645,4575,8472
140987,668,4561,8708
140987,666,4640,8727
142431,654,4762,8787
142431,666,4650,8764
137052,662,4254,8352
137052,749,11133,15096
127046,740,7839,12234
127046,699,4508,8585
114201,687,3268,7293
114201,723,3281,7316
107047,692,3252,7325
107047,699,3263,7345
104700,685,3175,7244
104700,662,3177,7231
111377,698,3040,7257
111377,679,3088,7148
122145,669,2990,7052
122145,672,3062,7120
127310,668,3029,7091
127310,679,3085,7182
130157,657,3059,7061
130157,704,3753,7829
133707,670,3678,7765
133707,663,3729,7745
122328,670,3706,7878
122328,762,6624,10764
114441,693,3966,8041
114441,702,3284,7374
107530,679,3201,7222
107530,705,3283,7368
105165,684,3218,7408
105165,690,3221,7140
103472,716,3235,7455
103472,727,3234,7336
100637,656,3213,7247
100637,652,3028,7154
118708,702,3049,7093
118708,670,2931,6977
126564,675,2982,7062
126564,671,3094,7113
127972,678,3032,7185
127972,679,3083,7103
129154,665,3016,7092
129154,674,3008,7089
129963,680,3065,7134
129963,701,3047,7139
114925,726,8133,12231
114925,695,9472,13426
116317,698,3837,7992
116317,723,3780,7997
111806,693,3770,7817
111806,692,3768,7819
110820,690,3728,7784
110820,672,3687,7743
114607,679,3667,7778
114607,672,3573,7624
127467,661,3531,7580
127467,733,3637,7906
132680,647,3467,7509
132680,682,3507,7607
135303,652,3485,7505
135303,672,3387,7464
136774,656,3489,7492
136774,675,3419,7556
121582,714,5984,9866
121582,723,12981,17111
124636,733,8584,12934
124636,677,3682,7631
115408,724,3748,7989
115408,710,3769,7689
112564,694,3733,7818
112564,712,3682,7936
112268,666,3770,7777
112268,667,3645,7683
127949,650,3553,7616
127949,689,3546,7690
134125,668,4153,8291
134125,636,5252,9146
140507,670,5133,9369
140507,655,6577,10560
143153,655,6595,10571
143153,726,6436,10783
128252,747,6707,10843
128252,705,4738,8784
119490,691,3960,8008
119490,703,3930,8070
114255,691,4025,8090
114255,698,3950,8023
113531,693,3932,7997
113531,667,3818,7890
118709,675,3845,7906
118709,669,3784,7814
131322,697,3797,8043
131322,634,3691,7609
135569,685,3722,7960
135569,652,3622,7556
136749,680,3716,7903
136749,646,3762,7682
140988,680,10394,14637
140988,711,12147,16149
128913,723,7248,11452
128913,673,3212,7191
112102,706,3211,7395
112102,678,3165,7098
108549,709,3553,7794
108549,716,4563,8645
113717,705,4339,8422
113717,663,3990,8003
118226,686,4091,8240
118226,676,4015,8111
130598,658,3954,7994
130598,666,3831,7883
136090,657,3852,7912
136090,670,3843,7939
138126,656,3888,7897
138126,686,3809,8046
138193,646,3571,7646
138193,654,3255,7368
122970,740,9329,13438
122970,716,8002,12051
117098,685,3573,7619
117098,708,3585,7695
111860,685,3552,7592
111860,698,3632,7658
110169,719,3668,7911
110169,668,3551,7572
100395,701,3553,7567
100395,1135,11234,15328
92215,741,19415,23328
92215,743,19615,23734
95270,752,14859,19419
95270,709,10694,14665
93639,699,8786,12716
93639,720,7662,11872
93228,702,7718,11696
93228,718,7661,11762
92941,725,7643,11931
92941,710,7541,11642
91748,703,7694,11748
91748,709,7464,11441
90795,706,7503,11599
90795,720,7623,11735
90553,688,7620,11572
90553,1368,7031,11471
77912,1518,7234,11377
77912,1283,5764,9933
71662,1456,6287,10534
71662,1355,5622,9838
69266,1303,8274,12747
69266,1100,11131,15056
68504,1128,15261,19352
68504,1146,16798,20954
68006,1004,16902,20919
71082,588,14731,18898
71082,705,2780,6482
70873,516,1719,5786
70873,521,1580,5651
70157,508,1360,5394
70157,523,1488,5547
69948,511,1512,5557
69948,520,1451,5530
69463,531,1486,5644
69463,519,1446,5513
69463,509,1527,5562
69463,518,1490,5559
69463,506,1475,5485
69463,525,1457,5547
69463,509,1476,5504
69463,518,1445,5513
69463,530,1517,5663
69463,528,1641,5737
69463,508,1531,5544
69463,519,1645,5706
69463,506,1495,5509
69463,526,1542,5633
69463,507,1525,5548
69463,524,1532,5614
69463,528,1509,5646
69463,523,1544,5629
69463,508,1515,5536
69463,520,1506,5575
69463,507,1458,5486
69463,519,1498,5569
69463,510,1559,5594
69463,516,1426,5486
69463,528,1442,5598
69463,498,1539,5473
69463,531,1433,5603
69463,518,1463,5531
69463,506,1470,5475
69463,524,1566,5654
69463,508,1477,5505
69463,515,1391,5446
69463,531,1586,5742
69463,497,1460,5390
69463,528,1493,5639
69463,518,1421,5484
69463,505,1462,5474
69463,524,1426,5528
69463,506,1421,5427
69463,518,1387,5467
69463,525,1435,5567
69463,503,1516,5476
69220,529,1419,5569
69220,519,1486,5561
69220,506,1422,5424
69220,524,1462,5554
69463,506,1408,5427
69463,518,1398,5459
69187,531,1563,5717
69187,520,1481,5550
69187,511,1483,5520
69187,519,1655,5716
69187,507,1423,5454
69187,519,1444,5511
69220,509,1411,5453
69220,517,1547,5599
69220,529,1416,5576
69220,498,1501,5424
69187,532,1446,5614
69187,518,1456,5517
69220,506,1520,5537
69220,520,1412,5493
69220,507,1386,5407
69220,516,1399,5461
69220,507,1440,5462
69220,521,1446,5512
68977,528,1428,5579
68977,519,1433,5508
69220,507,1493,5509
69220,523,1485,5563
68977,505,1437,5450
68977,519,1482,5552
68977,526,1456,5583
68977,499,1523,5477
68977,529,1450,5605
68977,520,1567,5635
68977,504,1440,5441
68977,526,1575,5666
68988,512,1722,5745
68988,516,1415,5480
68988,532,1413,5577
68988,521,1467,5533
68988,508,1456,5479
68988,518,1423,5491
68988,509,1450,5479
68988,521,1498,5565
68988,509,1434,5471
68988,513,1468,5511
68988,510,1536,5715
68988,521,1675,5599
68977,537,1588,5769
68977,513,1456,5497
68988,509,1418,5450
68988,520,1449,5517
68977,506,1447,5460
68977,519,1455,5524
68977,510,1440,5471
68977,515,1386,5441
68988,535,1460,5631
68988,514,1425,5470
68977,509,1414,5446
68977,521,1537,5614
68977,507,1424,5448
68977,515,1379,5426
68977,508,1393,5567
68977,523,1394,5336
68977,528,1444,5583
68977,520,1469,5545
68977,508,1477,5507
68977,523,1488,5555
68977,505,1403,5411
68977,517,1446,5503
68977,512,1534,5572
68977,519,1400,5467
68977,529,1414,5570
68977,518,1441,5491
68977,511,1433,5478
68977,516,1407,5459
68977,511,1491,5518
68977,515,1387,5436
68977,507,1391,5420
68977,520,1393,5460
68977,532,1393,5566
68977,514,1377,5420
68977,508,1385,5413
68977,519,1387,5464
68977,508,1412,5439
68977,515,1419,5477
68977,509,1495,5531
68977,524,1440,5509
68977,530,1416,5576
68977,519,1592,5653
68977,510,1423,5456
68977,518,1381,5448
68977,506,1418,5436
68977,520,1427,5502
68977,506,1452,5469
68977,521,1432,5500
68977,528,1420,5569
68977,522,1451,5543
68977,505,1470,5474
68977,523,1493,5575
68977,506,1459,5469
68977,518,1453,5525
68734,508,1413,5435
68734,520,1557,5625
68734,531,1443,5604
68734,518,1398,5463
68734,508,1440,5473
68734,519,1446,5499
68734,513,1415,5451
68734,519,1678,5733
68734,509,1409,5444
68734,520,1403,5476
68734,525,1400,5527
68734,525,1471,5573
68745,506,1395,5412
68745,522,1502,5584
68745,509,1584,5595
68745,517,1393,5463
68745,505,1429,5440
68745,520,1395,5471
68745,533,1421,5596
68745,513,1390,5433
68745,506,1434,5458
68745,520,1393,5469
68745,508,1426,5448
68745,518,1431,5494
68745,504,1504,5658
68745,528,1545,5485
68745,535,1675,5828
68745,519,1577,5655
68745,504,1415,5421
68745,523,1547,5633
68745,506,1417,5433
68745,521,1567,5643
68745,505,1405,5410
68745,522,1456,5539
68745,530,1460,5617
68745,519,1462,5520
68536,510,1401,5441
68536,515,1417,5463
68502,508,1411,5441
68502,518,1398,5473
68502,506,1407,5433
68502,518,1402,5471
68502,533,1437,5605
68502,519,1443,5511
68502,508,1436,5458
68502,519,1500,5567
68502,507,1398,5416
68502,517,1469,5527
68502,507,1522,5543
68502,522,1459,5538
68745,534,1424,5607
68745,516,1467,5521
68502,506,1425,5444
68502,519,1391,5462
68502,509,1588,5610
68502,518,1375,5445
68491,505,1426,5439
68491,522,1411,5483
68491,528,1427,5575
68491,523,1476,5583
68491,510,1439,5466
68491,517,1449,5502
68491,505,1410,5427
68491,521,1450,5538
68491,509,1461,5475
68491,522,1585,5653
68491,531,1507,5667
68491,521,1557,5623
68491,507,1437,5459
68491,518,1408,5478
68491,508,1477,5518
68491,519,1521,5581
68491,507,1418,5432
68491,520,1413,5493
68491,531,1448,5621
68491,518,1431,5497
68491,504,1425,5439
68491,520,1479,5564
68491,508,1447,5482
68491,517,1451,5517
68491,505,1431,5436
68491,520,1440,5524
68502,534,1443,5616
68502,515,1436,5481
68502,505,1484,5490
68502,521,1430,5521
68502,505,1418,5429
68502,520,1376,5453
68502,508,1427,5440
68502,521,1531,5606
68502,526,1459,5591
68502,502,1475,5590
68502,523,1410,5376
68502,525,1460,5563
68502,505,1433,5443
68502,523,1436,5531
68502,524,1435,5560
68502,497,1404,5352
68502,534,1452,5626
68502,516,1406,5456
68502,504,1410,5411
68502,522,1404,5504
68502,509,1415,5453
68502,517,1461,5515
68502,510,1457,5487
68502,521,1650,5728
68502,531,1601,5759
68502,518,1426,5498
68502,505,1399,5407
68502,521,1393,5484
68502,508,1388,5418
68502,519,1437,5510
68502,527,1432,5574
68502,496,1621,5564
68502,534,1517,5683
68502,516,1423,5486
68502,505,1506,5514
68502,521,1417,5498
68502,507,1454,5476
68502,518,1369,5442
68502,523,1425,5545
68502,503,1483,5465
68502,528,1421,5561
68502,496,1383,5478
68502,526,1457,5439
68502,526,1489,5597
68502,505,1401,5420
68502,518,1441,5498
68502,528,1452,5582
68502,499,1359,5314
68502,528,1401,5549
68502,522,1442,5527
68502,502,1374,5376
68502,522,1407,5497
68260,508,1413,5451
68260,519,1474,5541
68502,530,1424,5561
68502,498,1453,5398
68260,530,1406,5569
68260,518,1408,5479
68260,504,1402,5407
68260,521,1398,5499
68260,508,1411,5432
68260,515,1434,5501
68502,531,1502,5646
68502,496,1440,5387
68260,535,1514,5692
68260,516,1504,5550
68249,509,1483,5505
68249,502,1512,5506
68249,536,1490,5699
68249,493,1479,5447
68249,521,1429,5469
68491,512,1513,5582
68491,541,1380,5565
68491,495,1441,5397
68491,532,1465,5604
68249,499,1404,5389
68249,526,1378,5488
68491,504,1433,5431
68491,540,1509,5704
68260,517,1425,5497
68260,516,1376,5438
68260,507,1473,5490
68260,512,1429,5459
68260,516,1412,5481
68260,518,1427,5501
68260,507,1476,5493
68260,516,1443,5490
68260,534,1415,5593
68260,498,1373,5467
68260,529,1445,5449
68260,509,1558,5571
68260,520,1429,5508
68260,522,1455,5548
68260,505,1516,5512
68260,521,1495,5582
68260,532,1394,5563
68260,518,1398,5474
68260,508,1485,5517
68260,514,1400,5442
68260,511,1401,5453
68260,516,1394,5447
68260,509,1470,5499
68260,520,1449,5502
68260,535,1443,5622
68260,518,1421,5480
68260,507,1496,5526
68260,519,1409,5474
68260,508,1389,5421
68260,516,1438,5502
68260,510,1438,5471
68260,516,1456,5511
68260,533,1587,5755
68260,518,1415,5494
68260,507,1488,5513
68260,515,1425,5474
68260,510,1650,5692
68260,519,1439,5509
68260,504,1401,5416
68260,521,1419,5487
68260,533,1469,5650
68260,517,1486,5555
68260,506,1465,5481
68260,525,1535,5618
68260,506,1438,5453
68260,520,1582,5657
68260,506,1507,5517
68260,519,1467,5536
68260,535,1408,5592
68260,517,1402,5470
68260,509,1414,5441
68260,515,1411,5456
68260,512,1492,5541
68260,516,1392,5445
68017,510,1504,5542
68017,518,1426,5485
68017,534,1439,5621
68017,516,1394,5451
68017,509,1418,5447
68017,518,1459,5514
68017,508,1436,5465
68017,519,1412,5488
68017,508,1458,5481
68017,545,1772,5956
56674,517,1595,5664
56674,518,1578,5638
51600,509,1653,5674
51600,525,1445,5555
49660,501,1465,5440
49660,520,1443,5518
48954,507,1548,5568
48954,522,1490,5566
48467,530,1496,5642
48467,519,1406,5485
48467,503,1462,5457
48467,510,1608,5615
48467,525,1544,5647
48467,519,1663,5738
48467,505,1561,5706
48467,531,1519,5509
48467,524,1420,5543
48467,518,1375,5441
48467,507,1462,5484
48467,505,1434,5424
48467,525,1405,5524
48467,518,1421,5462
48474,510,1457,5494
