nvml:nvidia_geforce_gtx_970_0,rapl:ram,rapl:cores,rapl:pkg
17363,686,5400,16073
17363,539,2118,14174
17363,512,1753,13437
17363,516,1778,13517
17363,513,1852,13521
17363,514,1680,13397
17363,507,1679,13310
17363,511,1598,13286
17363,516,1617,13325
17363,526,1604,13474
17363,519,1676,13445
17363,514,1549,13274
17607,505,1747,13380
17607,524,1801,13573
17607,508,1738,13376
17607,513,1615,13333
17607,514,1786,13488
17607,534,1635,13594
17607,514,1746,13456
17607,512,1661,13373
17607,511,1871,13552
17607,513,1899,13584
17607,508,1793,13421
17607,514,1769,13471
17607,516,1746,13479
17607,517,1793,13794
17607,532,1684,13328
17607,516,1554,13301
17607,517,1622,13316
17607,511,1542,13228
17607,513,1649,13353
17607,507,1748,13382
17363,520,1684,13485
17363,503,1828,13419
17363,538,1756,13768
17363,509,1720,13375
17363,516,1886,13619
17363,511,1853,13530
17363,510,1792,13471
17363,509,1682,13362
17363,514,1712,13411
17363,512,1808,13780
17363,537,1643,13355
17363,511,1617,13282
17363,514,1646,13351
17363,506,1672,13293
17363,519,1565,13335
17363,511,1543,13234
17363,518,1806,13532
17363,527,1534,13415
17363,509,1599,13274
17363,517,1556,13318
17363,518,1675,13460
17363,508,1684,13293
17363,512,1530,13232
17363,511,1498,13202
17363,512,1707,13358
17363,513,1663,13372
17363,535,1611,13584
17363,509,1651,13318
17363,518,1782,13538
17363,508,1920,13525
17363,517,1967,13697
17363,510,1738,13403
17363,513,1843,13559
17363,532,1685,13615
17363,495,1618,13105
17363,533,1731,13670
17363,518,1819,13566
17363,507,1684,13331
17363,511,1717,13402
17363,510,1910,13578
17607,524,1717,13551
17607,501,1789,13337
17607,535,1678,13662
17607,512,1734,13426
17607,516,1803,13469
17607,512,1773,13462
17607,514,1850,13551
17607,510,1651,13334
17607,516,1716,13445
17607,511,1814,13488
17607,535,1692,13674
17607,514,1864,13533
17607,512,1700,13390
17607,517,1811,13550
17607,512,1771,13471
17607,506,1673,13308
17607,514,1722,13421
17607,513,1627,13332
17607,510,1825,13506
17607,535,1787,13757
17363,509,1750,13406
17363,519,1714,13442
17363,511,1817,13509
17363,510,1777,13452
17363,514,1744,13459
17363,509,1670,13333
17363,514,1691,13414
17363,533,1656,13617
17363,512,1675,13365
17363,519,1871,13621
17363,506,1804,13403
17363,514,1799,13525
17363,513,1750,13410
17363,516,1936,13660
17363,511,1730,13709
17363,534,1721,13399
17363,516,1886,13608
17363,503,1799,13397
17363,521,1811,13605
17363,506,1771,13404
17363,519,1734,13526
17363,511,1835,13450
17363,509,1693,13371
17363,536,1741,13726
17363,514,1823,13522
17363,506,1873,13497
17363,522,1729,13541
17363,504,1649,13259
17363,512,1632,13334
17363,512,1653,13348
17363,529,1750,13645
17363,523,2041,13847
17363,504,1873,13456
17363,518,1839,13581
17363,515,1770,13509
17363,507,1812,13457
17363,511,1916,13561
17363,520,1748,13515
17363,530,1644,13573
17363,515,1639,13372
17363,496,1702,13215
17363,531,1812,13714
17363,511,1682,13362
17363,511,1786,13465
17363,513,1708,13398
17363,511,1656,13344
17363,516,1653,13385
17363,535,1691,13668
17363,514,1632,13346
17363,511,1595,13244
17363,513,1850,13525
17363,512,1737,13435
17363,513,1718,13414
17363,512,1710,13394
17363,511,1720,13423
17363,533,1612,13570
17363,516,1702,13429
17363,510,1770,13448
17363,515,1778,13504
17363,506,1598,13223
17363,514,1613,13339
17363,513,1641,13321
17363,532,1642,13593
17363,512,1662,13359
17363,514,1664,13372
17363,508,1885,13534
17363,514,1735,13467
17363,509,1758,13416
17363,517,1731,13471
17363,509,1731,13383
17363,529,1688,13610
17363,519,1801,13579
17363,514,1667,13369
17363,512,1757,13434
17363,516,1624,13381
17363,503,1653,13260
17363,517,1708,13432
17363,511,1667,13360
17363,509,1658,13322
17363,535,1509,13497
17363,499,1712,13262
17363,527,1804,13659
17363,509,1759,13406
17363,513,1543,13272
17363,514,1904,13601
17363,511,1549,13250
17363,508,1690,13643
17363,537,1661,13374
17363,514,1737,13435
17363,513,1607,13308
17363,516,1690,13389
17363,511,1658,13335
17363,517,1716,13442
17363,512,1691,13383
17363,509,1633,13301
17363,512,1702,13395
17363,513,1802,13798
17363,538,1745,13452
17363,510,1762,13420
17363,507,1718,13358
17363,516,1562,13328
17363,527,1587,13455
17363,490,1549,12998
17363,538,1589,13593
17363,505,1568,13185
17363,522,1750,13546
17363,508,1719,13377
17363,511,1785,13480
17363,514,1709,13414
17363,511,1699,13382
17363,510,1701,13378
17363,536,1903,13869
17363,517,1816,13542
17363,512,1639,13320
17363,507,1641,13291
17363,513,1620,13332
17363,517,1818,13504
17363,513,1559,13280
17363,533,1584,13519
17363,512,1668,13385
17363,493,1831,13279
17363,538,1847,13833
17363,514,1727,13410
17363,512,1592,13287
17363,503,1787,13352
17363,519,1655,13441
17363,511,1812,13494
17363,535,1777,13764
17363,515,1792,13502
17363,512,1852,13538
17363,518,2120,13800
17363,508,1870,13516
17363,511,1837,13497
17363,518,1762,13525
17363,512,1827,13524
17363,533,1794,13746
17363,516,1826,13553
17363,510,1792,13462
17363,513,1694,13401
17363,511,1755,13421
17363,520,1790,13608
17363,503,1762,13339
17363,511,1700,13382
17363,537,1744,13727
17363,512,1797,13495
17363,514,1835,13549
17363,511,1837,13524
17363,512,1802,13508
17363,508,1715,13344
17363,515,1783,13515
17363,509,1530,13193
17363,512,1645,13351
17363,533,1815,13725
17363,518,1621,13390
17363,511,1618,13302
17363,513,1515,13215
17363,511,1722,13407
17363,511,1683,13370
17363,510,1655,13329
17363,513,1636,13330
17363,518,1729,13522
17363,530,1871,13763
17363,512,1770,13464
17363,504,1716,13308
17363,520,1830,13628
17363,514,1843,13558
17363,503,1667,13274
17363,534,1585,13534
17363,517,1644,13410
17363,516,1672,13385
17363,514,1737,13437
17363,507,1615,13239
17363,517,1672,13426
17363,512,2049,13728
17363,512,1653,13347
17363,530,1762,13665
17363,519,1659,13423
17363,512,1574,13276
17363,504,1667,13265
17363,519,1865,13634
17363,516,1646,13388
17363,526,1718,13570
17363,496,1769,13265
17363,515,1666,13381
17363,512,1691,13374
17363,531,1636,13557
17363,513,1655,13376
17363,506,1601,13234
17363,514,1649,13373
17363,514,1551,13257
17363,511,1661,13336
17363,537,1896,13864
17363,515,1648,13359
17363,513,1677,13377
17363,511,1762,13458
17363,511,1696,13351
17363,513,1594,13308
17363,509,1757,13423
17363,531,1662,13599
17363,493,1846,13297
17363,517,1809,13600
17363,525,1737,13573
17363,546,2151,13914
17363,516,1788,13519
17363,511,1845,13532
17363,506,1785,13411
17363,529,1842,13744
17363,496,1746,13227
17363,535,1721,13693
17363,515,1824,13522
17363,516,2079,13799
17363,510,1634,13294
17363,512,1790,13465
17363,515,1677,13418
17363,527,1750,13628
17363,493,1592,13062
17363,537,1600,13599
17363,511,1569,13252
17363,503,1586,13183
17363,524,1485,13316
17363,503,1572,13190
17363,518,1683,13419
17363,508,1577,13230
17363,516,1555,13251
17363,537,1560,13565
17363,510,1710,13383
17363,514,1587,13298
17363,509,1623,13278
17363,514,1608,13322
17363,510,1581,13244
17363,514,1471,13201
17363,510,1829,13495
17363,531,1828,13721
17363,520,1763,13559
17363,511,1548,13256
17363,513,1651,13349
17363,514,1622,13347
17363,506,1624,13253
17363,511,1602,13298
17363,516,1610,13326
17363,517,1614,13401
17363,527,1699,13543
17363,514,1789,13499
17363,510,1651,13319
17363,514,1734,13431
17363,509,1769,13447
17363,514,1737,13454
17363,527,1737,13620
17363,495,1735,13231
17363,537,1710,13669
17363,505,1811,13414
17363,515,1907,13615
17363,520,1827,13601
17363,510,1997,13674
17363,513,1705,13413
17363,512,1702,13380
17363,531,1656,13592
17363,517,1672,13417
17363,503,1746,13336
17363,518,1754,13489
17363,521,1657,13503
17363,495,1602,13073
17363,521,1638,13452
17363,510,1660,13319
17363,513,1647,13367
17363,534,1767,13725
17363,513,1529,13254
17363,506,1613,13225
17363,520,1570,13350
17363,511,1565,13249
17363,508,1588,13224
17363,515,1629,13360
17363,514,1708,13396
17363,535,1584,13559
17363,510,1633,13318
17363,515,1644,13341
17363,512,1846,13530
17363,512,1664,13368
17363,509,1743,13406
17363,514,1761,13469
17363,521,1765,13608
17363,527,1835,13686
17363,513,1769,13471
17363,515,1693,13411
17363,513,2038,13740
17363,511,1665,13358
17363,506,1649,13268
17363,514,1633,13335
17363,510,1626,13609
17363,532,1713,13319
17363,519,1673,13442
17363,518,1849,13550
17363,514,1787,13484
17363,512,1698,13391
17363,508,1640,13305
17363,513,1738,13431
17363,514,1727,13441
17363,537,1749,13747
17363,507,1609,13272
17363,516,1705,13430
17363,496,1606,13400
17363,532,1670,13282
17363,509,1620,13274
17363,517,1641,13360
17363,511,1489,13184
17363,511,1520,13209
17363,535,1518,13494
17363,552,4413,16078
17363,607,19896,31754
17363,598,21215,32894
17363,799,19366,31011
17363,766,17600,29321
17363,585,20177,31608
17363,691,20849,32896
17363,920,16084,27758
17363,868,14652,26248
17363,717,29846,42065
17363,620,50415,62104
17363,658,26339,37508
17363,767,18720,31227
17329,657,20056,31403
17329,653,19586,31403
17329,652,19573,31529
17329,1015,16770,28521
17329,632,15215,26818
17329,668,19394,30979
17329,627,19634,31594
17329,645,19867,31474
17329,651,19707,31327
17329,1265,11399,23750
17329,676,15459,27356
17329,602,19971,31724
17329,696,19838,31495
17329,638,19738,31436
17329,646,19865,31492
17329,594,20450,32100
17329,587,21649,33130
17329,589,21907,33755
17329,608,21977,34111
17329,1649,20805,32815
17584,705,13536,25349
17584,856,19222,27176
34137,967,19367,23983
34137,1017,19096,23288
43109,929,19212,23247
43109,1113,19053,23435
46494,993,18918,22925
46494,1053,19042,23362
47711,946,19305,23393
47711,873,19040,23339
48442,1040,18194,22237
48442,1624,15494,20453
48685,1284,16373,20668
48685,948,19465,23077
48685,1114,16369,20949
48685,981,8563,12724
48685,607,17321,21354
48685,633,18989,23117
48654,576,20277,24188
48654,584,21490,25598
48654,597,21863,25866
48654,927,21403,25785
48654,908,19238,23400
48654,1023,19090,23504
48654,912,18797,22788
48654,1180,19878,23771
48678,1006,19263,23762
48678,939,19781,23739
48678,978,19110,23547
48678,768,19386,23567
50843,848,19553,23741
50843,891,20582,24439
49383,970,19137,23700
49383,909,19087,22803
48922,1035,19110,23799
48922,780,19143,22781
55673,986,19916,24315
55673,745,19978,24437
77337,627,19586,23544
77337,643,17598,21677
99121,643,17681,21606
99121,648,16860,21001
117240,652,14936,18959
117240,649,12794,16947
132832,676,12693,17054
132832,657,11020,15086
139022,642,8586,12572
139022,668,8583,12728
139089,674,5575,9643
139089,666,5046,9151
139089,669,4408,8537
139089,676,4159,8326
135570,658,3924,7955
135570,685,4164,8305
137230,641,4672,8670
137230,657,4575,8627
137953,672,4619,8710
137953,664,4517,8613
138127,652,4498,8536
138127,666,4524,8627
137430,681,4664,8710
137430,673,4513,8659
138367,663,4611,8698
138367,678,4613,8747
137014,672,4309,8460
137014,676,4075,8158
136773,655,4064,8125
136052,649,4076,8098
136052,669,4090,8217
136532,648,4141,8123
136532,674,3767,7900
133643,686,3573,7742
133643,662,3573,7492
131564,693,3638,7874
131564,660,3610,7573
132744,666,3641,7730
132744,687,3499,7676
131564,650,3563,7559
131564,653,3528,7567
133884,680,5126,9324
133884,656,7863,11802
139811,669,7881,12156
139811,644,7884,11703
141470,669,6145,10418
141470,665,4908,8856
140386,682,4822,8994
140386,677,4750,8936
139663,651,4724,8704
139663,669,4692,8823
140052,646,4722,8711
140052,684,3785,8015
134631,673,3640,7723
134631,680,3786,7864
134430,665,3711,7750
134430,660,4064,8141
136051,669,4383,8460
136051,691,4459,8552
136532,653,4318,8363
136532,672,4337,8473
138193,647,4250,8241
138193,663,4346,8448
137978,664,4515,8560
137978,622,4336,8435
113551,1030,12861,17113
113551,866,19257,23450
83829,571,19508,23401
83829,721,19614,23578
103180,705,15173,19381
103180,731,5222,9501
107046,720,3986,8177
107046,677,3989,7926
107099,724,3962,8181
107099,693,3942,7958
107824,653,3888,7891
107824,709,3931,8137
118971,664,3639,7766
118971,666,3722,7748
126767,661,3754,7799
126767,656,3715,7731
131564,669,3801,7893
131564,700,3818,7938
132046,672,3733,7811
132046,654,3722,7750
132528,691,3726,7960
132528,669,3499,7514
130422,676,3276,7418
130422,688,3242,7319
128695,656,3194,7225
128695,676,3222,7325
129698,701,3847,7857
129698,665,4486,8604
135876,646,4431,8400
135876,700,4615,8815
137496,655,4507,8537
137496,685,4037,8217
136292,669,3979,8097
136292,650,3509,7465
135088,663,3504,7560
135088,671,3576,7667
132223,679,3546,7726
132223,647,3497,7460
132046,690,3517,7692
132046,672,3479,7554
133226,671,3508,7643
133226,688,3680,7704
132768,680,3576,7713
132768,659,3532,7516
132046,681,3441,7571
132046,648,3437,7415
131805,689,3622,7836
131805,670,3598,7637
133008,647,3541,7538
133008,690,3569,7730
131564,647,3577,7539
131564,675,5333,9375
139022,661,15571,19826
139022,682,17231,21348
144261,641,16024,19862
144261,658,16213,20382
146425,644,15965,19944
146425,645,16593,20737
145874,656,16390,20446
145874,654,13415,17565
146113,639,11250,15212
146113,687,10580,15040
146211,642,9291,13244
146211,664,8652,12799
145730,648,8588,12615
145730,677,7499,11558
144768,657,7659,11687
144768,660,7379,11455
145009,682,7580,11910
145009,647,6362,10423
144528,639,6431,10438
144528,659,6368,10436
142939,661,6375,10449
142939,654,6398,10502
143110,682,6240,10489
143110,635,6539,10395
137737,691,6581,10844
137737,763,9658,13639
121385,705,5213,9392
121385,716,3443,7579
109275,678,3514,7493
109275,708,3411,7604
104699,674,3453,7448
104699,709,3463,7617
102350,675,3434,7389
102350,685,3331,7497
102089,664,3381,7382
102089,695,3226,7443
119270,661,3465,7437
119270,695,5874,10008
132527,649,5590,9568
132527,663,5614,9765
137737,673,5044,9203
137737,655,4172,8149
137496,672,4079,8243
137496,659,4206,8206
138675,679,4199,8405
138675,666,4201,8310
138459,655,4199,8246
138459,660,4133,8214
138459,646,4180,8163
138459,699,4202,8358
138700,653,4200,8204
138700,667,4152,8273
138608,654,4166,8196
138608,670,4174,8312
138916,671,4182,8336
138916,662,4091,8140
138392,669,4195,8306
138392,642,5285,9161
141976,676,6370,10610
141976,656,5344,9438
141255,656,5302,9326
141255,682,5438,9540
143154,654,5462,9462
143154,666,5298,9474
142191,656,5354,9353
142191,651,5334,9432
142191,689,5426,9720
142191,660,5335,9415
141950,648,5433,9479
141950,643,5335,9338
142217,660,5406,9457
142217,670,5357,9511
141882,645,5398,9400
141882,659,5387,9513
143084,667,6736,10864
143084,653,6683,10743
143325,660,6761,10873
143325,659,6372,10378
144047,678,5764,10050
144047,629,5782,9659
142217,678,4949,9164
142217,675,4192,8295
140051,661,4314,8426
140051,629,7337,11208
143634,676,7907,12117
143634,654,7807,11913
145079,660,7812,11944
145079,643,6778,10707
144116,647,5725,9721
144116,665,5608,9778
142217,665,4745,9012
142217,694,4162,8224
140119,654,4195,8251
140119,669,4232,8307
139182,659,4208,8262
139182,679,4144,8283
138700,651,4277,8259
138700,669,4209,8288
119995,707,4650,8827
119995,710,7612,11600
119512,723,5008,9239
119512,676,3521,7528
108738,713,3456,7636
108738,669,3398,7313
104750,708,3372,7570
104750,673,3320,7328
102107,690,3365,7483
102107,674,3378,7490
110463,667,3348,7342
110463,683,3206,7373
121904,651,3244,7219
121904,696,3282,7423
127310,640,3463,7405
127310,674,7403,11564
138675,649,9388,13370
138675,681,11127,15402
144502,639,17407,21400
144502,647,17512,21600
147119,650,16384,20336
147119,638,13611,17667
141401,688,4176,8558
141401,666,3601,7647
136532,669,3617,7703
136532,659,4040,8133
138675,646,4979,8954
138675,662,4385,8486
139570,685,4233,8435
139570,662,3395,7439
136508,646,3872,7852
136508,675,4084,8170
137188,658,4127,8172
137188,667,4076,8163
137255,684,4118,8342
137255,668,4118,8237
137255,650,4138,8147
137255,678,4148,8262
137255,654,3845,7868
137255,684,3493,7673
134847,642,3584,7490
134847,696,3654,7858
133884,663,3617,7739
133884,667,3634,7631
135811,666,4007,8098
135811,658,4120,8131
138367,687,4120,8358
138367,651,4767,8770
140533,656,5118,9214
140533,664,6299,10449
143325,655,6318,10371
143325,646,6277,10322
143566,652,6272,10316
143566,671,6288,10412
145179,641,6000,9927
145179,667,5292,9462
143085,684,5385,9633
143085,653,5313,9377
143635,669,5581,9649
143635,643,5139,9120
141736,685,4466,8670
141736,642,4468,8388
141908,671,4563,8769
141908,638,4443,8393
141710,688,4559,8770
141710,667,4477,8595
141951,650,4512,8535
141951,650,4472,8471
141014,668,4627,8751
141014,663,4410,8482
141709,661,4063,8134
141709,684,3625,7799
139609,653,3557,7561
139609,666,3431,7512
137710,688,3608,7802
137710,654,3352,7303
120156,756,7969,12189
120156,721,9636,13728
121121,699,4550,8605
121121,704,4089,8179
116615,687,4076,8088
116615,709,4049,8160
115221,727,4118,8349
115221,668,4053,8106
123028,668,3890,7991
123028,653,3746,7818
135062,639,5358,9294
135062,671,5694,9825
140359,648,5651,9633
140359,693,5572,9884
142939,640,5757,9588
142939,677,5081,9382
142217,652,4699,8704
142217,657,4689,8727
143153,651,4709,8739
143153,679,4783,8969
143394,666,5467,9641
143394,639,13300,17208
145661,657,16346,20382
145661,658,16104,20297
149904,633,14012,17980
149904,677,9230,13504
148489,637,6413,10425
148489,673,6370,10536
145943,649,6501,10521
145943,681,6338,10613
145703,630,6339,10232
145703,682,6444,10755
145008,653,6407,10448
145008,671,6351,10474
146905,618,9141,12655
146905,672,16776,21186
148489,645,16894,20972
148489,643,16595,20582
149424,665,12824,17177
149424,656,7532,11671
147867,647,7624,11617
147867,650,7473,11581
145943,658,6682,10788
145943,665,4591,8674
143875,681,4604,8839
143875,655,4562,8607
143153,649,4611,8667
143153,672,4500,8649
142431,653,4528,8523
142431,670,4402,8545
142672,641,4509,8487
142672,672,4502,8650
141496,652,4535,8568
141496,660,4454,8507
142431,674,4564,8801
142431,632,4468,8389
142191,684,4557,8787
142191,634,4404,8364
141229,672,4529,8698
141229,673,4596,8723
141736,656,4594,8600
141736,664,4567,8664
142431,669,4568,8737
142431,636,5290,9212
144046,670,6566,10750
144046,656,5718,9764
144528,637,5172,9147
144528,670,5213,9309
143634,657,5119,9264
143634,682,4315,8521
122569,691,5127,9085
122569,728,8930,13123
117339,682,4085,8130
117339,699,3456,7605
108236,680,3452,7454
108236,723,3455,7684
105164,683,3475,7501
105164,697,3412,7516
104198,675,3440,7426
104198,667,3405,7531
109223,672,3314,7338
109223,670,3241,7333
122087,668,3313,7365
122087,666,3238,7459
128033,669,3184,7145
128033,700,3248,7410
128997,656,3240,7274
128997,657,3565,7570
134366,656,4503,8600
134366,666,4508,8634
138675,669,4248,8310
138675,664,3650,7731
136748,664,3594,7644
136748,697,3699,7921
135393,633,3623,7530
135393,693,3682,7925
136533,673,3678,7724
136533,669,3623,7716
134912,662,3674,7751
134912,649,3682,7635
134911,683,3648,7783
134911,676,3702,7801
136598,651,3667,7698
136598,670,3676,7893
135152,691,3651,7724
135152,665,3607,7675
135088,666,3652,7704
135088,657,3606,7613
134912,671,3601,7739
134912,678,3574,7658
136026,658,3597,7653
136026,675,3591,7668
135393,663,3602,7666
135393,659,3609,7640
134911,661,3553,7591
134911,704,3614,7863
134365,651,3625,7685
134365,665,3524,7526
136292,677,3703,7829
136292,647,3645,7786
136267,687,4255,8338
136267,638,6065,9921
142432,672,5600,9780
142432,670,5356,9530
142844,662,5282,9389
142844,640,5452,9370
144528,649,5421,9416
144528,683,5468,9735
143565,645,5418,9412
143565,659,5410,9480
144287,686,5432,9701
144287,631,5307,9223
144046,684,5463,9678
144046,662,5347,9489
144528,656,5467,9519
144528,656,5447,9490
145222,636,5458,9435
145222,666,5481,9561
144528,658,5414,9522
144528,664,5440,9539
145249,671,5499,9735
145249,628,5399,9210
144019,700,5055,9411
144019,659,4079,8146
141950,648,4272,8264
141950,655,4903,8905
141710,668,4929,9076
141710,686,5016,9112
127708,738,11229,15143
127708,735,6659,11028
116778,679,3444,7483
116778,694,3417,7483
110652,675,3710,7711
110652,707,4057,8232
111860,684,4136,8160
111860,685,3988,8126
115408,733,4085,8228
115408,680,3820,7896
129937,666,4309,8384
129937,648,4525,8669
138915,679,4535,8587
138915,662,4512,8609
140600,660,4551,8589
140600,673,4579,8705
141977,641,4473,8445
141977,659,4511,8584
141736,678,4399,8588
141736,669,4417,8517
142123,628,4507,8617
142123,662,4592,8494
142432,689,4512,8751
142432,655,5432,9470
144116,643,5737,9706
144116,657,5807,9831
144356,673,5421,9670
144356,678,4765,8912
144570,638,4723,8763
144570,659,4741,8838
143180,655,4722,8770
143180,685,4214,8396
142191,657,4123,8169
142191,640,4489,8438
142431,685,4983,9228
142431,642,3801,7711
140533,684,3779,8008
140533,668,3899,7987
139330,655,3879,7894
139330,655,3752,7785
138608,663,3786,7855
138608,680,3851,7970
140052,654,5141,9193
140052,674,5726,9850
142191,656,5040,9156
142191,658,4166,8252
141255,657,4157,8182
141255,655,4153,8401
141495,668,4751,8696
141495,669,5098,9220
145222,664,8595,12640
145222,665,15964,20182
146878,663,7046,11153
146878,637,5479,9393
144261,675,4583,8767
144261,673,4199,8317
142191,652,4172,8186
142191,668,4187,8257
141401,652,4164,8200
141401,672,4242,8324
140774,679,4228,8482
140774,643,4166,8051
141014,674,4227,8443
141014,673,4240,8361
140533,647,4198,8211
140533,668,4197,8295
141469,653,4245,8280
141469,655,4143,8171
141882,661,4113,8230
141882,673,4219,8356
141710,688,4266,8451
141710,633,4153,8098
136533,702,4241,8458
136533,693,5415,9292
119674,721,5206,9416
119674,692,3771,7828
112805,712,3859,8030
112805,671,3810,7785
110652,705,3804,7982
110652,696,3814,7890
108771,698,3818,7930
108771,654,3707,7768
115222,684,3632,7709
115222,660,3614,7650
127310,667,3629,7699
127310,675,3653,7731
132045,640,3575,7566
132045,677,3540,7654
134606,670,3588,7626
134606,671,3541,7666
135088,689,3540,7739
135088,661,3588,7574
134429,649,3416,7434
134429,673,3859,7919
139155,667,6141,10189
139155,675,5861,10164
142458,656,5475,9495
142458,651,5352,9377
143876,655,5220,9245
143876,674,5396,9594
143635,676,4661,8811
143635,667,4538,8633
142698,653,4460,8480
142698,669,4580,8694
140773,652,4166,8182
140773,682,4059,8219
140293,653,4111,8165
140293,666,4033,8137
140292,650,4097,8075
140292,672,4075,8194
140360,668,4119,8220
140360,674,3968,8049
139397,676,3637,7734
139397,655,3574,7571
137562,665,3750,7851
137562,674,4204,8343
139878,649,4136,8120
139878,669,4104,8260
141014,683,4166,8354
141014,636,4163,8101
140840,678,4194,8403
140840,661,4160,8249
140773,653,4153,8185
140773,676,4215,8373
142218,650,5957,9992
142218,641,6226,10277
144768,647,6206,10179
144768,661,6118,10202
146184,663,6567,10642
146184,663,6110,10315
145943,643,6375,10571
145943,656,6436,10231
146183,691,6171,10540
146183,640,6167,10145
145703,657,5378,9425
145703,662,5304,9446
145051,653,5412,9431
145051,672,5097,9299
144047,661,4590,8644
144047,666,4560,8667
141255,660,3872,7927
141255,669,3558,7669
137711,662,3648,7662
137711,668,4714,8804
140532,647,5142,9192
140532,655,5117,9212
142191,676,4755,8891
142191,695,4448,8606
123694,715,6772,10664
123694,722,4111,8386
112564,695,3488,7547
112564,681,3394,7431
107804,697,3350,7510
107804,675,3429,7356
104439,706,3366,7554
104439,698,3376,7465
104198,649,3355,7344
104198,709,3385,7582
115649,664,3152,7215
115649,657,3233,7236
128009,651,4448,8441
128009,661,4960,8971
139330,667,8181,12282
139330,662,9059,13215
144741,666,7986,12165
144741,635,6376,10310
145249,664,6472,10668
145249,673,6478,10609
146184,641,6282,10243
146184,665,6457,10630
146424,651,6435,10442
146424,672,6136,10326
145222,648,4519,8547
145222,669,4563,8689
143153,660,4560,8612
143153,665,4582,8692
142981,662,4494,8601
142981,673,4484,8606
144741,635,10992,14858
144741,657,16118,20248
146354,655,16094,20122
146354,646,16180,20261
148658,649,15620,19583
148658,646,16445,20634
149591,675,11427,15786
149591,640,11025,14896
148856,662,11381,15651
148856,664,11139,15273
148446,660,7540,11663
148446,633,6502,10403
147867,672,6625,10860
147867,684,6502,10645
146665,646,6345,10381
146665,652,6356,10441
146183,644,6530,10467
146183,655,8602,12492
148560,677,17088,21592
148560,615,17022,20725
148970,660,17087,21067
148970,668,12957,17445
148249,641,7349,11286
148249,698,6403,10768
147118,646,6318,10370
147118,657,6520,10647
145702,647,6467,10495
145702,647,5353,9329
145702,669,5308,9524
145702,653,4467,8489
144115,671,4539,8652
144115,660,4515,8589
143635,659,4566,8634
143635,799,7734,11749
145703,657,7109,11200
145703,707,7028,11184
146665,714,6563,10730
146665,668,6058,10161
145702,653,5998,10036
145702,645,5556,9538
144287,655,5149,9176
144287,768,6519,10814
125382,692,6308,10242
122328,728,4393,8697
122328,676,4315,8425
117765,703,4326,8235
117765,724,4001,8190
110652,682,3392,7462
110652,661,3306,7326
106615,699,3424,7612
106615,672,4921,8984
130574,636,7258,11245
130574,676,6007,10229
137886,672,4376,8466
137886,662,4332,8372
140507,662,4362,8460
140507,659,4400,8464
142123,645,5322,9288
142123,676,5286,9538
143566,651,5446,9409
143566,678,5452,9643
144501,642,5497,9460
144501,665,4500,8631
139571,688,3615,7798
139571,681,3712,7829
138126,639,3518,7506
138126,686,3576,7713
136774,665,3548,7614
136774,664,3542,7607
135810,654,3624,7632
135810,677,3549,7743
139396,644,5210,9130
139396,673,4620,8809
139878,674,3878,8015
139878,673,3912,7943
140051,648,3880,7933
140051,667,3781,7889
137736,677,3730,7871
137736,645,3266,7186
134188,670,3277,7378
134188,672,3256,7491
132286,696,3253,7286
132286,671,3202,7264
133466,659,3269,7303
133466,687,3230,7386
131602,661,3217,7234
131602,664,3228,7271
130598,670,3275,7342
130598,678,3197,7291
131563,678,3275,7424
131563,682,3326,7400
130904,649,3249,7221
130904,668,3515,7578
134607,671,4036,8137
134607,683,3941,8097
136774,648,3882,7905
136774,676,3933,8051
137255,662,3974,8031
137255,654,3957,7951
138848,654,3812,8102
138848,693,3880,7945
137953,667,3892,7941
137953,670,3905,7998
137885,655,4053,8098
137885,671,4062,8103
137645,665,3535,7666
137645,682,3386,7510
135569,655,3392,7441
135569,663,3450,7442
135152,675,3465,7611
135152,681,3487,7598
134911,655,3462,7489
134911,670,3483,7545
134847,662,3513,7528
134847,687,3432,7623
134125,643,3464,7438
134125,677,3533,7619
134390,671,3524,7626
134390,657,3414,7432
114442,721,4396,8571
114442,707,11632,15631
118041,709,4984,9197
118041,695,3443,7545
108530,684,3494,7490
108530,695,3426,7536
104439,709,3477,7645
104439,691,4339,8302
111840,673,4681,8713
111840,702,4774,8919
129610,675,7081,11247
129610,625,7211,11126
140225,666,7273,11499
140225,675,7330,11482
144431,643,7265,11254
144431,659,7308,11382
145703,656,6993,11058
145703,653,7268,11387
146664,644,6905,10855
146664,666,6060,10155
145943,684,6168,10435
145943,656,4334,8383
142431,669,4011,8088
142431,646,4018,8007
140266,678,4005,8213
140266,681,4013,8128
138608,648,3925,7945
138608,674,3946,8055
138673,655,3895,7887
138673,657,3892,7949
139851,679,4012,8197
139851,663,3978,7966
138674,655,4016,8248
138674,674,3951,7886
138915,684,3889,8074
138915,664,3941,7999
139063,648,3740,7763
139063,680,3384,7485
135785,662,3336,7458
135785,660,4744,8780
140747,659,4800,8818
140747,682,4524,8751
140747,654,4155,8211
140747,669,4177,8273
141709,652,4160,8176
141709,653,4213,8229
141495,682,4150,8387
141495,645,4249,8213
141495,685,4274,8492
141495,638,4135,8082
141495,666,4095,8199
141495,670,4154,8276
140773,672,4226,8353
140773,666,4176,8282
140747,652,4258,8273
140747,668,4136,8242
139637,647,3856,7841
139637,667,3784,7881
137711,660,3758,7832
137711,670,3788,7891
136748,662,3776,7842
136748,659,3705,7771
136774,685,3700,7907
136774,647,3738,7842
137255,682,3782,7820
137255,662,3746,7754
137470,662,3724,7818
137470,667,3727,7766
137470,670,3774,7873
137470,661,3759,7786
138434,656,3738,7834
138434,675,3803,7867
137952,681,3711,7932
137952,650,3827,7756
139155,685,4360,8607
139155,671,4625,8562
122970,736,8276,12325
122970,707,4333,8549
112343,691,3446,7523
112343,694,3483,7589
107511,685,3391,7481
107511,705,3459,7554
104439,680,3440,7439
104439,680,3396,7442
102989,681,3412,7629
102989,663,3391,7337
116558,673,3325,7451
116558,680,3337,7437
125381,657,3254,7301
125381,677,3283,7390
128997,667,3298,7337
128997,667,3212,7264
129370,677,3220,7404
129370,671,3240,7246
130574,657,3253,7265
130574,693,4529,8756
139062,650,8157,12172
139062,687,9229,13434
145703,614,13288,16962
145703,658,15695,20228
148461,659,17636,21290
148461,656,17404,21499
148108,660,17260,21691
148108,625,16706,20359
148418,673,9077,13578
148418,656,5375,9488
146183,657,5456,9496
146183,656,5439,9535
144528,658,5425,9460
144528,654,5442,9513
145222,668,5196,9320
145222,672,4066,8207
142431,661,4079,8132
142431,663,3993,8148
141710,669,4109,8226
141710,652,4083,8055
139571,663,4118,8185
139571,671,4055,8128
139396,654,4081,8116
139396,673,4091,8222
140118,681,4124,8328
140118,644,4009,7955
139156,676,3606,7736
139156,684,3533,7695
135544,660,3570,7625
135544,666,3617,7706
135569,654,3676,7670
135569,665,3649,7760
134365,662,3654,7693
134365,672,3635,7725
136051,668,3543,7688
136051,675,3492,7538
135329,676,3514,7633
135329,662,3552,7603
135088,662,3591,7639
135088,667,3542,7583
134848,672,3601,7723
134848,675,3539,7637
136508,651,3551,7529
136508,693,3454,7669
134847,675,3452,7574
134847,640,3501,7412
135810,691,3589,7827
135810,670,3679,7726
138915,662,4945,9027
138915,656,5021,9113
141469,655,5085,9136
141469,665,4606,8704
141228,658,4286,8342
141228,659,6659,10710
145008,643,8301,12269
145008,632,8416,12536
133161,729,9343,13360
133161,731,8273,12589
120156,693,3532,7693
120156,689,3432,7486
109685,693,3455,7551
109685,690,3438,7453
106373,686,3467,7495
106373,680,3395,7473
104922,705,3374,7563
104922,660,3363,7407
91081,969,4756,8687
91081,883,16513,20802
93622,717,20279,24268
93622,731,19364,23464
95511,741,13906,18312
95511,696,9688,13623
94590,712,9010,13083
94590,722,8931,13077
93397,707,8988,13020
93397,706,8993,12984
93397,710,8964,13091
93397,721,9049,13175
93397,702,9096,13123
93397,713,9009,13029
93155,734,8902,13213
93155,805,8439,12369
81702,1419,7845,12334
81702,1596,7478,11765
72863,1289,6236,10346
72863,1399,6107,10293
69266,1391,6725,10969
69266,1192,8766,13035
68261,1082,13020,17052
68261,1116,16720,21086
67763,1067,17628,21628
70596,603,16141,20187
70596,811,8059,12517
70873,511,2700,6950
70873,524,1886,6017
69672,504,1869,5876
69672,522,1981,6052
69463,508,2040,6065
69463,517,1957,6031
69220,527,1936,6087
69220,522,1958,6030
68977,508,1919,5948
68977,521,2008,6071
68977,505,1943,5956
68977,522,2050,6123
68977,503,2009,6015
68977,518,1889,5959
68988,529,1942,6103
68988,518,1896,5960
68988,507,1966,5992
68988,516,1988,6044
68988,505,1852,5868
68988,523,1988,6072
68988,506,1977,6004
68988,520,2033,6102
68988,508,2017,6040
68988,517,2028,6095
68988,534,1982,6142
68988,517,2014,6086
68988,505,1924,5946
68988,520,2030,6094
69022,512,1997,6024
69022,519,2072,6133
68988,507,2030,6060
68988,519,2040,6096
68988,532,1906,6073
68988,517,2022,6103
68988,507,2018,6039
68988,518,2018,6070
68988,507,1992,6023
68988,516,2007,6069
68988,528,2001,6145
68988,496,2032,5965
68988,531,2038,6213
68988,517,1951,6015
68988,506,1901,5924
68988,521,2047,6116
68988,509,2009,6035
68988,518,1958,6032
68988,505,2010,6032
68988,516,1922,6117
68977,534,1964,6011
68977,513,2031,6055
68734,512,1832,5885
68734,516,1895,5956
68977,506,1867,5895
68977,525,1978,6038
57403,508,1924,5968
57403,518,1956,6017
51843,529,1911,6068
51843,519,1744,5825
49903,505,1936,5957
49903,520,1967,6027
48954,507,1984,6008
48954,518,1928,6000
48711,507,1921,5941
48711,518,2009,6061
48711,535,2044,6221
48711,515,1932,5998
48711,506,2007,6028
48711,521,1995,6067
48711,507,2034,6065
48711,516,2006,6070
48711,505,1991,6008
48711,524,2021,6104
48711,530,1906,6057
48711,493,2017,6090
48711,530,1891,5918
48711,519,1967,6028
48711,505,1952,5971
48711,520,1988,6063
48711,507,2030,6067
48711,518,2040,6092
48467,530,1984,6147
48467,517,1983,6050
48711,514,2011,6053
48711,517,2035,6077
48467,510,1942,5982
48467,517,1963,6026
48467,507,1965,5991
48467,519,1960,6020
48467,533,1901,6066
48467,492,1905,5839
48467,528,1942,6094
48467,517,1986,6051
48467,509,1920,5958
48467,515,1949,6009
48467,506,1975,5995
48467,516,2006,6068
48467,507,1939,5975
48467,515,1958,6021
48467,530,1964,6126
48467,517,2024,6088
48467,510,2032,6067
48467,519,1971,6039
48467,507,2040,6062
48467,518,1996,6060
48467,529,1997,6144
48467,496,1989,5933
44599,498,2727,9446
44599,532,1975,13876
30275,517,2010,13799
30275,506,1907,13493
24919,520,1933,13761
24919,504,2041,13578
22974,521,2063,13863
22974,530,2014,13902
22241,501,1928,13505
22241,525,1962,13749
22241,518,1883,13689
22241,504,1938,13499
21996,519,1931,13756
21996,505,2004,13547
21996,520,1990,13812
21996,529,2011,13891
21996,497,2023,13561
21996,530,2033,13873
21996,521,2037,13857
21996,502,2031,13585
21996,521,2016,13842
21996,502,2032,13548
21752,520,1925,13750
21752,531,2032,13896
21766,496,1954,13482
21766,534,1926,13827
21996,515,1839,13607
21996,502,1973,13510
21752,521,2014,13855
21752,508,1962,13527
21752,520,1816,13630
21752,528,1948,13815
21752,497,1796,13322
21752,528,1890,13739
21752,516,1824,13583
21752,513,1921,13565
21996,520,1713,13526
21996,506,1905,13464
21752,525,1808,13636
21752,527,1893,13727
21508,498,1999,13555
21508,531,1792,13648
21508,497,1834,13385
21508,528,1850,13714
21752,516,1988,13773
21752,506,1912,13474
21508,520,1835,13608
21508,528,1665,13552
21752,497,1689,13247
21752,531,1825,13684
21752,496,1762,13283
21752,527,1854,13722
21752,523,1845,13697
21752,517,2012,13739
21752,502,1977,13454
21752,514,1823,13523
21752,536,1903,13865
21752,516,1736,13446
21752,514,1742,13432
21752,512,1852,13555
21752,509,1867,13554
21752,513,1792,13453
21752,515,1770,13474
21752,514,1905,13645
21752,530,1747,13669
21752,514,1822,13538
21752,512,1831,13517
21752,510,1766,13432
21752,512,1922,13630
21752,513,1803,13509
21752,512,1832,13523
21752,503,1823,13722
17852,519,1950,13429
17852,541,1714,13675
17852,513,1820,13541
17852,515,1893,13589
17852,511,2018,13687
17852,515,1705,13398
17852,506,1919,13536
17852,521,1699,13494
17852,507,1935,13589
17852,538,1897,13899
17852,513,1954,13671
17852,510,1762,13437
17852,508,1768,13422
17852,520,1857,13605
17852,514,1951,13653
17852,509,2020,13686
17852,511,1941,13625
17852,510,1937,13908
17852,538,1846,13533
17852,504,1747,13351
17852,525,1917,13786
17852,510,1803,13402
17852,512,1636,13325
17852,513,1830,13544
17852,514,1753,13443
17852,510,1836,13506
17852,538,1826,13822
17852,504,1663,13267
17852,519,1803,13589
17852,514,1876,13546
17852,514,1705,13433
17852,511,1724,13410
17852,506,1742,13381
17852,521,1755,13515
17852,526,1642,13505
17852,524,1721,13494
17852,512,1769,13471
17852,511,1845,13507
17852,513,1862,13585
17852,501,1764,13356
17852,529,1799,13691
17852,505,2029,13578
17852,531,1975,13914
17852,525,2020,13796
17852,510,1845,13522
17852,513,1969,13649
17852,514,1953,13661
17852,505,1784,13370
17852,520,2012,13794
17852,512,1838,13510
17852,515,1621,13336
17852,528,1925,13817
17852,523,1875,13659
17852,511,1790,13476
17852,518,1970,13703
17852,501,1958,13525
17852,519,1964,13740
17852,514,1727,13414
17852,512,1790,13496
17852,514,1899,13616
17846,518,1942,13706
17846,529,1900,13757
17846,512,1819,13516
17846,505,1790,13397
17846,522,1838,13632
17846,511,1945,13617
17846,515,2004,13704
17846,513,1588,13296
17846,526,1625,13499
17846,521,1780,13535
17846,519,1933,13678
17846,509,1647,13325
17846,511,1720,13416
17846,510,1470,13147
17846,514,1605,13303
17846,512,1932,13632
17846,509,1934,13609
17846,537,1929,13912
17846,511,1901,13592
17846,512,1945,13625
17852,503,1846,13434
17852,523,1946,13722
17852,516,1821,13544
17852,517,2038,13771
17852,505,1919,13550
17852,538,1873,13880
17852,513,1955,13626
17852,511,1955,13649
17852,512,1900,13591
17852,512,2001,13693
17852,511,2020,13703
17852,509,2021,13693
17852,513,1973,13683
17852,516,2036,13741
17852,533,1988,13921
17852,512,1981,13678
17852,514,1977,13684
17852,510,2003,13667
17852,511,1891,13585
17852,521,1967,13827
17852,507,1809,13369
17852,515,1888,13558
17852,534,1978,13953
17852,512,1886,13561
17852,518,2033,13759
17852,513,1997,13656
17852,514,1919,13621
17852,513,1866,13572
17852,511,1940,13637
17852,508,1948,13582
17852,536,1726,13725
17852,510,1871,13553
17852,511,1831,13520
17852,514,1931,13642
17852,511,1812,13506
17852,526,1973,13856
17852,494,1862,13333
17852,516,1823,13549
17852,532,1928,13870
17363,507,1844,13515
17363,519,1806,13540
17363,517,1698,13414
17363,507,1901,13543
17363,521,1992,13726
17363,509,1882,13548
17363,514,1985,13702
17363,525,2031,13864
17363,523,1980,13794
17363,512,1821,13507
17363,505,1784,13408
17363,519,1607,13399
17363,509,1507,13160
17363,515,1606,13330
17363,513,1691,13407
17363,511,1752,13450
17363,532,1851,13751
17363,516,1809,13529
17363,503,1881,13489
17363,521,1964,13759
17602,520,2006,13830
17602,503,1991,13529
17602,530,1941,13859
17602,493,2020,13492
17602,516,2072,14057
17602,543,1902,13603
17602,513,2013,13678
17602,516,1964,13666
17602,510,2000,13664
17602,505,1983,13588
17602,520,2009,13797
17602,531,2028,13917
17602,494,1921,13402
17602,527,2006,13875
17602,525,1880,13689
17602,511,1945,13625
17602,509,1847,13527
17602,505,1820,13429
17602,521,2006,13810
17602,507,2015,13652
17607,524,1997,13854
17607,525,1929,13740
17607,496,1983,13475
17607,534,2029,13973
17607,511,2059,13721
17607,506,2015,13629
17607,521,1944,13745
17607,528,1974,13842
17607,497,1984,13471
17607,528,2024,13909
17607,519,2004,13788
17607,513,1928,13625
17607,511,1882,13577
17607,502,1921,13497
17607,521,1789,13596
17607,526,1910,13789
17607,497,1737,13233
17607,528,1946,13815
17607,515,1786,13531
17607,519,1944,13722
17363,495,1761,13276
17363,516,1749,13469
17363,524,2024,13844
17363,511,1999,13695
17363,532,2120,13790
17363,530,1850,13747
17363,514,1939,13635
17363,518,1944,13708
17363,513,1971,13679
17363,505,1932,13517
17363,520,1761,13563
17363,504,1774,13380
17363,519,1811,13597
17363,525,1720,13577
17363,498,1940,13757
17363,534,1979,13659
17363,511,1915,13606
17363,512,1959,13630
17363,517,1915,13651
17363,511,2003,13691
17363,515,2014,13779
17363,523,1980,13783
17363,510,2017,13688
17363,522,2005,13786
17363,510,1988,13650
17363,504,1816,13427
17363,518,1881,13636
17363,516,1931,13673
17363,511,1730,13429
17363,528,1998,13870
17363,495,1873,13381
17363,513,2000,13708
17363,535,2004,13978
17363,502,1904,13468
17363,521,1962,13782
17363,510,1995,13667
17363,516,1995,13702
17363,524,1945,13776
17363,499,1962,13504
17363,514,1730,13448
17363,519,1800,13600
