nvml:nvidia_geforce_gtx_970_0,rapl:ram,rapl:cores,rapl:pkg
17631,822,4313,16961
17631,521,2103,13872
17631,515,1916,13632
17631,534,1681,13630
17631,515,1733,13442
17631,510,1877,13532
17631,508,1703,13334
17631,522,1698,13501
17631,513,1810,13484
17631,514,1777,13477
17631,512,1785,13471
17631,511,1829,13815
17625,519,1771,13281
17625,529,2018,13881
17625,512,1759,13463
17625,513,1623,13332
17625,517,1718,13433
17625,511,1788,13459
17625,517,1735,13453
17625,532,1782,13707
17625,518,1891,13608
17625,511,1787,13472
17625,508,1991,13640
17625,515,1831,13536
17625,513,1831,13522
17625,514,1636,13339
17625,510,1601,13287
17625,536,1734,13717
17625,515,1716,13423
17625,512,1551,13244
17625,510,1760,13434
17625,512,1884,13582
17619,524,1892,13701
17619,503,1771,13345
17619,510,1729,13399
17619,515,1725,13467
17619,515,1594,13293
17619,533,1791,13720
17619,515,1642,13322
17619,512,1745,13412
17619,517,1743,13462
17619,510,1724,13409
17619,510,1812,13473
17619,515,1899,13912
17619,531,1814,13435
17619,519,1836,13616
17619,510,1723,13385
17619,511,1836,13522
17619,516,1840,13566
17619,513,1744,13422
17619,511,1956,13631
17619,535,1719,13700
17380,498,1780,13284
17380,533,1743,13659
17380,510,1755,13431
17380,511,1632,13324
17380,520,1947,13681
17380,508,1748,13395
17380,511,1691,13390
17380,535,1724,13695
17380,515,1593,13310
17380,514,1693,13403
17380,507,1740,13391
17380,517,1773,13515
17380,513,1769,13449
17380,509,1794,13470
17380,513,1725,13425
17380,509,1662,13321
17380,538,1670,13674
17380,513,1775,13465
17380,514,1726,13430
17380,508,1791,13433
17625,522,1939,13727
17625,506,1786,13394
17625,529,1750,13649
17625,497,1603,13121
17625,536,1846,13806
17625,507,1765,13371
17625,521,1659,13436
17625,509,1738,13404
17625,518,2010,13721
17625,514,1857,13560
17625,510,1878,13555
17625,509,1717,13386
17625,530,1897,13792
17625,522,1909,13707
17625,512,1652,13349
17625,512,1660,13365
17625,515,1795,13506
17625,507,1665,13291
17625,514,1699,13429
17625,532,1841,13779
17625,502,1843,13403
17625,529,1720,13594
17625,510,1815,13495
17625,511,1839,13511
17625,518,1786,13531
17625,500,1800,13363
17625,522,1724,13519
17625,512,1950,13622
17625,539,1844,13825
17625,513,1887,13593
17625,512,1934,13621
17625,510,1842,13502
17625,512,1857,13548
17625,529,1809,13714
17625,497,1837,13322
17625,513,1849,13556
17625,513,1815,13518
17625,537,1780,13782
17625,502,1780,13341
17625,519,1723,13485
17625,525,1909,13719
17625,506,1875,13470
17625,511,1737,13416
17625,527,1698,13570
17625,520,1753,13542
17625,514,1954,13655
17625,504,1782,13356
17625,518,1844,13551
17625,518,1700,13454
17625,514,1705,13414
17625,513,1774,13485
17625,528,1883,13759
17625,520,1654,13434
17625,513,1815,13512
17625,504,1673,13279
17625,512,1773,13459
17625,520,1760,13547
17625,515,1929,13636
17625,511,1838,13513
17625,529,1743,13626
17625,511,1714,13389
17625,515,1614,13319
17625,515,1760,13488
17625,514,1739,13435
17625,516,1983,13693
17625,515,1763,13492
17625,528,1792,13686
17625,511,1637,13320
17625,519,1713,13465
17625,515,1699,13427
17625,512,1839,13526
17625,511,1837,13514
17625,511,1737,13394
17625,517,1849,13605
17625,510,1952,13617
17625,528,1834,13725
17625,519,1838,13608
17625,514,1599,13313
17625,513,1935,13642
17625,505,1817,13421
17631,524,1789,13648
17631,512,1760,13379
17631,511,1762,13445
17631,528,1841,13738
17631,496,1798,13292
17631,536,1699,13670
17631,513,1877,13578
17631,504,1860,13440
17631,512,1689,13374
17631,518,1689,13452
17631,512,1930,13621
17631,528,1795,13672
17631,519,1779,13571
17631,511,1880,13554
17631,514,1898,13612
17631,508,1830,13457
17631,517,1784,13545
17631,512,1994,13679
17631,510,1927,13590
17631,531,1976,13902
17625,505,2009,13593
17625,531,1998,13906
17625,510,1992,13651
17625,506,1862,13491
17625,521,1820,13604
17625,511,1929,13604
17625,511,1838,13537
17625,529,1890,13764
17625,496,1894,13402
17625,534,1885,13846
17625,516,1948,13694
17625,518,1976,13712
17625,504,1829,13414
17625,511,1804,13484
17625,513,1799,13503
17625,531,1865,13778
17625,495,1946,13735
17625,535,1793,13467
17625,512,1698,13411
17625,512,1802,13479
17374,522,1872,13682
17374,507,1899,13479
17374,511,1830,13515
17374,512,1909,13592
17374,535,1910,13892
17374,515,1845,13541
17374,512,1686,13383
17374,511,1681,13344
17374,514,1791,13507
17374,510,1980,13647
17374,514,1756,13460
17374,512,1805,13498
17374,511,1762,13752
17374,537,1870,13553
17374,515,1894,13634
17374,512,1900,13588
17374,513,1900,13600
17374,507,1986,13602
17374,513,1814,13517
17374,515,1806,13508
17619,519,1848,13644
17619,531,1766,13648
17619,510,1785,13452
17619,516,1838,13567
17619,514,2056,13732
17619,514,1847,13555
17619,509,1800,13465
17619,512,1782,13464
17619,518,1709,13446
17619,533,1865,13821
17619,513,1768,13462
17619,513,1907,13609
17619,513,1782,13478
17619,507,1913,13551
17619,519,1956,13731
17619,508,1931,13565
17619,515,1840,13549
17619,537,1972,13964
17619,509,1808,13471
17619,514,1981,13678
17625,524,1966,13796
17625,505,2019,13571
17625,511,1900,13573
17625,513,1922,13641
17625,512,1929,13618
17625,537,1956,13963
17625,511,1934,13605
17625,514,1896,13589
17625,514,1880,13594
17625,510,1949,13630
17625,510,1944,13613
17625,516,2026,13735
17625,515,1994,13724
17625,512,1957,13641
17625,534,1992,13961
17625,510,1999,13648
17625,515,1907,13629
17625,502,1988,13571
17625,518,1769,13525
17625,510,1933,13589
17625,523,1968,13798
17625,530,2025,13895
17625,513,1872,13574
17625,515,1927,13636
17625,512,1918,13605
17625,513,1887,13593
17625,514,1823,13539
17625,518,1909,13639
17625,508,1910,13540
17625,509,1977,13951
17625,538,2029,13715
17625,510,2027,13682
17625,517,1956,13694
17625,516,2001,13733
17625,512,1959,13642
17625,509,2018,13675
17625,510,2008,13675
17625,530,1996,13897
17625,520,1986,13771
17625,511,1897,13588
17363,519,1949,13713
17363,509,2005,13624
17363,512,1973,13658
17363,512,1986,13674
17363,511,1975,13665
17363,515,2021,13692
17363,537,1988,13985
17363,513,1863,13552
17363,515,1961,13678
17363,513,1896,13610
17363,498,1904,13428
17363,526,2008,13841
17363,510,1898,13559
17363,513,1884,13583
17363,513,1981,13977
17363,534,1993,13655
17363,513,1996,13697
17363,507,1993,13602
17363,518,1896,13655
17363,515,1839,13556
17363,522,1790,13609
17363,523,2007,13813
17363,515,1943,13676
17363,515,1981,13656
17363,515,2045,13757
17363,513,2016,13717
17363,509,1829,13491
17363,517,1991,13692
17363,509,1976,13635
17363,513,1978,13694
17363,536,1978,13955
17363,515,2000,13705
17363,510,1881,13562
17363,513,2007,13707
17363,513,2016,13715
17363,513,1940,13634
17363,509,1884,13566
17363,512,1980,13678
17363,534,1985,13943
17363,516,1921,13643
17363,512,1892,13600
17363,513,1967,13640
17363,515,1966,13671
17363,512,2012,13684
17363,512,1906,13582
17363,510,1962,13624
17363,514,2024,13736
17363,517,1999,13729
17363,533,1990,13953
17363,514,2022,13701
17363,511,1842,13508
17363,514,1960,13673
17363,512,1974,13662
17363,514,1984,13691
17363,508,1948,13599
17363,539,1905,13912
17363,509,1643,13295
17363,514,1622,13338
17363,510,1785,13468
17363,514,1803,13495
17363,520,1710,13485
17363,507,1811,13413
17363,534,1657,13612
17363,517,1761,13496
17363,515,1937,13611
17363,513,1797,13513
17363,509,2001,13650
17363,517,1893,13619
17363,508,1957,13615
17363,516,1917,13646
17363,510,1885,13554
17363,538,1697,13690
17363,511,1908,13580
17363,517,1871,13622
17363,510,1848,13509
17363,506,2008,13610
17363,516,1988,13716
17363,513,1988,13695
17363,511,1983,13670
17363,543,1887,13889
17363,496,1988,13517
17363,525,1919,13769
17363,513,1992,13672
17363,516,1906,13627
17363,514,1897,13596
17363,507,1799,13438
17363,514,1667,13370
17363,540,1903,13901
17363,512,1912,13604
17363,511,1772,13450
17363,514,1930,13638
17363,516,1888,13607
17363,514,1949,13654
17363,508,1989,13625
17363,512,1904,13592
17363,516,1925,13652
17363,511,1950,13933
17363,537,1909,13571
17363,508,1887,13532
17363,516,1787,13502
17358,509,1919,13608
17358,513,1953,13643
17358,511,1958,13630
17358,532,1943,13841
17358,513,1831,13529
17358,519,1936,13696
17358,512,1894,13591
17358,516,1994,13708
17358,504,1938,13545
17358,518,1974,13714
17358,513,1972,13676
17358,538,1955,13943
17358,513,1983,13694
17358,510,1847,13505
17358,511,1905,13595
17358,515,2005,13714
17358,511,1912,13598
17358,511,1947,13630
17358,510,1958,13636
17607,529,2041,13991
17607,523,2010,13748
17607,505,1994,13606
17607,523,1969,13747
17607,516,2022,13745
17607,502,2010,13576
17607,514,1971,13673
17607,515,1932,13639
17607,557,4724,16720
17607,598,20148,31462
17607,596,21837,33558
17607,774,19395,30960
17607,786,16326,28117
17607,591,19991,31676
17607,645,19959,31700
17607,946,16284,28712
17607,890,14102,25769
17607,686,27102,38128
17607,618,50587,62271
17607,658,29255,41642
17573,788,19341,30862
17573,653,19861,31886
17573,659,19693,31292
17573,641,19699,31238
17573,972,18364,30876
17573,717,14024,25824
17573,669,19295,30964
17573,622,19694,31341
17573,633,20270,32007
17573,656,19577,31252
17573,1228,12660,24348
17573,663,14823,26533
17573,610,19633,31371
17573,684,19647,31384
17573,651,19478,31084
17573,666,19653,32084
17573,579,19503,30541
17573,596,21207,33252
17573,596,21844,33741
17573,585,21838,33441
17584,1521,21724,33768
17584,784,12013,24021
22945,817,19874,29346
22945,969,20120,24039
38725,1013,19253,23367
38725,973,19167,23432
45035,1039,19055,23656
45035,949,19269,23000
46975,1056,19241,23897
46975,962,19691,23720
48166,922,19529,23850
48166,974,18807,23089
48685,1627,15863,20134
48685,1164,16002,20340
48685,987,15207,19439
48685,706,19390,23363
48685,1452,10301,14750
48685,600,12178,15967
48653,655,18593,23062
48653,629,19548,23697
48646,588,20641,24581
48646,624,21604,25754
48621,710,23586,27627
48621,928,19443,23702
48653,974,19824,23817
48653,972,19384,23598
48653,945,19614,23600
48653,1151,20376,24742
48653,969,19682,23720
48653,1040,19353,24127
48653,883,18827,22386
48653,747,20022,24188
50356,938,19523,23914
50356,934,19388,23893
49383,941,19352,23344
49383,1016,19102,23426
48896,912,18817,22964
48896,822,18808,22619
57609,956,19272,23488
57609,602,19576,23815
81634,632,17802,21761
81634,643,15065,19221
91505,650,14321,18531
91505,664,7396,11603
99428,658,3352,7445
99428,696,4704,8951
110357,655,5854,9875
110357,658,5742,9853
128431,654,5817,9845
128431,676,5693,9786
135811,658,5840,9840
135811,673,5804,9940
137953,658,5691,9709
137953,650,5708,9835
138607,666,5733,9809
138607,659,5754,9817
140747,654,5562,9697
140747,681,4841,8988
138849,672,4608,8762
138849,663,4189,8269
136748,644,4234,8235
136748,686,4337,8518
140025,649,14239,17873
140025,654,17227,21312
143126,657,17729,21898
143126,661,15022,19380
143085,654,9720,13843
143085,653,9886,13979
144260,654,9944,13885
144260,646,9696,13768
142603,679,8901,13258
142603,668,6874,10956
142122,651,6626,10693
142122,658,6795,10841
141710,667,6055,10071
141710,660,5714,9778
141710,679,5872,10085
141710,668,5698,9883
140052,650,5409,9444
140052,671,4195,8310
138433,652,4337,8344
138433,672,4218,8315
137404,655,4262,8318
137404,667,4190,8297
137645,664,4160,8175
137645,687,3817,7935
134365,705,3818,8045
134365,667,3780,7836
133402,660,3723,7820
133402,674,3723,7809
133161,648,3714,7712
133161,679,3746,7861
134671,644,3742,7695
134671,679,3669,7825
133707,659,3691,7738
133707,674,3710,7812
133643,654,3705,7765
133643,680,3736,7831
132463,702,3819,8021
132463,647,3699,7654
133884,681,3807,7965
133884,660,3689,7765
132704,666,3791,7857
132704,651,3723,7836
117097,683,4062,8124
117097,1119,12929,16824
85767,694,19464,23450
85767,618,19229,23352
92896,758,18113,22639
92896,710,13153,17163
104147,721,4061,8220
104147,710,3471,7670
103230,705,3728,7791
103230,691,4094,8167
106615,696,4097,8176
106615,663,4040,8091
114442,688,4163,8254
114442,655,3803,7899
126767,654,3968,7953
126767,683,4012,8146
131322,661,3951,7983
131322,677,3909,7979
133707,703,3960,8215
133707,660,3867,7884
135152,693,4149,8188
135152,664,3816,7964
133948,663,3911,7944
133948,676,3941,8041
134606,655,3924,7947
134606,680,4003,8149
134607,679,3929,8084
134607,643,3833,7723
135570,695,3863,8114
135570,670,3884,7992
134430,674,3973,8009
134430,673,4014,8109
134912,668,3917,8027
134912,656,3908,7891
135876,659,3879,7901
135876,664,3792,7936
135810,671,3888,8013
135810,663,3917,7906
134366,667,4004,8101
134366,678,3888,8022
134847,675,3935,8047
134847,692,3996,8071
135634,651,3885,7867
135634,676,3808,7991
135127,661,3854,7951
135127,664,3829,7810
135088,686,3931,8132
135088,653,3951,7898
135328,659,3904,7961
135328,672,3874,7963
135634,683,4017,8234
135634,670,3931,7967
136051,651,3953,7990
136051,683,3983,8122
134848,664,3999,8040
134848,669,5711,9741
138848,654,7168,11228
138848,665,10349,14484
142604,646,10002,13976
142604,650,9592,13717
144260,655,9461,13517
144260,651,9867,13989
144474,653,9542,13575
144474,646,9744,13849
144260,678,7975,12265
144260,675,6442,10558
143058,663,5590,9711
143058,641,5807,9689
142604,657,8219,12320
142604,667,7640,11759
143058,650,7494,11546
143058,680,6620,10851
142886,650,5424,9494
142886,655,6206,10289
142431,657,5685,9690
142431,688,4648,8925
141228,659,4817,8866
141228,746,10458,13962
127467,725,15417,19770
127467,721,5219,9594
113234,688,3509,7497
113234,710,3523,7650
105889,712,3490,7672
105889,666,3382,7340
102765,711,3497,7653
102765,676,3394,7526
105165,669,3340,7353
105165,660,3225,7210
119894,690,3304,7433
119894,704,3360,7489
125201,655,3247,7231
125201,699,3243,7432
126828,675,3240,7323
126828,635,3771,7663
132704,669,4467,8747
132704,658,6302,10408
140815,668,7117,11010
140815,661,6912,11046
142913,647,7208,11294
142913,667,7125,11270
142432,653,5734,9792
142432,711,3907,8075
137952,658,3779,7825
137952,681,3783,7905
136773,676,3760,7858
136773,678,3811,7920
137471,660,3882,7943
137471,633,3853,7777
136051,684,3883,8072
136051,679,3811,7913
136292,669,3790,7921
136292,641,3806,7723
136051,681,3825,7973
136051,684,3905,7931
137014,684,3818,8024
137014,656,3847,7955
135811,672,3872,7955
135811,654,3905,7832
136357,671,3862,8028
136357,675,3935,8067
136117,657,3998,8021
136117,669,3864,7892
137471,663,3947,8031
137471,661,3922,8036
136051,660,3959,7969
136051,691,3879,8067
139089,643,5518,9530
139089,669,4631,8678
135329,675,3231,7415
135329,683,3311,7366
131299,669,3231,7314
131299,669,3246,7328
129877,688,3314,7465
129877,664,3830,7913
133643,639,3893,7811
133643,676,3875,7981
134847,686,3878,8089
134847,643,3827,7931
136508,685,3831,7864
136508,669,3817,7928
136267,661,3903,7953
136267,664,3917,7908
136026,674,3543,7742
136026,655,3340,7273
133162,680,3302,7493
133162,657,3315,7280
132921,683,3324,7490
132921,669,3241,7316
132263,661,3346,7365
132263,684,3316,7472
131540,654,3373,7368
131540,691,3317,7530
131322,649,3385,7311
131322,684,3302,7451
129877,691,3398,7547
129877,701,6415,10258
117985,721,10101,14382
117985,691,3788,7831
110168,694,3611,7675
110168,700,3550,7643
106857,707,3492,7657
106857,679,3543,7525
105164,706,3452,7613
105164,658,3437,7423
108530,700,3443,7623
108530,667,3248,7319
122788,666,3276,7333
122788,667,3312,7398
128252,664,3353,7389
128252,669,3324,7432
129853,660,3378,7390
129853,679,3377,7536
131804,670,3844,7911
131804,673,4050,8146
135088,650,4085,8097
135088,676,4081,8226
136682,650,4144,8168
136682,665,4062,8147
136948,659,4094,8129
136948,685,3971,8190
136774,650,4099,8068
136774,699,4131,8360
136948,646,4013,8009
136948,675,4064,8164
138367,665,4109,8224
138367,653,3964,8025
138608,666,4040,8083
138608,657,4010,8106
138915,659,3901,7900
138915,680,3554,7718
135634,659,3617,7632
135634,666,3682,7824
137737,663,5356,9421
137737,666,6262,10379
142672,636,6478,10393
142672,671,6385,10605
144912,658,8828,12971
144912,654,9104,13139
145703,643,8244,12222
145703,676,5795,10031
143565,651,5161,9191
143565,660,5051,9161
142844,655,5074,9131
142844,667,5161,9248
142363,650,5301,9297
142363,680,6492,10708
143325,673,6173,10383
143325,628,5446,9318
143325,688,5444,9723
143325,666,5514,9599
144047,636,5551,9571
144047,678,5554,9692
143154,641,5246,9238
143154,653,4927,8959
142913,670,4557,8762
142913,667,4503,8603
141255,659,4502,8599
141255,663,4391,8449
141229,657,4499,8537
141229,670,4423,8498
140573,668,3808,7933
140573,681,3627,7678
139850,656,3541,7521
139850,681,3589,7749
137684,658,3519,7551
137684,690,3534,7718
136747,657,3517,7597
136747,683,3559,7683
138406,670,3570,7624
138406,664,3509,7573
120616,703,5272,9273
120616,740,7163,11381
119893,691,4173,8236
119893,702,3901,7972
114903,699,3916,8013
114903,684,3848,7869
112752,697,3883,7982
112752,688,3786,7850
109612,656,3794,7851
109612,683,3679,7796
125299,662,3640,7719
125299,693,3705,7886
132236,633,3638,7582
132236,676,3676,7747
133618,691,3743,7938
133618,672,3758,7850
136266,643,3701,7680
136266,666,3635,7726
135570,672,3769,7853
135570,674,3756,7879
136051,662,3728,7747
136051,680,3653,7853
136923,662,3757,7817
136923,689,3710,7852
136226,652,3752,7785
136226,652,3700,7676
136923,663,3715,7806
136923,678,3696,7852
136267,653,3724,7726
136267,679,3754,7872
136508,683,3708,7897
136508,652,3690,7722
135329,677,3789,7896
135329,670,3769,7848
136052,661,3757,7794
136052,663,3690,7798
135545,664,3753,7820
135545,670,3735,7791
135570,663,3738,7813
135570,660,3716,7767
136533,679,3716,7916
136533,649,3779,7715
136051,659,3735,7809
136051,682,3716,7873
136467,660,3671,7703
136467,674,3634,7814
139571,651,5253,9277
139571,671,5337,9467
141976,649,5308,9286
141976,657,5391,9509
143085,663,5346,9429
143085,659,5394,9454
144741,671,5327,9581
144741,671,5388,9495
143875,644,5365,9384
143875,664,5391,9494
142432,640,5233,9265
142432,658,5205,9300
143635,660,5362,9434
143635,667,5417,9493
144260,647,5255,9354
144260,677,4065,8253
141470,658,4091,8132
141470,664,4225,8326
141495,659,4776,8833
141495,670,4244,8368
140773,661,4208,8271
140773,666,4128,8239
140748,645,4174,8167
140748,657,4219,8214
141229,665,4903,8966
141229,672,6249,10514
143539,648,6433,10437
143539,684,4834,9026
139329,682,4576,8699
139329,721,11843,15445
127226,729,9646,14153
127226,710,4331,8465
115649,667,3593,7510
115649,705,3519,7683
109928,709,3590,7753
109928,667,3552,7493
107753,682,3454,7563
107753,688,3560,7660
117261,651,3309,7331
117261,682,3346,7468
126985,660,3339,7358
126985,676,3332,7412
131780,687,3387,7568
131780,671,3356,7455
132503,659,3371,7387
132503,676,3413,7522
132503,659,3381,7395
132503,684,3372,7538
132503,679,3381,7520
132503,649,3355,7270
132439,689,3378,7574
132439,668,3352,7442
132744,669,3384,7438
132744,660,3300,7356
133161,665,3430,7463
133161,674,3306,7446
133226,658,3385,7404
133226,672,3423,7546
133225,674,3459,7569
133225,646,3412,7392
132744,689,3538,7741
132744,639,3491,7430
132744,679,3411,7561
132744,656,3439,7471
135063,678,4144,8337
135063,665,4143,8223
137645,663,4164,8225
137645,656,4107,8045
138127,678,4081,8275
138127,678,4092,8199
138608,648,4073,8048
138608,681,4052,8218
139156,650,4076,8102
139156,665,4067,8159
139155,660,4008,8076
139155,672,4052,8160
138915,656,4115,8164
138915,682,4117,8259
139156,674,4122,8258
139156,651,4077,8094
139544,663,4173,8216
139544,661,4063,8192
140360,647,4096,8076
140360,666,4068,8345
138434,672,4104,8055
138434,672,4006,8076
137015,687,3707,7931
137015,639,3666,7573
136292,683,3654,7860
136292,680,3622,7732
135785,663,3548,7568
135785,667,3569,7672
135544,661,3586,7609
135544,658,3605,7593
135063,684,3546,7793
135063,661,3602,7563
135368,682,3656,7816
135368,650,3634,7603
135063,686,3655,7861
135063,675,3673,7769
134911,695,3763,7829
134911,673,3663,7713
135811,662,3729,7755
135811,680,3576,7754
134847,656,3668,7636
134847,656,3646,7697
138367,678,5043,9107
138367,733,5608,9857
124394,691,7266,11204
124394,718,4184,8380
115572,713,4028,8194
115572,680,3987,7950
112751,713,3979,8176
112751,674,3961,7877
110652,720,4069,8281
110652,663,3943,7998
116614,678,3836,7918
116614,672,3763,7873
129937,665,3774,7798
129937,663,3702,7800
133644,663,3733,7782
133644,667,3709,7761
135303,663,3713,7746
135303,669,3755,7804
136924,659,3733,8022
136924,682,3665,7624
136267,674,3738,7870
136267,682,3781,7911
137015,641,3744,7681
137015,682,3733,7926
135810,672,3683,7757
135810,663,3716,7717
136989,676,3764,7872
136989,658,3730,7785
137860,678,3799,7989
137860,649,3780,7711
136749,684,3803,8011
136749,660,3744,7770
137055,646,3681,7696
137055,676,3740,7815
136989,689,3767,7996
136989,665,4400,8474
139612,660,4362,8440
139612,653,4513,8509
140815,659,4442,8483
140815,672,4406,8499
141229,656,4289,8368
141229,683,3977,8115
138915,656,3939,7942
138915,670,3988,8122
137737,674,4034,8170
137737,676,4051,8150
138848,648,3961,7982
138848,661,3971,8003
137230,678,4101,8233
137230,663,3967,8007
137711,680,3928,8106
137711,644,3464,7424
134847,688,3506,7702
134606,665,3490,7544
134606,665,3653,7717
134606,655,4094,8140
137712,652,4034,8051
137712,684,4047,8271
138675,661,4019,8070
138675,647,5485,9414
142913,676,6156,10482
142913,643,6134,10009
144116,682,6031,10326
144116,628,6134,9984
145532,680,6104,10337
145532,654,5983,10012
145533,666,6147,10249
145533,663,5974,10121
144768,644,5334,9276
144768,656,5052,9163
144046,661,5104,9179
144046,677,5045,9247
143635,646,5017,9021
143635,684,5222,9328
143634,676,5245,9376
143634,667,5036,9155
128672,723,7067,11078
128672,709,10971,15052
119916,714,3865,8082
114200,694,3441,7533
114200,696,3421,7510
107099,676,3470,7438
107099,708,3495,7618
104923,694,3432,7537
104923,682,3386,7470
100880,675,3449,7545
100880,658,3272,7259
117985,676,3222,7376
117985,672,3238,7289
127949,658,3878,8013
127949,696,3886,7948
134848,656,3913,7967
134848,669,3907,8013
136507,652,3982,7979
136507,671,4605,8715
140506,648,4531,8542
140506,678,4555,8704
141161,669,4553,8716
141161,641,4594,8533
137470,663,3527,7615
137470,672,3283,7357
133403,690,3315,7497
133403,678,3275,7372
131804,663,3255,7283
131804,681,3243,7361
132744,643,3238,7183
132744,688,3233,7378
134125,675,4010,8180
134125,662,4435,8509
139063,673,4538,8624
139063,668,4428,8535
141255,651,4413,8460
141255,670,4482,8594
142389,643,4518,8535
142389,658,3954,7978
138608,685,3636,7805
138608,659,3555,7551
138849,672,4175,8275
138849,665,4088,8257
140533,669,4248,8316
140533,666,4112,8187
140359,659,3951,8005
140359,660,3664,7744
138193,664,3704,7772
138193,671,3674,7746
137470,664,3704,7777
137470,680,3680,7874
139785,628,4677,8575
139785,678,8322,12506
144982,634,8617,12463
144982,675,8313,12604
146905,680,8057,12296
146905,646,6294,10318
147146,646,6124,10190
147146,660,6037,10120
145462,650,6063,10066
145462,654,6081,10188
145730,650,6173,10157
145730,678,5450,9697
142191,662,3997,8040
142191,674,3951,8052
140292,683,3985,8184
140292,644,3986,7946
139155,662,3946,7981
139155,659,4552,8632
142045,676,4520,8726
142045,658,4371,8430
140051,652,4001,8022
140051,688,4112,8330
140773,645,4740,8706
140773,671,4944,9078
142363,635,4843,8822
142363,740,5992,10018
125864,703,7429,11781
125864,731,4076,8146
112772,684,3458,7520
112772,683,3496,7537
107531,681,3466,7494
107531,708,3525,7639
104216,679,3444,7452
104216,707,3391,7549
102331,655,3449,7472
102331,673,3244,7338
118467,667,3259,7294
118467,672,3228,7303
126346,697,3250,7426
126346,673,3210,7321
130271,650,3223,7223
130271,693,3266,7416
130118,661,3234,7264
130118,661,3235,7282
131056,690,3292,7474
131056,666,3226,7302
131298,677,3308,7362
131298,673,3310,7401
131957,653,3278,7292
131957,681,3307,7386
130816,671,3255,7320
130816,670,3251,7330
132541,661,3265,7427
132541,694,3224,7290
135101,681,4181,8274
135101,638,10621,14500
143992,651,17676,21617
143992,648,14696,18817
147457,638,11677,15688
147457,662,12039,16205
149423,679,11743,16138
149423,650,13464,17509
149210,636,9741,13684
149210,678,7010,11325
147287,636,7171,11051
147287,672,6523,10731
146114,640,5122,9083
146114,674,5107,9290
144741,676,5035,9239
144741,631,5159,9010
144741,819,6107,10420
144741,673,5151,9240
143848,693,5097,9154
143848,695,4587,8552
141950,659,4489,8535
141950,672,4422,8523
142123,674,4408,8618
142123,664,4381,8483
142432,665,4306,8382
142432,648,3943,7945
139570,678,3964,8127
139570,673,3966,8034
139878,634,4268,8418
139878,664,7057,10944
144115,668,7229,11383
144115,659,6912,10936
146253,654,7149,11194
146253,655,7122,11231
146905,637,7123,11167
146905,667,7134,11270
147528,668,7225,11486
147528,650,5875,9852
144329,677,4365,8552
144329,668,4030,8124
140533,661,4042,8090
140533,652,3969,7999
140292,663,3964,8048
140292,671,3954,8036
138433,662,3903,7920
138433,680,3995,8117
137736,692,4051,8269
137736,703,4797,8901
119916,711,6542,10641
119916,671,3903,7995
111619,711,3446,7448
111619,689,3402,7477
106615,689,3438,7501
106615,694,3473,7553
104439,686,3474,7526
104439,694,3516,7604
100396,669,3462,7599
100396,660,3269,7254
119674,663,3242,7337
119674,687,3444,7544
129154,653,3883,7946
129154,671,4255,8303
136683,666,4661,8819
136683,660,8046,12110
144501,640,8790,12829
144501,678,7048,11251
144046,647,4709,8688
144046,663,4524,8593
142604,655,4467,8564
142604,689,4064,8309
140507,643,4091,8010
140507,670,4096,8364
139784,683,4068,8115
139784,675,4099,8187
139544,653,4134,8169
139544,674,4067,8158
139543,648,4112,8133
139543,672,4042,8148
140091,686,4068,8271
140091,644,4061,8005
140025,661,4119,8182
140025,666,4168,8265
140025,684,4085,8303
140025,670,4148,8236
141710,632,5513,9367
141710,647,15501,19392
147358,674,16844,21235
147358,638,16230,20005
148249,643,9641,13883
148249,689,5564,9864
145943,649,5463,9455
145943,661,5330,9432
145221,665,5503,9594
145221,661,5524,9603
143806,665,4892,9052
143806,658,4561,8640
143539,651,4592,8637
143539,653,4555,8549
141950,679,4303,8504
141950,671,4118,8176
141469,662,4172,8269
141469,665,4143,8185
140774,663,4127,8186
140774,675,4117,8228
141951,670,4535,8717
141951,656,4527,8525
139811,662,3740,7792
139811,672,3814,7911
139396,648,3817,7830
139396,692,3751,8018
137536,649,3658,7625
137536,678,3234,7369
133467,675,3325,7382
133467,663,3293,7298
132262,672,3290,7442
132262,694,3319,7445
131322,658,3273,7313
131322,671,3255,7353
131081,681,3320,7415
131081,670,3216,7272
130598,661,3197,7231
130598,693,3338,7456
136051,647,7963,11858
136051,748,12556,16664
126044,714,7658,11868
126044,710,3980,8138
113551,695,3509,7620
113551,688,3513,7572
107530,681,3489,7535
107530,692,3554,7614
105699,683,3504,7546
105699,696,3461,7640
100655,649,3525,7505
100655,693,3310,7532
120456,651,3304,7269
120456,689,3310,7480
125623,657,3285,7288
125623,664,3322,7343
129395,680,3304,7434
129395,669,3294,7349
130116,696,3325,7526
130116,657,3249,7246
131780,675,3336,7464
131780,660,3279,7243
133948,674,3808,7961
133948,686,4007,8144
135785,641,3989,7960
135785,681,3937,8098
137470,661,3977,8010
137470,671,3904,7946
139304,654,4013,8041
139304,670,3908,8074
136989,679,3759,7932
136989,677,3488,7528
134365,656,3323,7398
134365,681,3407,7450
134404,655,3377,7411
134404,684,3471,7593
134606,667,3401,7512
134606,671,3454,7486
135570,673,3775,7856
135570,649,4102,8096
139089,670,4136,8269
139089,657,4114,8188
140292,662,4190,8431
140292,660,4101,8019
140292,678,4140,8363
140292,643,4090,7997
140359,675,4121,8293
140359,671,4111,8250
140533,645,4123,8081
140533,673,4068,8196
139396,680,4067,8247
139396,650,4115,8227
139637,658,4129,8009
139637,678,4189,8402
140774,671,4971,9095
140774,661,4979,9040
142390,663,5041,9102
142390,662,4907,9024
142604,652,4884,8945
142604,667,5073,9141
143325,642,5012,9029
143325,661,4891,8999
143393,664,4990,9064
143393,684,4900,9104
143634,638,5000,8928
143634,672,4364,8548
141710,658,4202,8270
141710,662,4324,8376
141469,673,4262,8460
141469,666,4255,8324
142191,667,4266,8399
142191,632,4364,8250
141951,671,4344,8511
141951,642,5295,9198
144982,671,13096,17239
144982,653,11454,15602
148801,660,9079,13336
148801,634,9238,13090
133403,787,9626,13960
133403,709,7169,11232
125623,696,4830,8853
125623,702,4296,8392
115407,685,3714,7906
115407,719,3852,7827
111618,689,3862,7910
111618,665,3702,7746
113068,685,3777,7870
113068,677,3648,7734
127769,692,3636,7849
127769,644,3499,7449
132045,675,3667,7785
132045,684,4190,8384
137711,632,4237,8132
137711,696,4285,8560
139570,645,4178,8192
139570,678,4271,8394
140292,650,4347,8343
140292,675,4300,8409
140532,656,4303,8361
140532,673,4239,8357
141469,649,4214,8200
141469,678,5023,9274
142912,663,5175,9233
142912,656,5040,9041
142912,667,4379,8516
142912,669,4358,8438
142191,665,4387,8509
142191,664,4327,8414
142912,659,4395,8428
142912,662,4375,8510
142526,659,4453,8459
142526,661,4396,8449
142432,666,4441,8554
142432,661,4360,8426
141951,681,4428,8662
141951,662,4364,8398
141710,665,4383,8517
141710,659,4151,8189
140507,654,3977,7935
140507,675,3881,8010
139785,682,4003,8181
139785,651,3866,7864
139370,672,3968,8080
139370,661,4018,8037
140574,660,3955,8025
140574,672,3998,8191
137952,660,3979,7990
137952,685,3520,7673
135393,667,3511,7605
135393,679,3509,7584
133643,653,3464,7503
133643,682,3514,7608
136773,679,4510,8655
136773,666,4846,8933
141469,647,4984,9005
141469,651,4901,8906
142913,678,4907,9038
142913,662,4859,8947
143325,673,4793,8945
143325,640,4893,9007
141951,685,4118,8166
141951,661,3352,7299
134365,682,3269,7441
134365,650,3283,7249
132984,685,3358,7532
132984,667,3784,7879
136508,641,4064,8005
136508,686,4079,8268
137496,650,3965,7990
137496,686,3988,8194
138674,649,4090,8048
138674,639,3954,7952
140360,658,3842,8052
140360,745,7611,11536
124900,725,9119,13373
124900,714,3925,8067
113309,692,3521,7604
113309,670,3509,7485
108307,708,3498,7702
108307,678,3532,7491
104700,688,3492,7552
104700,686,3497,7588
96831,683,3415,7504
96831,1172,8696,12806
90553,729,18805,23089
90553,712,20684,24423
93639,728,14388,18712
93639,715,7960,12059
92490,702,7688,11765
92490,711,7799,11870
92050,731,7942,12205
92050,684,7854,11722
92716,698,7910,11981
92716,715,7899,11999
91990,734,7890,12189
91990,710,7839,11934
91522,697,7740,11770
91522,713,7875,11975
91565,694,7857,11877
91565,1197,7104,11317
79126,1421,7804,12071
79126,1386,6352,10458
71905,1467,6971,11291
71905,1331,5678,9844
69023,1309,7634,11832
69023,1117,9573,13772
68261,1061,12624,16702
68261,1097,14677,18913
67763,947,15746,19738
70596,596,16131,20190
70596,822,6916,11500
70631,528,2480,6871
70631,504,2046,6051
69914,511,2015,6057
69914,518,1962,6018
69463,533,1895,6074
69463,516,1818,5881
69220,506,1858,5879
69220,522,1878,5945
69220,510,1826,5858
69220,515,1846,5909
69220,506,1895,5911
69220,523,1961,6033
69220,530,1860,6012
69220,497,1997,6084
69220,529,1826,5839
69220,522,1937,6015
69220,506,1822,5831
69220,524,2009,6094
69232,507,1941,5961
69232,520,1885,5958
69232,530,1739,5894
69232,518,1927,5992
69232,508,2062,6080
69232,524,1972,6053
69232,507,1824,5847
69232,519,1894,5959
69232,505,1875,5880
69232,527,1953,6048
69232,530,1921,6087
69232,493,1936,5855
68988,529,1964,6123
68988,520,1853,5933
68988,505,1773,5786
68988,519,1704,5782
68745,508,1820,5845
68745,521,1914,5986
68988,531,1846,6005
68988,515,1809,5864
68988,506,1875,5897
68988,526,1889,5972
68745,508,1856,5878
68745,517,1792,5859
68745,505,2058,6059
68745,521,1935,6008
68745,533,1751,5925
68745,494,1865,5792
68745,531,1797,5955
68745,518,1870,5925
68745,508,1718,5741
68745,520,1952,6025
68745,510,1893,5919
68745,519,1910,5972
68745,531,1760,5925
68745,524,2011,6063
60080,510,1937,5978
60080,521,1967,6015
53095,512,1873,5921
53095,516,1848,5902
50172,508,1847,5882
50172,520,1900,5959
49197,534,1848,6012
49197,495,1826,5896
48711,533,1836,5864
48711,520,1940,5997
48711,508,1815,5841
48711,518,1799,5868
48711,505,1866,5882
48711,524,1933,6002
48711,509,1848,5887
48711,541,1899,6100
48711,507,1840,5862
48711,520,1989,6048
48467,508,1838,5866
48467,519,1654,5733
48467,509,1964,5988
48467,521,1921,5980
48467,531,1829,5992
48467,495,1804,5737
48467,527,1699,5835
48467,527,1900,5993
48467,508,1729,5755
48467,518,1802,5868
48467,504,1600,5613
48467,523,1741,5821
48467,530,1750,5915
48467,518,1816,5880
48467,505,1761,5768
48467,522,1845,5905
48467,511,1636,5685
48467,516,1618,5673
48467,508,1677,5709
48467,521,1833,5899
48467,530,1935,6095
48467,494,1756,5689
48467,528,1615,5758
48467,522,1728,5824
48467,507,1933,5950
48467,518,1979,6048
48467,506,1718,5744
48467,520,1867,5935
48467,530,1840,5994
48467,494,1873,5954
48467,534,1790,5821
48467,516,1814,5861
48467,508,1749,5786
48467,518,1857,5928
48467,506,1818,5822
48467,529,2503,13209
32702,517,1914,13671
32702,531,1838,13732
26142,512,1843,13551
26142,517,1872,13539
23463,518,1841,13625
23463,506,1825,13411
22485,520,1864,13679
22485,525,1782,13557
21996,503,1905,13484
21996,531,1887,13779
22011,500,1865,13664
22011,525,1852,13354
22002,523,1909,13739
22002,509,1755,13391
21996,522,1927,13697
21996,514,1844,13494
21996,520,1727,13521
21996,531,1790,13700
21996,493,1827,13310
21996,532,1831,13688
21996,519,1846,13640
21996,506,1824,13395
21752,518,1797,13590
21752,509,1856,13444
21996,518,1745,13529
21996,529,1740,13591
21996,497,1820,13641
21996,534,1815,13417
21752,514,1920,13650
21752,509,1929,13547
21752,520,1964,13750
21752,511,1960,13569
21752,519,1884,13655
21752,533,1813,13736
21752,517,1859,13621
21752,502,2036,13526
21752,527,1873,13763
21752,503,1921,13462
21752,521,1890,13704
21752,512,1924,13532
21752,520,1801,13610
21752,526,1808,13637
21752,498,1764,13315
21752,534,1888,13751
21752,518,1811,13603
21752,504,1719,13292
21996,524,1991,13817
21996,505,1846,13420
21752,521,1992,13802
21752,525,1873,13691
21752,499,1836,13397
21752,541,1995,13920
21019,514,1895,13565
21019,510,1686,13335
21019,514,1727,13425
21019,515,1805,13485
21019,539,1780,13798
21019,513,1756,13462
21019,509,1858,13506
21019,518,1891,13598
21019,512,1904,13579
21019,513,1834,13532
21019,516,1855,13595
21019,513,1915,13560
21019,537,1905,13908
21019,512,1842,13522
21019,509,1779,13454
21019,518,1877,13591
21019,512,2007,13681
21019,510,1703,13371
21019,514,1801,13511
21019,519,1912,13629
18335,526,1737,13578
18335,524,1726,13532
18335,514,1749,13471
18335,503,1852,13424
18335,522,1743,13549
18335,513,1728,13418
18335,509,1651,13321
18335,539,1739,13716
18335,508,1736,13371
18335,522,1725,13520
18335,509,1703,13363
18335,518,1779,13489
18335,512,1587,13275
18335,512,1653,13352
18335,511,1679,13347
18335,514,1780,13490
18335,538,1877,13871
18335,515,1784,13506
18335,508,1900,13542
17852,510,1901,13577
17852,518,1828,13540
17852,505,1776,13395
17852,519,1931,13680
17852,516,1715,13404
17852,540,1718,13733
17852,511,1718,13412
17852,510,1738,13392
17852,517,1876,13606
17852,502,1813,13396
17852,520,1737,13509
17852,510,1896,13562
17852,519,1701,13423
17852,538,1846,13849
17852,510,1909,13504
17852,517,1847,13601
17852,516,1724,13430
17852,514,1904,13606
17852,506,1829,13456
17852,516,1761,13503
18102,535,1813,13761
18102,521,1974,13693
18102,514,1730,13448
18102,510,1832,13503
18102,517,1776,13481
18102,512,1797,13475
18102,512,1945,13632
18102,511,1839,13518
18102,514,1818,13510
18102,532,1929,13823
18102,519,1843,13620
18102,512,1893,13569
18102,516,1837,13549
18102,512,1856,13535
18102,506,1802,13429
18102,521,1892,13657
18102,518,1791,13499
18102,538,1943,13932
18102,511,1738,13428
18102,514,1819,13526
17846,504,2084,13606
17846,526,1854,13683
17846,514,1696,13412
17846,509,1796,13461
17846,515,1650,13347
17846,516,1750,13481
17846,524,1716,13563
17846,521,1619,13403
17846,511,1752,13421
17846,508,1720,13358
17846,520,1656,13427
17846,512,1777,13463
17846,516,1817,13521
17846,535,1711,13692
17846,515,1803,13519
17846,511,1786,13459
17846,512,1714,13399
17846,512,1846,13526
17846,513,1716,13416
17846,512,1613,13292
17846,519,1716,13498
17846,514,1975,13901
17846,540,1797,13509
17846,513,1790,13489
17846,510,1809,13475
17846,514,1750,13461
17846,514,1790,13496
17846,513,1886,13564
17846,511,1745,13424
17846,515,1832,13539
17846,534,1830,13781
17846,504,1944,13522
17846,523,1752,13549
17846,512,1699,13403
17846,512,1743,13427
17846,513,1783,13458
17846,515,1878,13581
17846,538,1960,13954
17846,512,1700,13387
17846,512,1782,13451
18096,524,1861,13680
18096,506,1834,13391
18096,517,1859,13562
18096,529,1944,13837
18096,498,1823,13316
18096,535,1808,13782
18096,506,1897,13518
18096,522,1790,13561
18096,514,1726,13432
18096,510,1743,13395
18096,516,1742,13475
18096,528,1728,13603
18096,500,1789,13317
18096,513,1873,13561
18096,527,1901,13776
18096,509,1860,13504
18096,514,1820,13543
18096,519,2004,13749
18096,513,1779,13489
18096,514,1810,13502
17363,523,1814,13623
17363,535,2091,13945
17363,514,1797,13517
17363,516,1934,13572
17363,521,2040,13793
17363,510,1759,13433
17363,515,1825,13538
17363,527,1818,13672
17363,498,1931,13448
17363,535,1921,13862
17363,517,1734,13477
17363,512,2038,13710
17363,513,1992,13664
17363,514,1966,13671
17363,514,1817,13507
17363,515,1921,13621
17363,518,1858,13583
17363,510,1958,13623
17363,534,1886,13853
17363,511,1891,13563
17607,518,2037,13786
17607,517,2004,13638
17607,506,1880,13504
17607,537,1899,13881
17607,499,1813,13310
17607,513,1881,13867
17607,535,1870,13561
17607,498,1938,13450
17607,530,1754,13632
17607,512,1626,13309
17607,512,1635,13331
17607,513,1894,13569
17607,514,1759,13476
17607,537,1835,13819
17607,510,1818,13498
17607,517,1841,13569
17607,505,1795,13420
17607,513,1993,13672
17607,514,1738,13452
17607,514,1740,13440
17363,514,2789,14561
17363,535,1696,13619
17363,512,1757,13431
17363,516,1586,13279
17363,514,1644,13336
17363,506,1739,13361
17363,519,1748,13503
17363,514,1784,13481
17363,513,1702,13404
17363,539,1676,13667
17363,510,1586,13260
17363,515,1810,13512
17363,516,1798,13533
17363,503,1810,13402
17363,518,1782,13540
17363,513,1852,13533
17363,512,1857,13544
17363,534,2018,13970
17363,513,1843,13527
17363,516,1850,13547
17363,522,1867,13701
17363,505,1849,13413
17363,509,1784,13456
17363,515,2027,13694
17363,518,1878,13612
17363,530,1841,13755
17363,515,1785,13529
17363,515,1848,13534
17363,516,1850,13577
17363,513,1849,13546
17363,509,1873,13528
17363,515,1928,13635
17363,516,1756,13483
17363,511,1858,13540
17363,538,1978,13977
17363,511,1946,13577
17363,512,1879,13580
17363,512,2030,13708
17363,515,1908,13629
17363,512,1802,13490
17607,519,1818,13616
17607,506,1830,13416
17607,538,1730,13731
17607,503,1755,13335
17607,522,1875,13671
17607,512,1880,13572
17607,512,1828,13513
17607,531,1905,13797
17607,500,1829,13361
17607,530,1944,13833
17607,510,1803,13470
17607,519,1760,13518
17607,513,1932,13630
17607,512,1823,13497
17607,515,1889,13600
17607,507,1969,13594
17607,534,1897,13861
17607,520,2007,13783
17607,505,1852,13465
