nvml:nvidia_geforce_gtx_970_0,rapl:ram,rapl:cores,rapl:pkg
17363,713,6139,17057
17368,513,2028,13736
17368,513,1661,13320
17368,512,1780,13472
17368,541,1647,13630
17368,512,1711,13395
17368,512,1606,13288
17368,514,1707,13424
17368,511,1754,13406
17368,516,1662,13381
17368,514,1698,13423
17368,513,1680,13387
17368,512,1832,13491
17368,532,1626,13539
17368,517,1676,13412
17368,512,1515,13215
17368,511,1586,13248
17368,513,1588,13292
17368,512,1602,13299
17368,527,1561,13454
17368,523,1572,13361
17363,511,1589,13313
17363,502,1634,13185
17363,522,1872,13657
17363,512,1820,13500
17363,510,1570,13243
17363,515,1799,13526
17363,528,1740,13624
17363,521,1784,13560
17363,511,1646,13329
17363,514,1632,13335
17363,511,1732,13412
17363,515,1688,13394
17363,509,1662,13335
17363,513,1593,13297
17363,514,1682,13406
17363,511,1690,13363
17363,539,1732,13740
17363,503,1761,13359
17363,517,1734,13485
17358,502,1782,13403
17358,524,1697,13438
17358,515,1693,13406
17358,529,1693,13580
17358,527,2026,13810
17358,514,1579,13293
17358,512,1643,13325
17358,514,1649,13353
17358,513,1717,13387
17358,509,1639,13321
17358,517,1707,13420
17358,514,1703,13423
17358,536,1845,13809
17358,493,1727,13462
17358,531,1634,13273
17358,513,1700,13419
17358,511,1641,13311
17358,512,1615,13291
17358,514,1680,13405
17358,510,1627,13299
17363,530,1687,13603
17363,500,1755,13259
17363,536,1792,13762
17363,510,1888,13516
17363,518,1827,13583
17363,508,1813,13452
17363,514,1806,13515
17363,510,1876,13552
17363,540,1911,13900
17363,512,1766,13468
17363,511,1784,13475
17363,513,1734,13433
17363,513,1750,13424
17363,513,1728,13442
17363,508,1724,13369
17363,513,1747,13458
17363,539,1592,13574
17363,491,1647,13099
17363,534,1824,13782
17363,510,1660,13330
17363,514,1798,13518
17363,514,1812,13494
17363,510,1868,13533
17363,512,1702,13392
17363,542,1787,13776
17363,509,1684,13359
17363,514,1726,13434
17363,513,1628,13338
17363,512,1745,13422
17363,512,1521,13211
17363,509,1559,13226
17363,514,1573,13290
17363,517,1741,13456
17363,530,1792,13707
17363,513,1675,13368
17363,506,1733,13353
17363,520,1568,13348
17363,514,1853,13558
17363,511,1761,13455
17363,513,1632,13343
17368,522,1611,13407
17368,531,1508,13390
17368,511,1574,13269
17368,512,1646,13320
17368,516,1534,13257
17368,511,1565,13250
17368,511,1474,13144
17368,510,1554,13226
17368,541,1591,13603
17368,513,1512,13211
17368,512,1657,13342
17368,511,1682,13369
17368,517,1830,13540
17368,513,1571,13290
17368,508,1639,13297
17368,510,1597,13277
17368,541,1624,13612
17368,511,1570,13276
17368,504,1534,13129
17368,519,1593,13366
17358,520,1731,13530
17358,496,1923,13698
17358,524,1597,13124
17358,513,1589,13255
17358,542,1875,13860
17358,513,1787,13488
17358,512,1553,13229
17358,512,1478,13181
17358,510,1513,13187
17358,514,1587,13280
17358,516,1610,13324
17358,509,1539,13206
17358,537,1545,13539
17358,504,1743,13350
17358,520,1541,13326
17358,511,1644,13306
17358,516,1730,13466
17358,509,1583,13248
17358,512,1445,13129
17358,530,1735,13643
17363,505,1505,13133
17363,527,1518,13376
17363,514,1679,13379
17363,505,1640,13213
17363,519,1502,13285
17363,516,1481,13202
17363,511,1560,13239
17363,510,1487,13141
17363,518,1536,13293
17363,534,1471,13432
17363,515,1584,13313
17363,506,1540,13140
17363,518,1436,13196
17363,512,1498,13200
17363,525,1432,13287
17363,501,1481,13017
17363,510,1433,13386
17363,537,1565,13262
17363,511,1568,13260
17363,507,1772,13385
17363,527,1767,13641
17363,505,1818,13380
17363,514,1810,13526
17363,512,1752,13413
17363,515,1787,13512
17363,517,1851,13569
17363,536,1602,13591
17363,508,1871,13512
17363,519,1651,13418
17363,509,1563,13221
17363,512,1560,13246
17363,506,1559,13174
17363,516,1673,13412
17363,537,1556,13540
17363,511,1480,13163
17363,513,1546,13241
17363,510,1667,13324
17363,513,1433,13148
17363,513,1568,13274
17363,512,1562,13248
17363,513,1666,13391
17363,537,1720,13680
17363,513,1536,13233
17363,513,1503,13171
17363,512,1511,13207
17363,512,1571,13274
17363,511,1590,13287
17363,514,1561,13228
17363,513,1603,13307
17363,536,1522,13506
17363,513,1617,13289
17363,515,1645,13358
17363,512,1580,13254
17363,512,1584,13272
17363,513,1597,13317
17363,513,1534,13225
17363,525,1672,13537
17363,521,1520,13316
17363,511,1532,13213
17363,512,1635,13328
17363,515,1623,13382
17363,510,1700,13311
17363,514,1791,13488
17363,513,1814,13487
17363,514,1648,13361
17363,538,1654,13626
17363,513,1676,13396
17363,509,1630,13276
17363,516,1746,13473
17363,512,1784,13465
17363,515,1964,13652
17363,513,1757,13454
17363,514,1730,13445
17363,533,1627,13583
17363,515,1784,13497
17363,510,1712,13381
17363,514,1741,13455
17363,509,1675,13333
17363,517,1650,13408
17363,511,1577,13247
17363,519,1536,13330
17363,528,1696,13549
17363,513,1791,13477
17363,514,1704,13387
17363,512,1548,13250
17363,511,1869,13527
17363,515,1577,13308
17363,530,1619,13526
17363,494,1528,13005
17363,535,1666,13630
17363,511,1683,13375
17363,509,1695,13336
17363,520,1629,13404
17363,509,1678,13338
17363,513,1528,13226
17363,510,1680,13353
17363,514,1533,13257
17363,533,1496,13442
17363,514,1574,13298
17363,514,1605,13310
17363,516,1586,13347
17363,508,1739,13355
17363,511,1919,13570
17363,514,1624,13328
17363,516,1762,13495
17363,513,1692,13388
17363,531,1779,13705
17363,514,1627,13349
17363,514,1605,13313
17363,511,1672,13354
17363,509,1754,13416
17363,515,1729,13443
17363,512,1922,13601
17363,514,1858,13563
17363,532,1996,13925
17363,517,1811,13551
17363,510,1782,13461
17363,504,1883,13472
17363,519,1787,13557
17363,513,1637,13326
17363,520,1584,13392
17363,506,1605,13505
17363,536,1803,13476
17363,515,1835,13525
17363,514,1831,13536
17363,512,1838,13536
17363,510,1814,13477
17363,512,1700,13393
17363,516,1652,13376
17363,514,1736,13450
17363,534,1798,13757
17363,511,1815,13459
17363,516,1640,13332
17363,514,1554,13263
17363,510,1548,13206
17363,516,1826,13557
17363,512,1715,13407
17363,528,1623,13517
17363,519,1817,13600
17363,512,1656,13314
17363,520,1884,13694
17363,509,1626,13225
17363,513,1723,13408
17363,518,1926,13642
17363,511,1802,13492
17363,532,1975,13885
17363,551,2149,13868
17363,517,1946,13653
17363,515,1828,13521
17363,504,1920,13513
17363,526,1945,13739
17363,513,1881,13575
17363,516,1979,13680
17363,538,1965,13954
17363,513,1985,13679
17363,515,1871,13582
17363,514,1847,13535
17363,503,1764,13344
17363,523,1898,13704
17363,511,1773,13436
17363,523,2015,13846
17363,525,1773,13575
17363,504,2041,13558
17363,538,1883,13827
17363,514,1962,13642
17363,513,1996,13676
17363,514,1949,13632
17363,515,1825,13526
17363,513,1912,13599
17363,516,1805,13530
17363,529,1926,13805
17363,520,1912,13676
17363,516,1918,13594
17363,544,3358,15148
17363,509,2075,13726
17363,516,2053,13734
17363,512,1781,13466
17363,514,1906,13590
17363,539,1934,13927
17363,516,1940,13631
17363,498,1832,13343
17363,536,1904,13827
17363,516,2020,13712
17363,514,1963,13594
17363,515,1887,13611
17363,516,1877,13559
17363,538,1841,13824
17363,514,1950,13625
17363,505,1791,13387
17363,524,1902,13712
17363,514,1856,13557
17363,511,2011,13663
17363,518,1901,13622
17363,530,2020,13897
17363,522,1992,13779
17363,514,1923,13615
17363,512,1950,13617
17363,515,2017,13713
17363,514,1857,13531
17363,515,1984,13678
17363,521,1828,13629
17363,508,2018,13613
17363,515,2013,14003
17363,539,2036,13733
17363,513,1962,13647
17363,514,1967,13667
17363,515,1977,13693
17363,510,1986,13609
17363,513,1917,13611
17363,513,1840,13525
17363,515,2030,13743
17363,538,1919,13898
17363,514,1937,13627
17363,513,1819,13506
17363,514,1880,13568
17363,515,1954,13632
17363,512,1783,13464
17363,515,1763,13482
17363,539,1822,13808
17363,513,1881,13556
17363,520,1772,13550
17363,510,1945,13556
17363,504,1812,13388
17363,526,1793,13602
17363,509,1736,13653
17363,541,1813,13530
17363,518,1726,13443
17363,511,1817,13451
17363,515,1693,13391
17363,516,1764,13474
17363,517,1857,13549
17363,513,1912,13584
17363,519,1805,13543
17363,515,1736,13436
17363,541,1890,13889
17363,512,1811,13484
17363,514,1862,13563
17363,515,1985,13670
17363,520,1949,13708
17363,511,1879,13524
17363,515,1950,13680
17363,512,2000,13620
17363,531,2001,13880
17363,523,1872,13656
17363,514,1774,13461
17363,518,2035,13741
17363,514,1879,13570
17363,513,1956,13626
17363,514,1887,13598
17363,509,1968,13629
17363,516,1795,13522
17363,538,1935,13917
17363,510,1903,13566
17363,512,1981,13676
17363,516,2025,13748
17363,511,1906,13571
17363,514,1709,13405
17363,510,1893,13571
17363,513,1763,13454
17363,557,4814,16858
17352,615,19840,31257
17352,584,20856,32206
17352,789,19057,31424
17352,800,17787,29523
17352,604,20526,32379
17352,653,20863,32384
17352,926,16850,28591
17352,873,14816,26478
17352,699,29394,40673
17352,616,49909,61474
17352,697,27217,39427
17352,762,19498,31238
17352,650,20471,32225
17352,640,20281,31945
17352,642,20240,31996
17352,1052,16467,28849
17352,659,16503,28371
17352,648,20186,31842
17352,642,20188,31901
17352,643,20475,32099
17340,728,19884,31873
17340,1153,11069,22515
17340,657,17766,29597
17340,628,20448,32013
17340,673,20073,31869
17340,644,20234,31838
17340,649,20059,31796
17340,638,20766,33241
17340,563,22266,33708
17340,584,22461,34130
17340,587,22387,34085
17340,1877,17510,29844
17340,735,15941,27752
26596,879,19211,26315
35095,981,19746,24348
35095,973,19885,23717
43596,1106,19289,23878
43596,995,19649,23887
46731,952,19615,23615
46731,991,19590,23977
47680,984,20146,23891
47680,831,19854,24425
48167,1115,19161,23238
48167,1847,16813,21659
48685,1106,15867,19801
48685,1330,18154,22522
48653,746,20547,24601
48653,1478,11456,16183
48442,634,12712,16817
48442,638,19259,23413
48410,605,20730,24555
48410,605,21866,26030
48378,601,23059,26957
48378,797,23741,27864
48410,931,19745,23790
48410,1014,19284,23551
48410,942,19415,23819
48410,997,19469,23341
48653,1079,20498,24885
48653,984,19212,23580
48410,964,19095,23203
48410,944,18834,23227
51078,756,19904,23746
51078,881,20505,24768
49626,975,20005,24355
49626,944,19163,23165
48896,1005,19299,23715
48896,903,19311,23140
57122,922,19395,23971
57122,806,19248,22952
72258,634,20025,24543
72258,640,17773,21738
88116,631,17311,21210
88116,665,17949,22339
102213,635,17173,21026
102213,650,17489,21684
115275,652,15149,19227
115275,649,15023,19025
133314,657,14501,18576
133314,664,7301,11608
137471,709,5820,10095
137471,695,6056,10115
139329,749,6568,10675
139329,661,5840,9916
139811,660,5803,9896
139811,649,5754,9774
140533,661,5803,9873
140533,672,5834,9944
141469,643,5852,9803
141469,665,5688,9853
140293,686,5784,10029
140293,647,5741,9630
140052,775,6484,10610
140052,663,5901,9957
141427,676,5758,10012
141427,678,4634,8753
138675,650,4240,8273
138675,673,4308,8399
137255,653,4190,8252
137255,669,4183,8264
137255,662,4257,8322
137255,663,4162,8233
137015,666,4173,8250
137015,649,3810,7784
134671,725,3774,8070
134671,663,3517,7509
130841,668,3146,7265
128515,689,3335,7445
128515,655,3228,7146
128515,668,3245,7340
126828,692,3324,7515
126828,680,3528,7613
130598,653,3889,7913
130598,675,4001,8131
133226,659,3982,8007
133226,671,4002,8031
135063,683,3954,8055
135063,671,3821,7889
133884,666,3892,7954
133884,663,3888,7939
134581,689,3859,8112
134581,668,3880,7929
135329,659,3805,7855
135329,662,3758,7837
135304,648,3853,7831
135304,692,3844,8054
134607,658,3862,7878
134607,674,3851,7994
134125,683,3953,7964
134125,668,3920,7949
135545,698,3903,8166
135304,652,3981,7974
135304,678,3921,8099
135063,649,4019,7991
135063,689,3914,8094
135088,641,3928,7871
135088,677,3918,8027
134847,670,3890,7997
134847,682,3747,7962
136508,652,4554,8511
136508,680,4578,8636
137255,679,4628,8795
137255,681,4561,8716
137737,645,4470,8474
137737,681,4505,8683
138151,644,4538,8547
138151,667,4439,8511
139329,661,4598,8665
139329,665,4483,8528
137737,667,3883,8012
137737,681,3557,7731
134430,650,3641,7596
134430,698,3715,7826
133643,687,4362,8527
133643,597,7807,11633
138582,613,10558,14928
138582,1160,18654,22422
93881,692,20518,24991
93881,599,19775,23395
97639,777,18124,22704
97639,711,9503,13553
106564,696,3942,7986
106564,716,3922,8111
107529,698,3964,7950
107529,735,4027,8162
106563,689,3953,8049
106563,640,3683,7814
112752,659,3822,7767
112752,676,3743,7843
126105,666,3672,7786
126105,683,3643,7769
130359,667,3753,7826
130359,649,3745,7672
134607,670,5225,9375
134607,679,5351,9529
139329,657,6245,10372
139329,672,11118,15058
143496,642,11175,15117
143496,669,10316,14481
144597,686,7732,12001
144597,642,6068,10023
144116,674,5548,9775
144116,661,5263,9298
141778,681,4521,8718
141778,639,4516,8415
139811,663,4551,8641
139811,665,4505,8603
141014,696,4672,8915
141014,657,4589,8482
140292,683,4507,8748
140292,664,4461,8563
139089,640,4440,8390
139089,672,4427,8535
140026,661,4463,8547
140026,677,4509,8683
139330,660,4576,8616
139330,663,4505,8590
139785,659,4590,8602
139785,663,4526,8611
140988,648,4562,8603
140988,691,4593,8705
139570,695,4520,8767
139570,672,4450,8556
139089,659,4475,8498
139089,668,4496,8603
139570,648,4484,8518
139570,660,4450,8508
140292,672,4587,8675
140292,667,4489,8595
138193,669,3759,7869
138193,660,3504,7543
134847,664,3549,7588
134847,697,3660,7713
132921,682,3534,7770
132921,657,3600,7537
133466,685,3434,7594
133466,680,3337,7468
133162,661,3451,7492
133162,665,3450,7533
132262,670,3464,7554
132262,679,3526,7604
133884,651,3558,7557
133884,683,3440,7599
132768,684,3484,7635
132768,664,3584,7497
132985,689,3512,7719
132985,670,3488,7547
132680,660,3576,7647
132680,681,3542,7643
133467,667,3552,7591
133467,664,3475,7527
132921,691,3566,7769
132921,638,3459,7352
132263,670,3584,7671
132263,687,3581,7756
133948,667,3535,7563
133948,715,3572,7738
132744,668,3598,7689
132744,642,3571,7685
132985,683,3586,7568
132985,666,3479,7562
132744,669,3503,7559
132744,686,3526,7657
132985,674,3483,7615
132985,678,3463,7552
132984,666,3534,7593
132984,658,3499,7525
132464,673,3521,7608
132464,696,3508,7580
132263,665,3455,7520
132263,677,3445,7546
134189,667,3625,7622
134189,672,3506,7627
119674,659,3792,7890
119674,754,11921,15752
121524,732,11270,15614
121524,706,3753,7911
109686,691,3418,7498
109686,694,3450,7471
105165,687,3493,7510
105165,697,3393,7524
102331,676,3454,7643
102331,654,3410,7491
110168,699,3228,7299
110168,671,3218,7286
122547,664,3324,7315
122547,674,3284,7378
128190,655,3656,7664
128190,675,3896,7994
133707,661,4089,8130
133707,660,4499,8556
138367,689,4590,8811
138367,677,4511,8649
139785,648,4481,8520
139785,671,4565,8685
140051,632,4451,8379
140051,683,4607,8822
141710,662,8557,12632
141710,656,9027,13098
144742,654,8933,13007
144742,661,5129,9202
141924,666,4513,8629
141924,652,4513,8684
141469,690,4550,8593
141469,655,5730,9790
141668,652,5648,9666
141668,657,5612,9712
142363,658,5922,9940
142363,667,5722,9877
143806,646,5794,9806
143806,666,5812,9842
143325,678,5704,10009
143325,666,5840,9960
143806,656,5798,9811
143806,667,5669,9815
143085,648,5792,9806
143085,657,5727,9825
143325,651,5776,9839
143325,662,5843,9879
143085,677,4818,9070
143085,637,4293,8200
141229,662,4278,8355
141229,663,4225,8303
140533,695,4245,8469
140533,648,3540,7544
134430,694,3310,7493
134430,668,3293,7333
131563,672,3333,7357
131563,680,3913,8070
134365,659,3898,7908
134365,677,3909,8022
136292,651,3950,7961
136292,672,3817,7939
136533,678,3815,7982
136533,671,4422,8473
139811,647,5587,9641
139811,663,4475,8561
138915,658,4166,8215
138915,660,4181,8221
139156,666,4192,8261
139156,673,4185,8319
138915,664,4124,8223
138915,685,4251,8416
138675,661,4247,8317
138675,675,4222,8318
138459,654,3928,7973
138459,667,3781,7853
136292,670,3778,7846
136292,656,3678,7691
134848,686,3735,7903
134848,669,3773,7811
135570,666,3759,7783
135570,679,3691,7879
135329,651,3752,7702
135329,669,3738,7825
135353,685,3701,7905
135353,678,3759,7840
136226,648,3736,7792
136226,674,3763,7851
136333,654,3761,7801
136333,682,3813,7943
136990,648,3727,7711
136990,678,3682,7859
136333,655,3806,7798
136333,681,3772,7925
136989,649,3819,7770
136989,677,3773,7874
134252,694,3812,8048
134252,694,6347,10185
121099,718,6367,10571
121099,689,3465,7542
111356,714,3472,7688
111356,686,3488,7520
108529,676,3515,7485
108529,702,3431,7586
105648,692,3478,7547
105648,704,3473,7602
102312,662,3391,7486
102312,671,3235,7307
121581,667,3252,7343
121581,685,3294,7373
132235,647,4281,8213
132235,681,4572,8766
139128,652,4470,8553
139128,652,4455,8443
140266,678,4426,8651
140266,656,4437,8430
141709,648,4538,8574
141709,659,4542,8581
141710,670,4535,8641
141710,693,3885,8116
139304,655,3442,7455
139304,658,3519,7525
137164,665,3752,7839
137164,662,4107,8202
139089,667,4078,8212
139089,655,4079,8090
139785,675,4097,8284
139785,645,4104,8050
139785,681,4129,8322
139785,656,4456,8506
141470,665,5044,9198
141470,648,5159,9139
142363,659,5225,9275
142363,664,5148,9215
142913,672,5151,9375
142913,636,5208,9108
144741,689,9341,13652
144741,645,10464,14554
145392,646,10684,14608
145392,658,9604,13700
146113,650,8278,12346
146113,663,6665,10803
144528,662,4806,8938
144528,678,3771,7935
140533,671,3807,7911
140533,648,3754,7773
139811,664,3859,7965
139811,668,3824,7909
137953,653,3817,7809
137953,673,3802,7931
137645,657,3862,7892
137645,673,3884,7977
139811,657,5789,9829
139811,661,8859,12969
144500,646,8947,13010
144500,680,7303,11587
145078,674,4607,8674
145078,644,4208,8153
141496,681,4037,8265
141496,663,4004,8030
140841,669,4024,8132
140841,668,4015,8076
140533,655,4043,8082
140533,660,4116,8145
140292,658,4016,8081
140292,668,3923,8086
139811,647,4020,8036
139811,664,3887,7968
137014,688,3491,7681
137014,665,3549,7582
135810,669,3494,7586
135810,686,4605,8780
140773,641,6389,10243
140773,657,6222,10349
143875,668,5778,10011
143875,654,4015,8013
141228,681,3986,8194
141228,665,3822,7868
139396,652,3995,7962
139396,662,4067,8129
139397,681,4031,8245
139397,643,4070,8011
139089,664,3998,8100
139089,685,3970,8173
139089,665,4110,8172
139089,668,4076,8172
139571,650,4058,8046
139571,673,4011,8165
139811,652,4071,8077
139811,680,4134,8262
131563,660,3965,7971
131563,757,9935,14008
122970,721,7626,11847
122970,685,3529,7551
112322,695,3611,7712
112322,691,3572,7623
108478,715,3601,7795
108478,694,3564,7670
107098,682,3640,7650
107098,681,3624,7777
117317,644,5970,9775
117317,649,16059,20031
135961,647,16637,20693
135961,642,16561,20695
142817,661,9904,14182
142817,668,4596,8786
142886,659,4645,8675
142886,688,4509,8758
142672,663,4587,8688
142672,634,4476,8373
142432,681,4521,8780
142432,644,4726,8669
144810,667,8251,12392
144810,670,5050,9208
140333,670,3631,7721
140333,640,3573,7538
136026,680,3600,7706
136026,669,3525,7586
137230,670,3654,7714
137230,649,5166,9068
141187,650,10020,14097
141187,657,10170,14361
145221,658,10389,14404
145221,648,10609,14557
147358,660,10070,14234
147358,668,8369,12664
144981,653,4237,8295
144981,668,4247,8351
142431,669,4193,8335
142431,660,4192,8196
142912,665,4275,8408
142912,677,4110,8251
140292,667,3932,8053
140292,651,3947,7882
139156,678,3896,8092
139156,671,3887,7993
137711,658,3914,7940
137711,661,3807,7912
138848,670,3963,8063
138848,667,3767,7853
137255,649,3859,7785
137255,674,3873,8014
137953,658,3853,7895
137953,672,3834,7955
139130,687,3951,8141
139130,631,3815,7744
139130,675,3864,8029
139130,676,3871,7982
137711,660,3898,7924
137711,672,3932,8021
138434,661,3890,7951
138434,668,3961,8049
138433,681,3930,8114
138433,652,3887,7969
140360,659,4511,8498
140360,651,5700,9716
142432,655,5602,9709
142432,693,4753,9004
137255,656,3255,7249
137255,678,3278,7382
132768,661,3272,7327
132768,673,3299,7302
131500,662,3264,7371
131500,691,3258,7463
131299,670,3339,7362
131299,656,3281,7259
131056,674,3290,7436
131056,696,3285,7430
130877,646,3189,7190
130877,680,3151,7290
130358,687,3248,7338
130358,671,3298,7292
129877,666,3223,7314
129877,663,4247,8270
136508,672,4547,8692
136508,654,4573,8541
140920,675,4573,8804
140920,671,4617,8690
142603,642,6872,10856
142603,658,7067,11217
145153,651,7122,11180
145153,689,6978,11226
141161,649,3869,7895
141161,685,3414,7475
136442,661,3355,7429
136442,717,4497,8654
122246,690,11738,15576
122246,730,7590,11878
117502,692,4081,8122
117502,711,4119,8254
114442,713,4092,8242
114442,697,4153,8153
112806,684,4039,8138
112806,685,4080,8125
123935,670,3922,7995
123935,696,3906,8128
133226,653,3847,7886
133226,683,3861,7996
136508,660,3810,7862
136508,664,3752,7854
139545,646,4300,8236
139545,674,4471,8624
141469,657,4471,8573
141469,675,4428,8599
141469,644,4565,8499
141469,679,4501,8703
143153,681,4635,8777
143153,634,4509,8399
142432,683,4511,8780
142432,663,4578,8647
141950,652,4607,8662
141950,657,4583,8575
143153,681,4595,8749
143153,663,4511,8593
142672,638,4445,8404
142672,664,4458,8524
142432,682,5651,9923
142432,628,5662,9781
143806,680,5674,9650
143806,663,5689,9786
144768,661,5741,9822
144768,663,5646,9759
144528,641,5699,9672
144528,668,5712,9795
144768,649,5602,9664
144768,666,5707,9827
144741,675,5780,9981
144741,638,5649,9598
144501,680,5690,9955
144501,626,5694,9543
145730,710,7390,11678
145730,639,7291,11168
146184,688,7253,11598
146184,638,7071,11041
145462,669,4943,9056
145462,665,4372,8455
143325,670,4333,8465
143325,641,4456,8363
141976,685,4303,8532
141976,672,4266,8350
140773,652,4351,8379
140773,680,4864,9008
143393,650,5439,9385
143393,668,5390,9585
143325,649,5348,9328
143325,665,5437,9572
144260,683,5385,9616
144260,662,3819,7851
139544,653,3563,7624
139544,687,3633,7763
137711,665,3650,7695
137711,663,3666,7727
135961,663,3668,7712
135961,677,3730,7791
134607,651,3640,7855
134607,680,3668,7633
135810,658,3665,7662
135810,674,3644,7769
134631,684,3788,7975
134631,671,3654,7767
134606,664,3664,7694
134606,671,5052,9135
140507,626,4843,8790
140507,692,4345,8624
139784,652,4141,8094
139784,690,3397,7588
135544,674,3362,7470
135544,660,3439,7425
134341,660,3415,7436
134341,683,3360,7483
136442,659,5381,9363
136442,659,7512,11651
142844,660,7409,11411
142844,644,7122,11204
145703,687,6439,10749
145703,633,7705,11585
135479,739,10748,14948
135479,714,16216,20286
127467,704,5854,9991
127467,698,3959,8036
115813,698,3932,8066
115813,696,3951,7998
112510,714,3965,8147
112510,692,3939,8055
111356,669,3958,7979
111356,667,3767,7843
127226,672,3816,7881
127226,655,3753,7813
132198,671,3762,7844
132198,662,3753,7781
135544,666,3823,8060
135544,679,3764,7754
135569,680,3777,7923
135569,674,3736,7817
136051,668,3824,7871
136051,664,3704,7793
136051,672,3655,7766
136051,663,3745,7746
136748,663,3755,7801
136748,667,3751,7825
136923,657,3749,7782
136923,682,3801,7939
137470,679,3734,7911
137470,674,3755,7842
138126,660,3796,7844
138126,666,3719,7816
136266,659,3745,7789
136266,672,3734,7798
137230,658,3762,7783
137230,665,3696,7804
136598,669,3745,7811
136598,683,3713,7889
136989,679,3822,7917
136989,636,3690,7801
136748,692,3792,7823
136748,671,3743,7822
136532,661,3785,7845
136532,664,3764,7802
137645,655,3763,7823
137645,677,3779,7880
136749,678,3755,7927
136749,654,3806,7752
138649,675,3759,7910
138649,668,3742,7875
136683,661,3817,7873
136683,674,3787,7877
138192,653,3764,7770
138192,673,3739,7851
136989,666,3776,7828
136989,672,3734,7826
137750,671,3786,7837
137750,674,3745,7903
135544,668,3514,7559
135544,670,3253,7356
132503,672,3267,7317
132503,678,3541,7637
137860,647,6767,10639
137860,665,11759,16002
146157,644,12190,16047
146157,676,11486,15715
148249,650,11779,15895
148249,646,12183,16176
147965,682,11693,16119
147965,663,11923,15988
149068,631,11683,15637
149068,666,11845,16041
149831,632,9872,13795
149831,661,8886,12985
148248,658,5982,10186
148248,667,5744,9848
145222,648,4706,8732
145222,675,4216,8367
142123,648,4184,8170
142123,671,4194,8307
140747,673,3933,8087
140747,693,3701,7876
139063,648,3636,7700
139063,651,3677,7784
137404,674,3715,7679
137404,666,3754,7774
137952,681,3700,7878
137952,663,3699,7756
137470,655,3665,7689
137470,674,3707,7783
137645,653,3691,7719
137645,694,3670,7936
137471,665,3735,7812
137471,652,3746,7701
138193,674,3701,7821
138193,669,3701,7793
133948,673,3770,7853
133948,736,9698,13592
125780,728,12944,17196
125780,696,4328,8487
112101,690,3382,7464
112101,691,3389,7429
107583,716,3415,7592
106373,669,3350,7375
106373,703,3410,7523
103974,653,3412,7452
103974,697,3278,7405
116594,668,3319,7339
116594,674,3215,7305
124900,692,3477,7567
124900,670,3270,7271
128431,668,3220,7346
128431,676,3346,7457
132680,658,3852,7841
132680,699,3869,8086
136266,635,3871,7841
136266,687,3940,8062
137711,658,3893,7946
137711,662,3821,7884
138607,662,3921,8012
138607,675,3878,7955
137645,661,3955,8025
137645,676,3901,7976
138608,660,3869,7945
138608,698,3846,8063
139396,644,3835,7795
139396,677,3767,7981
137886,654,3607,7624
137886,675,3248,7306
132921,681,3203,7336
132921,658,3237,7242
131539,674,3259,7310
131539,675,3197,7272
131780,670,3181,7300
131780,685,3205,7304
130598,673,3221,7303
130598,659,3199,7223
130420,680,3205,7298
130420,670,3783,7897
135544,656,3796,7845
135544,672,3824,7903
136989,667,3817,7939
136989,666,3867,7913
137951,682,3866,8035
137951,678,3841,7954
139851,645,3879,7904
139851,671,3947,8051
138167,660,3938,7992
138167,659,3916,7951
139130,665,3912,7991
139130,672,3839,7965
138608,664,3798,7849
138608,657,3759,7817
139785,687,3855,8046
139785,656,3842,7913
138126,675,3912,7999
138126,672,3867,7940
138608,648,3845,7849
138608,670,3920,8003
138127,661,3892,7915
138127,680,4458,8594
140706,643,4474,8485
140706,670,4522,8643
142191,665,4464,8622
142191,661,3935,7944
139784,662,4068,8129
139784,669,4090,8184
139811,687,4073,8306
139811,670,4012,8105
139878,650,4040,8040
139878,680,4085,8245
140334,645,4013,8023
140334,658,4017,8082
140092,681,4034,8209
140092,644,9001,12836
145434,652,17682,21831
145434,643,14613,18712
147358,656,7598,11683
147358,667,6669,10826
147118,668,6921,11056
147118,650,12584,16382
148800,649,17663,21817
148800,645,17492,21515
148631,655,14401,18391
148631,655,14687,18913
149859,667,14601,18755
149859,675,14141,18520
149690,645,14407,18430
149690,646,14210,18242
148899,645,14559,18449
148899,651,9887,13977
144019,692,7827,12185
144019,745,15494,19304
129852,732,8701,13084
129852,703,3871,7949
116594,689,3876,7941
116594,686,3820,7881
111786,694,3843,7916
111786,697,3865,7963
109444,662,3748,7791
109444,681,3656,7737
121099,691,3678,7878
121099,662,3698,7685
131539,683,3667,7815
131539,671,3506,7606
132985,666,3707,7768
132985,662,3562,7613
134670,667,3587,7641
134670,662,3701,7705
134671,667,3530,7647
134671,681,3602,7735
137470,658,4253,8284
137470,683,4148,8342
140748,665,5041,9142
140748,654,5094,9159
142912,661,5172,9209
142912,673,4392,8527
142672,669,4343,8441
142672,635,4259,8160
141950,682,4361,8602
141950,648,5018,8994
144020,657,5458,9473
144020,667,5324,9496
143566,653,5566,9536
143566,658,5441,9578
144260,690,5582,9845
144260,652,5390,9387
144501,646,5329,9368
144501,680,5465,9686
144741,654,5504,9558
144741,663,5426,9522
145462,631,5376,9357
145462,679,5412,9533
142844,674,4589,8778
142844,639,3636,7547
138126,686,3599,7796
138126,677,3572,7650
137470,656,3681,7734
137470,658,13110,16952
144671,644,13456,17596
144671,662,6570,10745
145943,655,6269,10381
145943,652,4755,8740
143634,673,4144,8314
143634,685,4230,8412
142122,655,4192,8230
142122,669,4142,8252
141950,650,4204,8170
141950,672,4167,8312
140988,679,4171,8380
140988,632,4186,8087
140773,684,4188,8411
140773,666,4187,8301
140333,651,3985,8005
140333,676,3749,7849
139304,663,3731,7785
139304,659,3742,7822
137229,677,3786,7905
137229,667,3813,7854
137230,678,3762,7905
137230,636,3784,7711
137229,692,3758,7982
137229,650,3727,7649
139396,676,4637,8823
139396,664,6720,10867
143848,652,6814,10881
143848,667,6659,10758
145490,655,6811,10852
145490,652,6639,10680
146905,640,6723,10776
146905,675,6741,10877
146452,645,6764,10747
146452,702,5957,10279
145800,642,5616,9669
145800,673,4577,8693
142431,644,4566,8572
142431,659,6712,10814
144287,648,5597,9565
144287,663,4665,8792
143875,680,4727,8918
143875,642,4793,8699
142912,676,4152,8394
142912,663,4274,8249
130179,669,3808,7911
130179,777,9403,13580
121764,694,6391,10435
121764,712,3775,7915
114014,698,3715,7831
114014,696,3745,7831
109497,703,3790,7911
109497,700,3807,7910
109202,672,3810,7821
109202,683,3777,7867
119432,662,3701,7758
119432,663,3704,7705
128672,663,3654,7758
128672,683,3694,7819
132921,653,3699,7687
132921,677,3632,7764
133162,666,3594,7678
133162,680,3628,7805
134606,666,3660,7708
134606,678,3650,7745
134125,645,3668,7671
134125,686,3717,7868
135811,666,3745,7754
135811,677,3576,7766
135329,653,3629,7571
135329,661,3678,7731
137886,694,4648,8891
137886,636,5195,9111
141469,673,5033,9279
141469,664,5160,9236
144019,647,5145,9150
144019,681,5144,9311
143566,636,5034,8989
143566,672,5179,9324
144020,646,5169,9203
144020,668,5179,9248
144260,685,5162,9451
144260,636,5132,9026
144191,675,5198,9444
144191,646,4636,8615
143325,669,4374,8416
143325,671,5467,9662
143325,661,5500,9598
143325,658,5484,9577
144047,663,5530,9588
144047,660,5347,9443
144047,651,5599,9618
144047,656,5513,9610
144741,651,5509,9538
144741,690,4364,8610
139570,660,3704,7743
139570,662,3611,7655
136924,672,3685,7765
136924,676,3700,7761
135810,674,3593,7766
135810,656,3645,7634
135570,687,3694,7862
135570,651,3522,7530
135088,661,3517,7520
135088,685,3503,7668
135152,675,3509,7636
135152,655,3514,7466
136266,681,3511,7642
136266,657,3417,7448
134847,699,3468,7696
134847,666,3573,7634
135152,654,3594,7586
135152,678,3573,7682
136051,681,3593,7720
136051,673,3490,7608
135810,654,3547,7514
135810,686,3570,7768
136026,652,3547,7543
136026,681,3459,7564
136292,660,3622,7647
136292,665,3534,7614
135303,687,3561,7737
135303,652,3632,7566
134606,664,3580,7645
134606,680,3620,7761
135810,669,3629,7709
135810,664,3623,7646
135569,684,3567,7753
135569,676,3661,7718
134847,660,3542,7638
134847,661,3613,7612
136051,680,3670,7817
136051,664,4173,8315
139571,659,4227,8261
139571,665,4187,8222
140026,660,4184,8279
140026,666,4201,8266
140988,658,4118,8202
140988,663,4188,8240
140988,683,4241,8437
140988,663,4099,8180
126323,657,4221,8181
126323,773,9518,13749
124176,696,6753,10743
124176,718,3380,7644
111840,680,3400,7418
111840,711,3403,7532
105890,688,3422,7500
105890,683,3357,7397
104923,679,3394,7423
104923,676,3344,7477
109203,668,3307,7317
109203,673,3199,7277
122246,701,3249,7458
122246,653,3247,7213
128190,659,3207,7266
128190,702,3857,8081
133859,656,3911,7939
133859,669,3866,7957
136266,660,3802,7845
136266,657,3804,7796
138582,687,3807,7992
138582,643,3751,7902
137645,677,3716,7699
137645,659,4944,8881
143057,690,7229,11551
143057,653,7154,11243
145633,643,7134,11183
145633,662,7163,11256
147287,638,7251,11243
147287,669,7030,11198
147118,634,6337,10261
147118,672,6164,10287
145943,671,5857,10072
145943,642,5168,9141
144741,692,4398,8606
144741,658,4142,8202
142913,665,4202,8334
142913,666,4231,8316
142191,642,4259,8208
142191,663,4173,8280
141469,663,4245,8363
141469,665,4282,8358
141228,663,4400,8470
141228,667,4294,8383
141951,653,4297,8317
141951,664,4263,8356
140748,685,4303,8571
140748,664,3887,7922
137470,666,3344,7374
137470,671,3586,7717
139130,649,3926,7896
139130,689,4019,8240
138848,665,4064,8163
138848,654,4638,8626
142912,670,4803,8908
142912,665,4454,8581
142191,669,4193,8321
142191,657,4149,8207
141469,655,4158,8196
141469,673,4170,8292
141055,645,4142,8127
141055,674,4179,8311
140747,647,4183,8169
140747,674,4139,8274
140773,682,4110,8340
140773,635,4151,8067
140988,672,4146,8311
140988,675,4133,8273
140506,647,4186,8197
140506,671,4213,8339
140774,653,4247,8256
140774,673,4215,8334
140507,655,4244,8286
140507,674,4211,8306
140747,656,4272,8306
140747,669,4282,8364
141469,674,4275,8482
141469,671,4236,8346
140988,649,3870,7850
140988,702,3327,7552
133403,695,3380,7327
133403,696,3279,7504
131563,664,3353,7355
131563,680,3230,7355
132262,650,3353,7317
132262,689,3266,7416
132021,655,3387,7361
132021,682,3994,8123
136051,680,3952,8149
136051,647,4038,7978
137711,681,3944,8136
137711,672,4053,8113
139329,654,4008,8068
139329,657,3936,8037
138127,664,3925,7979
138127,688,3874,7989
122971,755,9644,13706
122971,726,7085,11292
117985,697,3989,7974
117985,711,3922,8066
113959,684,3943,7983
113959,694,3995,8071
111135,712,4017,8128
111135,668,3845,7919
115891,676,3924,7956
115891,673,3757,7845
129216,682,3788,7987
129216,665,4198,8281
137711,653,5501,9539
137711,665,5485,9567
142431,639,5515,9535
142431,673,5561,9648
143394,672,5299,9488
143394,647,4152,8124
140988,682,4165,8362
140988,646,4117,8076
140506,683,4127,8331
140506,677,4164,8269
139370,653,3656,7646
139370,659,3657,7673
136292,676,3705,7834
136292,658,3665,7884
135570,674,3566,7483
135570,674,3617,7692
136749,689,3681,7866
136749,663,3601,7669
136267,671,3607,7684
136267,661,3653,7639
135569,674,3666,7813
135569,672,3593,7633
135570,680,3637,7749
135570,680,3896,8092
138608,629,5159,9067
138608,659,5142,9215
141402,664,5184,9293
141402,693,5055,9271
142604,649,4436,8474
142604,678,3935,8036
139570,659,3963,7970
139570,664,4688,8740
144596,664,9361,13458
144596,659,9162,13224
146595,652,9348,13454
146595,655,9250,13268
147796,654,9107,13195
147796,672,6494,10731
147145,656,6534,10614
147145,683,5178,9364
143393,658,4193,8239
143393,644,4101,8037
141469,673,4167,8361
141469,672,4123,8257
140533,656,4122,8145
140533,668,4110,8219
139570,654,4121,8128
139570,680,4171,8307
140533,666,4213,8316
140533,648,5004,8936
142432,681,4892,9138
142432,660,4870,8963
143875,655,4920,8936
143875,657,4410,8440
141710,681,4255,8485
141710,657,4565,8573
143154,655,5240,9302
143154,678,6495,10709
144741,649,5646,9610
144741,658,5408,9534
144501,669,5459,9612
144501,655,4152,8099
139785,686,3713,7920
139785,667,3638,7746
136989,662,3665,7682
136989,672,3592,7651
136748,680,3592,7706
136748,665,3622,7644
135785,676,3546,7679
135785,651,3638,7645
135304,668,3628,7675
135304,679,3545,7656
136748,689,3626,7801
136748,672,3553,7653
135544,661,3669,7723
135544,662,3684,7759
135088,655,3701,7718
135088,682,3687,7811
136267,660,3659,7652
136267,661,3654,7772
135088,634,3675,7704
135088,668,3646,7757
119674,772,9546,13794
119674,686,5906,9881
112511,695,3493,7586
112511,699,3424,7524
106131,706,3418,7576
106131,680,3443,7418
105406,699,3451,7589
105406,703,3374,7512
103231,658,3364,7436
103231,784,3886,7897
85525,1027,15814,19782
85525,723,19936,24166
93864,721,12277,16396
93864,717,7809,11913
92716,734,7758,12036
92716,693,7835,11701
93003,706,7804,11835
93003,750,7857,12198
92035,718,7926,12031
92035,715,7660,11730
92518,702,7678,11703
92518,716,7763,11881
91368,703,7709,11761
91368,718,7711,11824
91279,703,7686,11717
91279,706,7601,11715
82484,1483,7378,11680
82484,1440,7849,12079
73119,1284,6121,10181
73119,1452,6439,10693
69520,1358,5638,9821
69520,1261,8466,12759
68062,1127,11292,15383
68062,1106,16207,20409
67774,1136,17043,21126
67774,913,18365,22552
70353,560,15418,19529
70596,815,7613,12383
70596,475,2496,6407
69914,517,1953,6066
69914,520,2007,6084
69231,536,2007,6184
69231,516,1740,5799
69231,508,1883,5909
69231,521,1904,5975
69231,510,2056,6077
69231,520,1861,5934
68988,507,1660,5686
68988,517,1760,5838
68988,532,1722,5885
68988,518,1911,5975
68988,506,1831,5856
68988,519,1756,5825
68988,506,1797,5810
68988,516,1798,5861
68988,510,1796,5842
68988,517,1898,5952
68745,537,1968,6135
68745,516,1787,5845
68745,505,1833,5847
68745,519,1697,5782
68745,507,1907,5924
68745,517,1771,5832
68745,507,1995,6014
68745,526,1859,5944
68745,531,1853,6007
68745,521,2036,6112
68745,507,1657,5673
68745,518,1831,5896
68745,509,1736,5762
68745,518,1855,5921
68745,506,1702,5718
68745,516,1708,5767
68745,534,1776,5949
68745,516,1807,5863
68745,510,1852,5891
68745,516,1872,5930
68745,508,1712,5724
68745,518,1732,5801
68745,507,1953,5987
68745,517,1735,5791
68745,535,1837,5998
68745,517,1666,5739
68745,623,4784,8862
68745,507,1921,5947
68745,511,1889,5920
68745,517,1744,5811
68745,506,1826,5843
68745,516,1768,5835
68745,512,1918,6097
68745,548,2018,6080
61507,508,1842,5869
61507,515,1673,5731
56926,568,4724,8670
56926,526,1702,5835
55251,508,1716,5743
55251,516,1651,5708
54763,538,1740,5905
54763,494,1736,5816
54277,528,1661,5663
54277,520,1777,5855
54277,512,1810,5840
54277,518,1756,5822
54277,507,1871,5893
54277,518,1828,5893
54277,536,1815,5986
54277,517,1912,5961
54041,511,1861,5893
54041,516,1841,5893
54041,512,1845,5890
54041,516,1909,5970
54041,506,1844,5863
54041,515,1700,5760
54033,535,1795,5980
54033,516,1771,5834
54033,506,1744,5762
54033,518,1775,5846
54033,508,1722,5741
54033,519,1720,5800
54033,508,1705,5737
54033,516,1766,5809
54041,536,1869,6048
54041,517,1709,5774
54041,510,1823,5859
54041,519,1936,5983
54033,513,1833,5871
54033,527,2075,6146
54041,505,1705,5714
54041,518,1775,5843
54033,534,1849,6023
54033,518,1894,5958
54033,507,1810,5827
54033,517,1886,5951
54033,509,1833,5855
54033,521,1868,5955
54033,505,1716,5732
54033,533,1909,5981
54033,533,2100,6250
54033,521,1852,5923
54033,508,1747,5785
54033,515,1787,5834
54033,508,1764,5788
54033,518,1704,5775
53790,508,2049,6070
53790,529,1896,5978
50389,535,1723,5896
50389,492,1846,5914
49197,531,1673,5683
49197,519,1745,5826
48710,511,1733,5756
48710,517,1667,5738
48710,507,1703,5731
48710,516,1634,5694
48223,536,1675,5847
48223,515,1570,5635
48467,508,1698,5722
48467,517,1660,5723
48223,511,1676,5704
48223,517,1786,5848
48467,506,1789,5798
48467,519,1702,5781
48223,531,1722,5880
48223,519,1775,5850
48223,507,1813,5827
48223,522,1957,6029
48223,509,1709,5743
48223,516,1710,5762
48223,508,1710,5744
48223,518,1675,5747
48223,534,1774,5941
48223,517,1769,5825
48223,508,1594,5620
48223,516,1691,5745
48223,511,1760,5793
48223,516,1681,5736
48223,505,1717,5731
48223,519,1756,5832
48223,510,1852,6016
48223,519,1798,5858
48223,531,1850,5867
48223,519,1685,5772
48223,511,1754,5776
48223,515,1750,5817
48223,508,1850,5879
48223,517,1787,5843
48223,511,1749,5920
48223,541,1707,5762
48223,508,1690,5713
48223,518,1718,5785
48223,509,1708,5744
48223,519,1658,5722
48223,504,1769,5780
48223,520,1815,5890
48223,533,1834,6000
48223,494,1869,5795
48223,529,1853,6006
48223,518,1825,5892
40964,494,2261,11788
40964,519,1765,13513
28565,519,1784,13596
28565,503,1876,13731
24431,526,1936,13489
24431,525,1797,13627
22730,499,1831,13376
22730,530,1954,13793
22241,505,1950,13830
22241,526,1833,13360
21997,515,1834,13602
21997,505,1868,13460
21752,530,1986,13848
21752,526,1748,13572
21758,514,1947,13703
21758,512,1904,13524
21507,522,1828,13654
21507,502,1793,13338
21752,514,1821,13574
21752,531,1765,13644
21507,504,1716,13295
21507,521,1845,13605
21507,522,1912,13735
21507,511,1933,13569
21507,520,1761,13520
21507,509,1799,13422
21507,519,1952,13735
21507,508,1867,13756
21507,522,1833,13348
21507,536,1962,13856
21513,496,1861,13377
21513,532,1824,13715
21507,520,1963,13728
21507,508,1826,13427
21507,518,1883,13669
21507,505,1880,13462
21507,520,1872,13664
21507,530,1803,13679
21752,510,1940,13651
21752,513,1866,13524
21507,525,1872,13733
21507,502,1916,13449
21507,513,1953,13688
21507,509,1796,13440
21507,524,1742,13556
21507,530,1806,13685
21507,493,1929,13425
21507,531,1682,13554
21507,520,1755,13566
21507,505,1657,13233
21507,521,1752,13583
21507,523,1713,13523
21507,501,1934,13483
21507,538,1972,13853
21507,512,1748,13424
21507,512,1746,13442
21507,516,1830,13526
21507,511,1629,13316
21507,512,1636,13330
21507,511,1580,13263
21507,532,1764,13656
21507,523,1768,13564
21507,502,1814,13410
21507,518,1767,13525
21507,518,1819,13558
21507,504,1792,13673
21507,520,1764,13236
21507,519,1736,13475
21507,532,1742,13637
21507,515,1800,13528
21507,506,1666,13294
21507,518,1766,13519
17852,524,1859,13686
17852,505,1934,13501
17852,512,1660,13358
17852,511,1768,13735
17852,538,1742,13442
17852,514,1821,13538
17852,510,1742,13409
17852,510,1789,13464
17852,515,1623,13331
17852,511,1618,13311
17852,514,1683,13392
17852,533,1708,13648
17852,518,1675,13402
17852,516,1614,13338
17852,508,1669,13307
17852,515,1818,13512
17852,516,1832,13528
17852,513,1609,13323
17852,510,1636,13300
17852,511,1625,13607
17608,522,1774,13301
17608,534,1918,13826
17608,512,1708,13391
17608,513,1899,13571
17608,512,1592,13280
17608,514,1576,13294
17608,511,1612,13284
17608,512,1750,13445
17608,536,1580,13547
17608,512,1698,13399
17608,515,1812,13512
17608,511,1741,13406
17608,515,1732,13445
17608,513,1754,13452
17608,516,1807,13512
17608,514,1731,13394
17608,537,1659,13653
17608,518,1756,13498
17608,509,1551,13217
17608,515,1751,13459
17602,517,1892,13623
17602,508,1732,13336
17602,513,1670,13336
17602,533,1595,13523
17602,518,1572,13348
17602,511,1544,13231
17602,515,1576,13276
17602,504,1461,13048
17602,520,1620,13403
17602,513,1579,13294
17602,512,1586,13277
17602,526,1532,13385
17602,522,1663,13481
17602,514,1660,13371
17602,512,1577,13262
17602,508,1758,13331
17602,517,1623,13385
17602,516,1604,13340
17602,514,1739,13419
17602,528,1767,13636
17363,509,1648,13307
17363,527,1695,13526
17363,514,1753,13458
17363,516,1790,13499
17363,515,1784,13492
17363,512,1672,13348
17363,514,1607,13323
17363,511,1681,13349
17363,514,1549,13243
17363,537,1632,13624
17363,515,1624,13319
17363,505,1708,13301
17363,520,1750,13522
17363,511,1750,13422
17363,511,1575,13261
17363,534,1740,13666
17363,519,1652,13424
17363,510,1623,13285
17363,512,1634,13330
17363,509,1615,13249
17363,526,1636,13486
17363,506,1717,13308
17363,514,1695,13391
17363,511,1768,13452
17363,541,1623,13634
17363,510,1556,13231
17363,512,1783,13495
17363,505,1736,13319
17363,521,1816,13597
17363,510,1788,13465
17363,512,1679,13377
17363,528,1716,13593
17363,521,1682,13488
17363,511,1857,13495
17363,513,1694,13383
17363,512,1705,13372
17363,512,1669,13372
17363,514,1637,13356
17363,513,1647,13360
17363,531,1750,13663
17363,500,1703,13283
17363,532,1650,13538
17363,516,1796,13521
17363,511,2005,13636
17363,518,1983,13714
17363,510,1670,13335
17363,513,1588,13301
17363,532,1631,13547
17363,519,1694,13462
17363,509,1566,13219
17363,516,1783,13485
17363,517,1753,13493
17363,512,1792,13457
17363,506,1746,13358
17363,520,1649,13406
17363,530,1599,13502
17363,496,1669,13466
17363,538,1813,13517
17363,509,1715,13376
17363,507,1813,13434
17358,506,1789,13714
17358,529,1767,13323
17358,508,1787,13422
17358,516,1850,13573
17358,537,1580,13563
17358,512,1666,13364
17358,509,1631,13286
17358,509,1867,13504
17358,519,1560,13341
17358,512,1568,13261
17358,510,1522,13195
17358,530,1660,13570
17358,495,1673,13170
17358,539,1753,13745
17358,512,1875,13551
17358,505,1726,13306
17358,522,1675,13472
17358,513,1606,13312
17358,509,1640,13298
17358,532,1638,13568
17363,496,1712,13230
17363,537,1698,13659
17363,510,1728,13391
17363,509,1815,13436
17363,523,1697,13501
17363,511,1651,13350
17363,511,1734,13416
17363,525,1801,13648
17363,498,1788,13613
17363,538,1612,13301
17363,512,1923,13587
17363,507,1753,13371
17363,522,1823,13623
17363,511,1709,13381
17363,513,1773,13473
17363,530,1728,13614
17363,520,1639,13425
17363,513,1742,13447
17363,508,1693,13335
17363,521,1853,13605
17368,514,1707,13415
17368,510,1730,13365
17368,511,1623,13309
17368,529,1624,13518
17368,520,1770,13555
17368,505,1715,13316
17368,520,1673,13463
