nvml:nvidia_geforce_gtx_970_0,rapl:ram,rapl:cores,rapl:pkg
17113,709,5441,17391
17113,542,2152,14103
17113,512,2070,13711
17113,511,1844,13510
17113,511,1999,13611
17113,521,1962,13739
17113,513,1826,13516
17113,537,1867,13838
17113,518,1876,13602
17113,515,1971,13647
17113,512,1772,13479
17113,512,1817,13486
17113,516,1841,13545
17113,513,1865,13561
17113,510,1790,13463
17113,538,1898,13882
17113,515,1891,13582
17113,514,1812,13501
17113,516,1967,13684
17113,510,1805,13461
17363,520,2016,13773
17363,511,1986,13614
17363,510,1857,13525
17363,513,1869,13879
17363,518,1908,13342
17363,537,1717,13706
17363,508,1950,13589
17363,512,1868,13555
17363,517,1881,13611
17363,512,1739,13430
17363,507,1817,13733
17363,540,1855,13574
17363,513,1885,13569
17363,514,1845,13564
17363,513,1897,13582
17363,513,1899,13570
17363,515,2025,13718
17363,512,1804,13495
17363,514,1900,13590
17363,512,1956,13715
17363,548,1952,13912
17363,515,1969,13685
17363,513,1824,13534
17363,508,1968,13597
17363,513,1978,13674
17363,516,1838,13570
17363,512,2021,13698
17363,510,1877,13557
17363,536,1833,13783
17363,517,1794,13525
17363,504,1775,13367
17363,520,2005,13779
17363,514,1833,13522
17363,512,1863,13551
17363,512,1923,13604
17363,630,4516,16027
17363,533,2528,14611
17363,522,1731,13544
17363,512,1982,13637
17363,512,1666,13394
17363,516,1716,13364
17363,513,1704,13405
17363,511,1625,13309
17363,513,1585,13260
17363,538,1911,13897
17363,586,4347,15689
17363,523,2189,14193
17363,512,1801,13485
17363,515,1816,13518
17363,512,1905,13581
17363,515,1865,13552
17363,512,1874,13853
17363,539,1877,13588
17363,511,1791,13456
17363,514,1874,13591
17363,515,1746,13454
17363,519,1846,13566
17363,507,1644,13277
17363,514,1815,13530
17363,517,1881,13645
17363,534,1929,13834
17363,512,1821,13514
17363,514,1819,13483
17363,512,1884,13587
17363,517,2012,13694
17363,513,1865,13560
17363,512,1810,13484
17363,512,1986,13691
17363,540,1979,13972
17363,511,1837,13528
17363,515,1926,13624
17363,512,1897,13592
17363,506,1981,13585
17363,518,1935,13702
17363,516,1804,13536
17363,511,1837,13502
17363,520,1963,13675
17363,547,1970,13896
17363,500,13039,24250
17374,544,2689,14889
17374,493,11655,22554
17374,530,8486,20895
17374,516,2016,13824
17374,532,2773,14517
17374,517,1854,13590
17374,513,1828,13503
17374,512,1731,13429
17374,513,1838,13531
17374,521,1877,13538
17374,520,2141,13847
17374,518,1880,13607
17374,511,1960,13639
17374,515,1655,13641
17374,536,1652,13333
17374,512,1953,13630
17374,514,2042,13724
17374,517,1899,13611
17374,512,1793,13478
17374,512,1986,13642
17363,528,1916,13826
17363,525,1905,13690
17363,513,1985,13708
17363,508,2026,13671
17363,513,1830,13539
17363,519,1911,13633
17363,512,1868,13537
17363,513,1888,13595
17363,517,1986,13701
17363,514,1938,13632
17363,641,5928,17801
17363,522,2197,13991
17363,516,1979,13679
17363,518,1874,13601
17363,513,1966,13640
17363,511,1820,13482
17363,517,1973,13664
17363,533,1788,13711
17363,520,1883,13606
17363,516,1888,13599
17363,498,1793,13587
17363,534,1848,13438
17363,513,1911,13604
17363,512,1799,13488
17363,513,1877,13587
17363,512,1907,13583
17363,540,1801,13802
17363,509,1606,13254
17363,514,1882,13589
17363,518,1566,13265
17363,512,1930,13622
17363,513,1930,13600
17363,512,2000,13684
17363,516,1723,13438
17363,537,2010,14015
17363,508,1932,13575
17363,515,1976,13689
17363,509,1913,13533
17363,519,1872,13642
17363,512,1943,13634
17363,524,1891,13738
17363,521,1816,13574
17363,512,1680,13370
17363,518,1639,13394
17363,509,1785,13452
17363,510,1871,13480
17363,524,1691,13499
17363,511,1714,13381
17363,515,1865,13535
17363,517,1893,13619
17363,537,1874,13850
17363,514,1999,13694
17363,511,1940,13618
17363,517,1987,13697
17363,513,1940,13639
17363,503,2011,13595
17363,522,1977,13767
17363,517,2011,13709
17363,528,1962,13836
17363,523,1842,13638
17363,497,1947,13442
17363,534,1728,13635
17363,513,1800,13486
17363,512,1831,13513
17363,512,1958,13642
17363,517,1929,13673
17363,514,1859,13563
17363,533,1889,13826
17363,514,1767,13491
17363,507,1833,13444
17363,518,1860,13620
17363,515,1975,13677
17363,510,1730,13395
17363,531,1989,13903
17363,496,1999,13481
17363,537,1769,13749
17363,513,1908,13576
17363,517,1767,13495
17363,512,1661,13339
17363,513,2011,13687
17363,521,2030,13821
17363,509,1980,13582
17363,536,2004,13975
17363,514,1857,13586
17363,512,1832,13517
17363,513,1799,13483
17363,512,1772,13447
17363,513,1756,13448
17363,510,2002,13669
17363,523,1794,13555
17363,508,1894,13541
17363,516,1971,13676
17363,538,1794,13788
17363,513,1882,13559
17363,512,1964,13646
17363,512,1814,13507
17363,511,1959,13611
17363,514,1893,13570
17363,515,1880,13607
17363,518,1986,13720
17363,515,1953,13947
17363,537,1616,13247
17363,514,1618,13330
17363,511,1716,13397
17363,513,1821,13519
17363,513,1913,13596
17363,512,1905,13590
17363,536,1776,13753
17363,515,1765,13467
17363,511,1653,13320
17363,517,1494,13229
17363,515,1782,13442
17363,517,1819,13551
17363,509,1605,13235
17363,517,1750,13475
17363,535,1737,13703
17363,520,1706,13444
17363,516,1840,13535
17363,510,1600,13260
17363,514,1759,13458
17363,514,1820,13529
17363,512,1925,13586
17363,512,1803,13501
17363,534,1918,13873
17363,518,1737,13477
17363,512,1875,13544
17363,510,1730,13390
17363,514,1841,13568
17363,506,1817,13414
17363,518,1813,13558
17363,515,1810,13525
17363,537,1819,13797
17363,491,1700,13149
17363,533,1979,13891
17363,517,1599,13360
17363,510,1905,13576
17363,513,1820,13485
17363,515,1923,13637
17363,509,1751,13407
17363,513,1985,13972
17363,529,2030,13614
17363,527,1886,13701
17363,512,1926,13616
17363,512,1909,13596
17363,515,1836,13554
17363,526,1762,13618
17363,495,1840,13297
17363,537,1683,13683
17363,492,1870,13315
17363,537,1822,13783
17363,514,1900,13605
17363,510,1716,13377
17363,515,1655,13369
17363,512,1655,13345
17363,510,1689,13354
17363,513,1902,13601
17363,540,1914,13898
17363,515,1660,13364
17363,509,1735,13387
17363,516,1948,13644
17363,517,1945,13713
17363,511,2021,13657
17363,512,1958,13636
17363,511,1926,13614
17363,532,2005,13933
17363,519,2001,13754
17363,511,1925,13613
17363,512,1795,13486
17363,517,1937,13680
17363,508,1872,13515
17363,511,1853,13526
17363,514,2007,13689
17363,515,1914,13643
17363,537,2005,13960
17363,510,2027,13694
17363,517,1895,13643
17363,512,2035,13699
17363,515,2028,13701
17363,512,1960,13642
17363,514,2028,13717
17363,517,2025,13753
17363,539,2019,13990
17363,512,1951,13633
17363,514,1912,13620
17363,510,2026,13685
17363,515,1920,13639
17363,512,1856,13550
17363,511,1852,13531
17363,514,1978,13680
17363,537,1937,13921
17363,512,1983,13678
17363,516,1772,13481
17363,512,1943,13626
17363,514,1657,13372
17363,514,1841,13542
17363,507,1912,13539
17363,515,1955,13671
17363,528,1872,13761
17363,521,1902,13709
17363,511,1956,13630
17363,520,2010,13813
17363,506,1976,13567
17363,511,1935,13616
17363,511,1895,13576
17363,519,1952,13687
17363,527,2007,13861
17363,521,2009,13803
17363,510,1957,13627
17363,514,1956,13667
17363,512,1896,13570
17363,513,1998,13691
17363,513,1802,13491
17363,517,1805,13492
17363,535,1868,13849
17363,515,2002,13696
17363,510,2010,13675
17363,520,2014,13761
17363,553,2273,13834
17363,524,2047,13837
17363,514,1933,13612
17118,521,2032,13784
17118,520,1990,13660
17118,514,1892,13606
17118,534,1922,13867
17118,517,1897,13603
17118,515,1948,13650
17118,512,1909,13590
17118,513,1996,13681
17118,516,1967,13697
17118,508,2009,13637
17118,536,1907,13886
17118,513,1649,13324
17118,517,1512,13257
17118,507,1986,13607
17118,514,1983,13702
17118,513,1923,13605
17118,515,2018,13715
17118,513,1719,13431
17118,528,1969,13847
17118,523,2034,13809
17363,516,1962,13684
17363,513,1949,13607
17363,514,1869,13566
17363,509,1994,13661
17363,515,2007,13718
17363,515,2010,13706
17363,536,1965,13930
17363,513,2018,13717
17363,514,1890,13585
17363,510,1958,13638
17363,514,1931,13631
17363,513,1879,13555
17363,514,1882,13563
17363,516,1980,13717
17363,531,1974,13889
17363,497,1873,13345
17363,533,1988,13923
17363,517,1896,13618
17363,512,1960,13643
17363,512,1986,13655
17363,513,2021,13724
17363,518,1955,13619
17363,514,1995,13714
17363,534,1967,13914
17363,517,1881,13628
17363,513,1987,13676
17363,512,2016,13701
17363,511,2008,13687
17363,515,1908,13645
17363,510,1978,13627
17363,514,1912,13627
17363,537,1954,13920
17363,514,1964,13678
17363,510,1980,13631
17363,506,1863,13490
17363,521,1840,13616
17363,512,1956,13634
17363,512,2006,13702
17363,517,1970,13705
17363,512,1986,13664
17363,564,4530,16112
17363,579,20959,32453
17363,600,22325,34737
17363,814,20118,31704
17363,795,17892,29798
17363,592,20175,31809
17363,671,20030,31706
17363,922,16131,27848
17363,870,14437,26104
17363,689,28905,41068
17363,621,50578,61138
17363,679,27164,39599
17363,796,18786,30427
17363,644,19769,31435
17363,652,19779,31536
17363,670,19678,32157
17363,1023,16729,28475
17363,635,15391,27054
17363,678,19386,31233
17363,623,19840,31431
17340,665,20105,32105
17340,627,19703,31034
17340,1256,11110,23317
17340,643,15839,27018
17340,603,19837,31533
17340,699,19532,31252
17340,678,19463,31941
17340,647,19558,31168
17340,592,19490,31186
17340,577,21305,32813
17340,592,21916,33709
17340,590,21954,33624
17340,1737,21372,34106
17340,965,11394,22646
22715,821,19586,29590
22715,932,19860,23450
38507,1056,19544,24305
38507,1051,19092,23276
44814,890,18890,22958
44814,961,19191,23365
47225,1002,18985,23040
47225,1026,19153,23304
47955,962,19971,24356
47955,929,18863,23030
48441,1231,18818,23282
48441,1801,12792,17036
48685,1290,16727,20915
48685,1164,16159,20877
48685,711,13802,18042
48685,1291,13665,17725
48441,783,10098,14179
48441,626,18630,22758
48410,626,19832,23751
48410,603,21180,25310
48410,605,22685,26572
48410,687,24021,28080
48410,1005,20352,25013
48410,943,19063,23263
48653,946,19103,23270
48653,942,18732,22870
48434,1155,19734,23786
48434,1009,18914,23221
48434,925,19032,23058
48434,982,18202,22668
51322,686,19971,23755
51322,911,20051,24446
49626,926,19343,23378
49626,934,18787,22999
49140,1008,18806,23383
49140,976,18883,23080
58581,792,19112,22737
58581,1013,19011,23764
67696,634,19562,23091
67696,665,18657,22871
104079,669,16436,20907
104079,623,15381,19065
122166,683,13277,17753
122166,640,9037,13036
134035,671,8444,12652
134035,657,6451,10517
137645,662,6559,10638
137645,660,6023,10037
137645,683,5041,9148
137645,681,4554,8724
138367,666,4543,8627
138367,653,4566,8601
137255,676,4560,8714
137255,653,4506,8507
137711,677,4541,8726
137711,666,4297,8395
133948,665,3641,7692
133948,650,3621,7596
132568,681,3659,7828
132568,683,3648,7774
130904,684,3623,7674
130904,683,3652,7764
131781,652,3794,7732
131781,682,3680,7822
130181,663,3630,7688
130181,665,3591,7648
130600,690,3570,7772
130600,641,3614,7538
130359,689,3549,7744
130359,672,3567,7645
131323,674,3594,7656
131323,675,3680,7754
133249,675,4962,9010
133249,673,5176,9313
135112,641,4361,8340
135112,667,3923,7990
134366,676,3811,8017
134366,668,3867,7915
133948,677,3907,8014
133948,664,3825,7933
133427,647,3687,7680
133427,691,3344,7472
128515,667,3246,7334
128515,671,3304,7315
128275,705,3377,7560
128275,650,3603,7585
132046,661,4480,8558
132046,669,4507,8584
135810,661,4561,8673
135810,669,4355,8494
137015,655,4143,8275
137015,693,3582,7606
133250,664,3567,7638
133250,659,3472,7549
129479,684,3285,7391
129479,674,3318,7309
130204,685,3966,8168
130204,685,3961,8015
134189,638,3935,7832
134189,686,3845,8090
133491,669,3951,8011
133491,671,3936,8024
134671,658,3934,7981
134671,684,3958,8123
137015,649,5352,9362
137015,665,5874,9994
140052,644,5827,9803
140052,676,5822,10017
140292,672,5815,9839
140292,649,5687,9753
140360,677,4904,9097
140360,669,4810,8936
139397,660,4541,8604
139397,644,4158,8114
137712,665,4166,8263
137712,675,4125,8257
137230,664,4214,8320
137230,667,4207,8308
136989,647,4204,8219
136989,674,4201,8309
136989,673,4292,8329
136989,695,4395,8492
137230,687,4192,8402
137230,640,4206,8142
137014,683,4235,8440
136292,637,4161,8115
136292,696,4201,8444
136052,660,3934,8005
136052,664,3804,7893
135063,638,3782,7696
135063,682,3781,7900
134671,696,3828,8031
134671,666,3827,7786
133924,674,3767,7941
133924,573,3819,7805
118283,935,5867,10034
118283,962,16078,20436
118283,616,19848,23884
82617,667,20200,24111
82617,722,16605,20737
106563,721,6893,11146
104872,697,3893,7963
104872,700,3942,7893
105425,705,3744,7853
105425,739,3844,8062
105407,675,3712,7737
105407,641,3668,7796
111860,677,4071,8167
111860,674,4301,8404
126828,666,3986,8063
126828,669,3282,7357
127310,669,3351,7362
127310,667,3301,7351
126805,667,3270,7358
126805,660,5262,9179
136292,687,5739,10068
136292,649,5856,9681
139397,661,5720,9811
139397,668,5769,9860
141496,682,5760,10018
141496,663,5706,9846
141255,653,5752,9784
141255,642,5720,9706
141736,669,5704,9852
141736,669,5754,9825
142458,641,5789,9830
142458,679,5793,9925
141255,676,5773,9938
141255,675,5728,9821
142217,638,5766,9612
142217,662,5632,9813
141014,677,5760,9997
141014,659,5727,9832
141736,644,5574,9527
141736,664,4870,8943
141015,666,4611,8776
141015,649,4668,8659
141323,700,4787,9044
141323,635,4744,8652
140360,685,4837,9015
140360,665,4762,8801
138434,680,4208,8397
138434,649,4194,8123
137978,676,4182,8381
137978,674,4257,8348
137255,656,4187,8210
137255,674,4158,8277
137255,661,4185,8228
137255,684,4123,8297
136748,654,4080,8068
136748,673,3761,7830
135088,701,3805,7992
135088,649,3679,7682
133643,686,3789,7956
133643,671,3769,7853
134912,663,3771,7792
134912,656,3688,7768
133644,682,3696,7840
133644,664,3738,7761
134912,663,3774,7781
134912,659,3701,7794
134213,688,3784,7977
134213,653,3783,7694
134671,687,3962,8081
134671,667,4442,8495
137712,677,4299,8490
137712,642,4353,8289
139397,665,4878,8964
139397,663,5312,9444
141082,668,5344,9464
141082,664,5330,9392
141469,655,5339,9353
141469,650,5479,9578
141736,689,5415,9694
141736,678,5575,9608
143008,643,6066,9910
143008,671,6833,10991
143394,659,6712,10816
143394,682,5694,9992
141495,661,4210,8223
141495,659,4167,8290
139879,653,4217,8204
139879,660,4187,8234
138941,672,4150,8253
138941,669,4142,8231
138700,680,4115,8338
138700,648,4174,8082
140774,666,6264,10366
140774,660,10253,14420
143395,648,7369,11351
143395,655,7258,11300
143635,662,6583,10764
143635,682,3653,7794
136292,663,3342,7397
136292,680,3355,7441
131741,665,3316,7378
131741,677,3578,7658
134695,669,3992,8106
134695,673,4054,8129
137015,648,3926,7943
137015,721,4773,9034
119271,726,6424,10532
119271,705,3801,7883
111638,695,3783,7870
111638,695,3785,7793
108791,706,3798,7874
108791,694,3759,7841
108065,720,3827,8004
108065,636,3673,7584
111671,700,3747,7885
111671,669,3495,7571
125683,662,3591,7633
125683,686,3615,7852
129457,650,3662,7746
129457,682,3653,7592
132985,685,3624,7800
132985,675,3639,7749
132527,655,3646,7672
132527,652,3601,7611
132768,681,3592,7715
132768,682,3639,7770
134125,647,3516,7521
134125,671,3559,7602
132984,668,3587,7820
132984,672,3391,7333
132768,669,3505,7562
132768,698,3566,7750
133491,656,3534,7611
133491,670,3540,7590
134430,668,3598,7636
134430,676,3484,7641
133731,663,3672,7676
133731,658,8375,12341
141255,655,10185,14242
141255,658,10482,14566
144982,648,10257,14332
144982,651,10539,14591
145901,655,10163,14579
145901,660,8678,12635
145249,678,6240,10431
145249,656,5424,9480
144089,638,5126,9130
144089,664,5053,9150
142672,656,4958,9018
142672,660,4956,9027
142672,653,4984,9042
142672,681,4558,8805
142191,664,4305,8344
142191,668,4270,8340
140293,651,4194,8256
140293,672,4271,8366
140533,655,4258,8263
140533,666,3982,8082
138193,670,3761,7875
138193,663,3870,7877
138608,659,3971,8044
138608,685,3858,8126
136508,670,3883,8003
136508,664,3877,7904
136532,664,3898,7970
136532,673,3953,8028
137014,662,3829,7876
137014,674,3799,7937
137977,646,3910,7890
137977,683,3897,8041
136292,679,3829,7990
136292,650,3848,7802
137737,679,4111,8319
137737,655,5508,9513
142191,642,5706,9659
142191,675,5582,9815
142673,651,5571,9766
142673,674,4686,8680
141736,671,4378,8551
141736,633,4161,8060
143153,668,4296,8321
143153,681,5903,10175
144356,658,4420,8478
144356,657,4476,8454
145049,673,4448,8678
145049,665,4429,8540
144596,670,4565,8612
144596,667,4463,8573
144596,645,4301,8296
144596,660,4290,8360
143634,665,4531,8623
143634,660,4449,8532
144836,690,4480,8699
144836,637,3972,7972
143153,659,4089,8102
143153,647,3949,7994
143393,675,5965,10147
143393,666,5912,9988
144768,643,6077,10069
144768,670,5881,10051
143421,658,4900,8954
143421,668,4362,8432
140774,659,4194,8454
140774,703,3846,7930
139156,658,3859,7919
139156,645,3911,7863
137978,691,3938,8141
137978,662,3788,7818
125562,721,11462,15176
125562,744,12199,16647
118950,679,3767,7839
118950,710,3433,7565
109033,682,3407,7434
109033,700,3473,7550
105648,710,3457,7637
105648,669,3371,7348
103490,677,3360,7565
103490,677,3336,7373
116374,657,3249,7259
116374,692,3170,7362
126082,652,3357,7291
126082,660,4417,8527
135569,669,4531,8599
135569,661,4423,8502
139155,669,4195,8336
139155,664,3964,8024
139155,663,4018,8072
139155,671,4064,8173
139089,658,3968,8011
139089,681,4045,8194
138675,679,3580,7703
138675,669,3436,7520
135544,664,3415,7476
135544,645,3443,7405
134911,685,3487,7653
134911,676,3511,7589
136051,654,3570,7551
136051,676,3647,7777
136026,662,4026,8099
136026,668,4157,8260
138433,667,4176,8317
138433,670,4139,8255
139330,667,4193,8306
139330,633,4158,8068
139811,681,4123,8339
139811,667,4104,8204
140026,637,4755,8678
140026,686,5704,9968
142912,639,5691,9586
142912,686,5197,9517
142913,641,5396,9284
142913,672,4948,9164
143635,662,4547,8582
143635,663,4399,8492
143394,647,5428,9426
143394,663,10737,14960
145489,642,9585,13547
145489,650,9544,13676
146424,649,9488,13456
146424,672,8659,13029
145943,651,5696,9711
145943,670,5031,9103
141710,650,3691,7728
141710,680,3700,7816
139329,647,3729,7748
139329,675,3712,7982
137496,685,3702,7733
137496,678,3739,7804
136292,655,3728,7804
136292,681,4097,8225
138915,648,4308,8324
138915,667,4396,8488
141255,653,4407,8470
141255,665,4302,8406
141081,658,4333,8521
141081,685,4198,8212
140600,647,3839,7832
140600,682,3787,7995
138434,652,3802,7768
138434,673,3843,7934
138434,654,3901,7939
138434,668,3955,8047
138915,687,3840,8071
138915,649,3792,7849
139156,648,3838,7826
139156,679,3754,7849
135393,694,3439,7650
135393,651,3354,7302
133948,685,3346,7510
133948,673,3278,7369
136267,632,4406,8292
136267,670,4760,8885
137711,661,4025,8176
137711,670,3737,7789
137229,648,3695,7733
137229,692,3690,7883
136533,662,3725,7779
136533,662,4184,8223
139570,672,4622,8800
139570,647,14717,18777
144912,641,17116,21020
144912,660,16465,20646
147529,641,9568,13498
147529,666,9635,13850
148249,664,9258,13550
148249,652,7710,11723
147768,648,7869,11967
147768,650,6385,10400
145943,657,5651,9906
145943,659,5697,9535
145703,662,6226,10305
145703,780,13032,17341
130752,697,10575,14596
130752,700,3523,7695
113476,700,3489,7602
113476,691,3433,7499
107753,683,3445,7499
107753,692,3400,7476
104439,684,3376,7414
104439,657,3359,7418
105839,682,3400,7453
105839,681,3245,7357
120800,677,3219,7384
120800,671,4050,8116
132921,670,4532,8657
132921,654,4551,8572
138367,660,4531,8634
138367,669,4519,8599
141469,660,4543,8552
141469,667,4547,8661
141710,649,4531,8543
141710,659,4453,8520
141495,665,4617,8709
141495,659,4517,8604
142672,695,4653,8884
142672,668,4544,8653
142432,654,4575,8632
142432,646,4471,8444
138674,674,3289,7422
138674,678,3227,7360
132262,659,3160,7188
132262,680,3212,7316
131145,661,3234,7228
131145,685,3230,7350
132807,649,3267,7222
132807,688,4471,8720
138674,675,4500,8625
138674,666,4444,8532
140052,652,4477,8551
140052,648,4239,8205
139879,685,4052,8284
139879,673,4103,8182
139397,650,4016,8033
139397,670,4077,8150
139811,662,4099,8151
139811,659,4042,8130
140051,668,4050,8095
140051,647,4028,8104
140533,689,4021,8265
140533,641,4054,7982
139811,682,4057,8277
139811,668,3950,8032
138674,658,4042,8089
138674,675,4026,8118
140119,649,4629,8642
140119,660,4653,8712
142672,649,4719,8776
142672,706,4737,9014
142389,628,4620,8532
142389,666,4739,8809
142458,676,4785,9026
142458,653,4719,8729
143153,672,4814,8900
143153,670,4773,8901
142672,634,4607,8551
142672,689,4746,8977
141710,661,4461,8563
141710,668,4157,8217
141950,654,4723,8734
141950,661,5071,9176
143806,650,7012,10998
143806,656,8245,12270
147839,652,10182,14250
147839,650,10414,14512
147839,670,9251,13492
147839,672,5149,9349
145703,667,5184,9260
145703,656,5039,9125
143806,645,5060,9016
143806,666,5060,9145
144500,659,5109,9162
144500,686,5099,9321
143875,637,5083,9042
143875,673,5096,9267
143634,646,5084,9114
143634,666,5086,9216
143085,656,5144,9194
143085,663,5105,9151
143566,678,5087,9361
143566,658,4977,9075
143325,657,5163,9190
143325,674,5076,9208
143780,643,5106,9110
143780,665,4997,9128
143806,656,4938,8965
143806,665,5024,9150
142844,654,5103,9116
142844,659,5133,9224
143875,681,5126,9321
143875,659,4280,8339
142603,652,4259,8281
142603,674,4380,8476
141255,656,4293,8320
141255,767,9293,13601
126587,708,9827,13895
126587,698,4340,8390
119674,704,4538,8576
119674,698,4288,8358
117339,696,4312,8404
117339,707,4358,8420
111618,666,4061,8146
111618,676,3789,7910
127287,663,3803,7822
127287,684,3719,7982
132527,665,3704,7725
132527,668,4734,8787
138915,644,5483,9497
138915,669,5480,9658
142672,648,5391,9369
142672,670,4438,8536
139396,686,3713,7894
139396,672,3658,7763
136533,669,3623,7700
136533,656,3625,7678
135088,658,3574,7612
135088,688,3659,7811
136025,658,3627,7593
136025,674,3537,7664
135393,661,3631,7668
135393,672,3526,7674
139330,676,7068,11196
139330,661,7814,11920
143875,642,7802,11776
143875,674,7726,11902
146424,650,7973,12008
146424,664,7709,11791
147386,668,6619,10794
147386,659,5627,9745
144768,643,5150,9082
144768,678,4714,8940
141641,660,3981,8041
141641,690,3290,7417
138675,638,3832,7804
138675,681,3849,7958
138193,658,3890,7909
138193,697,3843,8083
138675,641,3897,7804
138675,699,3867,8127
139371,640,3889,7974
139371,660,3829,7916
139810,689,3900,7929
139810,657,3822,7886
141161,643,5246,9221
141161,669,5616,9713
143153,652,5553,9802
143153,681,4907,8923
142190,666,3940,8033
142190,686,3685,7813
137405,659,3782,7848
137405,663,3752,7735
139878,691,4541,8764
139878,630,5384,9270
142191,656,5277,9356
142191,671,5264,9368
144047,662,5075,9227
144047,666,4480,8537
143393,652,4372,8419
143393,664,4446,8507
142191,669,4559,8666
142191,667,4497,8603
142604,662,4538,8695
142604,640,4469,8448
142431,689,4492,8720
142431,663,4476,8577
142912,644,4543,8543
142912,667,4461,8535
142646,661,4570,8675
142646,663,4534,8633
143153,661,4535,8549
143153,692,4673,8738
142218,659,4416,8521
142218,692,4437,8676
142432,665,4504,8604
142432,664,4484,8569
143084,638,4499,8467
143084,678,4527,8712
142217,660,4537,8567
142217,664,4514,8612
142217,668,4410,8555
142217,646,4361,8324
141977,661,4529,8591
141977,666,4429,8503
142939,665,4482,8659
142939,683,4553,8684
142431,640,4478,8451
142431,688,4577,8779
142499,654,4566,8585
142499,669,4560,8655
143153,651,4549,8597
143153,657,4443,8482
140600,669,3747,7880
140600,682,3634,7751
140119,654,5692,9609
140119,675,8436,12471
132021,759,16691,20788
132021,716,6211,10484
118766,700,3391,7550
118766,690,3463,7512
108307,687,3445,7505
108307,701,3456,7571
105648,692,3423,7443
105648,695,3344,7483
103783,650,3408,7422
103783,696,3325,7424
119191,683,3278,7417
119191,654,3236,7214
125841,677,3234,7363
125841,679,3286,7318
128913,679,3274,7422
128913,665,3237,7266
130598,669,3268,7295
130598,673,3230,7340
131120,685,3241,7424
131120,647,3325,7212
131144,682,3240,7427
131144,670,3176,7219
132084,672,3258,7306
132084,679,3223,7321
130576,661,3255,7311
130576,696,3328,7482
130817,650,3220,7220
130817,700,4315,8542
136749,631,4504,8601
136749,683,4441,8444
140118,666,4561,8661
140118,671,4593,8701
141951,645,4554,8563
141951,662,4097,8151
138434,678,3683,7822
138434,680,4436,8584
140748,640,5075,9058
140748,671,5105,9208
142363,656,4763,8881
142363,672,4281,8438
142604,652,4730,8661
142604,675,6655,10845
145703,644,6771,10797
145703,664,6753,10875
144699,647,5960,9925
144699,650,5756,9853
145463,680,5748,9963
145463,671,5705,9827
144741,635,4861,8836
144741,661,4867,8952
142844,667,4830,8912
142844,682,4743,8921
141977,667,4149,8270
141977,658,4202,8210
141255,667,4099,8190
141255,662,4152,8204
141014,654,4139,8155
141014,674,4227,8344
140360,673,4158,8330
140360,671,4129,8213
140600,655,4204,8264
140600,678,4141,8269
140532,651,4140,8147
140532,675,4202,8306
140773,646,4135,8300
140773,696,3450,7490
136292,654,3276,7277
136292,680,3316,7396
137470,672,4821,9016
137470,638,5781,9624
141469,670,5687,9889
141469,667,5771,9918
144116,662,5812,9882
144116,661,5703,9822
143806,649,5852,9848
143806,671,4687,8859
140533,666,3764,7818
140533,667,3756,7812
138915,664,3865,7939
138915,661,4188,8208
141014,658,4246,8312
141014,670,4275,8406
141496,679,4258,8467
141496,646,4293,8188
141496,677,4276,8506
141496,671,4304,8414
142698,652,4367,8345
142698,667,4325,8475
141951,658,4352,8379
141951,668,4363,8467
141951,651,4318,8333
141951,670,4319,8462
141710,646,4356,8355
141710,669,4242,8355
143779,650,7212,11155
143779,667,7740,11954
144356,673,5216,9449
144356,668,4350,8444
143325,654,4529,8609
143325,680,5378,9497
144046,622,5411,9286
142603,669,4669,8806
142603,707,3629,7841
138434,643,3585,7543
138434,714,5187,9242
138434,735,7349,11585
115649,693,3611,7735
110652,691,3386,7437
110652,691,3412,7469
105890,691,3383,7468
105890,696,3352,7427
104439,684,3393,7426
104439,697,3365,7493
100637,671,3370,7517
100637,658,3212,7203
118006,673,3217,7347
118006,656,3297,7418
126129,691,3204,7229
126129,672,3202,7303
129395,667,3275,7265
129395,676,3232,7315
130358,659,3246,7257
130358,675,3315,7393
130358,691,3236,7465
130358,647,3271,7204
131298,695,3282,7489
131298,652,3242,7196
131539,677,3226,7372
131539,691,3274,7413
131081,654,3218,7242
131081,662,3233,7282
130840,666,3299,7468
130840,686,3282,7264
131082,651,3227,7230
131082,687,3211,7306
131056,686,3162,7371
131056,667,3155,7220
132325,686,3378,7480
132325,636,11749,15582
143367,631,15411,19365
143367,662,9725,13906
148080,681,9748,14062
148080,659,9407,13509
148730,647,9446,13482
148730,651,9554,13640
148800,642,8072,12019
148800,685,6781,11117
146905,657,6747,10844
146905,655,6582,10609
147626,666,6778,10899
147626,654,6600,10711
147627,630,6752,10708
147627,677,6771,10963
145009,648,4835,8817
145009,670,4191,8282
141977,685,4231,8470
141977,643,4206,8090
141255,680,4204,8419
141255,680,4218,8330
140600,663,4166,8270
140600,657,3952,7906
138193,692,3324,7535
138193,642,3246,7168
133467,685,3293,7469
133467,676,3392,7416
132503,660,3279,7364
132503,676,3286,7385
132084,659,3321,7470
132084,684,3303,7286
132503,660,3267,7338
132503,675,3289,7324
132108,841,4340,8577
132108,639,5840,9764
140052,641,5669,9721
140052,673,5824,9893
142913,671,4946,9168
142913,667,4982,9087
144116,640,4890,8900
144116,675,4776,8925
142939,655,4764,8798
142939,665,4836,8918
143154,765,5553,9597
143154,668,4761,8890
144330,643,4981,9002
144330,699,4917,9181
143635,652,4817,8909
143635,657,4866,8880
143565,660,4894,9022
143565,659,4777,8857
143566,660,4783,8815
143566,656,4737,8776
142604,672,4634,8776
142604,667,4197,8301
141254,652,4187,8220
141254,675,3902,8055
139089,658,3797,7808
139089,665,3705,7798
137164,666,3751,7804
137164,672,3750,7875
137405,664,3739,7758
137405,663,3752,7838
136442,687,3733,7957
136442,672,3760,7829
137229,660,3797,7814
137229,667,3744,7875
136026,673,3538,7643
136026,666,3304,7363
133226,667,3338,7396
133226,676,3303,7412
132985,670,3365,7380
132985,672,3275,7361
115649,674,3487,7647
115649,755,10846,14853
117985,711,6102,10258
117985,693,3991,8060
113234,680,3936,7950
113234,705,3900,8016
111135,701,3996,8059
111135,698,3949,8032
109444,693,3920,8118
109444,652,3712,7657
124658,684,3710,7878
124658,669,3709,7844
132199,655,3755,7764
132199,681,3761,7873
134847,658,3791,7821
134847,697,3794,7974
135986,630,3779,7707
135986,691,3697,7868
136051,659,3690,7725
136051,670,4436,8511
139811,652,4290,8327
139811,665,4335,8427
141014,673,4217,8421
141014,670,4283,8408
141056,648,4376,8391
141056,669,4320,8421
141014,659,4310,8373
141014,651,4187,8338
141014,670,4318,8274
141014,670,4295,8387
141469,646,4434,8444
141469,686,4105,8364
139571,652,3940,7884
139571,669,3923,8005
139329,671,3852,7983
139329,656,4479,8493
141229,672,4584,8719
141229,658,5363,9387
144569,665,5804,9851
144569,664,5717,9904
144356,656,5731,9737
144356,654,5749,9870
144768,688,5337,9583
144768,636,4195,8113
142672,679,4226,8420
142672,667,4150,8263
141229,649,4210,8238
141229,669,4228,8351
140773,653,4210,8211
140773,673,4170,8296
139810,668,3906,8014
139810,669,3206,7291
134911,670,3271,7296
134911,687,3273,7415
132744,653,3228,7229
132744,682,3302,7379
131539,662,3231,7305
131539,685,3218,7398
131780,688,3276,7383
131780,663,3224,7262
132199,661,3227,7279
132199,682,3246,7321
130840,679,3264,7294
130840,667,3854,7878
135785,654,3790,7892
135785,673,3902,7985
136749,673,3893,7956
136749,674,3928,8012
138367,693,3903,8153
138367,675,3908,7992
138608,663,3915,7933
138608,668,3820,7930
139304,655,3860,7866
139304,693,3884,8016
138367,659,3908,7950
138367,679,3988,8082
138367,683,3903,8062
138367,643,3927,7884
139089,665,4004,8093
139089,672,4043,8075
137886,690,3966,8153
137886,684,4037,8173
138127,661,3946,7991
138127,680,3946,8036
139330,658,4048,8065
139330,664,3907,8005
137471,673,3953,8059
137471,675,3978,8020
138127,659,3974,8013
138127,674,3931,8017
138607,680,3924,8064
138607,658,3886,7900
138367,684,3984,8188
138367,671,4578,8638
141469,656,4637,8704
141469,665,4698,8710
142672,652,5466,9711
142672,669,5705,9531
144741,682,5811,10044
144741,678,4931,9105
142432,656,4176,8221
142432,667,4184,8229
141951,668,4275,8357
141951,678,4349,8451
141951,659,4307,8331
141951,747,8808,12611
127528,723,10165,14687
127528,711,4329,8224
119008,709,4064,8231
119008,715,3753,7860
111860,702,3738,7842
111860,707,3820,7832
109947,684,3699,7847
109947,691,3648,7770
120881,650,4119,8093
120881,663,4141,8201
132985,665,4226,8280
132985,677,4197,8343
137646,690,4244,8464
137646,656,4213,8219
139570,664,4173,8253
139570,686,4225,8376
140292,654,4258,8281
140292,676,4240,8346
140506,651,4165,8173
140506,675,4223,8354
140748,658,4227,8251
140748,673,4210,8320
140507,660,4274,8289
140507,699,4230,8490
140773,672,4264,8372
140773,664,4273,8335
140988,658,4328,8368
140988,672,4269,8373
140989,659,4273,8295
140989,679,4088,8248
139089,660,3819,7803
139089,672,3737,7844
136989,684,3651,7761
136989,677,3348,7372
133884,691,3317,7503
133884,650,3317,7248
132744,696,3330,7507
132744,660,3311,7276
131957,678,3319,7475
131957,690,3389,7496
131298,665,3342,7402
131298,664,3300,7331
131056,675,3336,7363
131056,693,3274,7413
131780,659,3264,7433
131780,713,3296,7340
131056,677,3268,7375
131056,651,3219,7158
131476,696,3311,7465
131476,679,3276,7386
130056,660,3334,7342
130056,685,3306,7386
131780,666,3293,7361
131780,678,3266,7354
133643,664,4055,8020
133643,670,4597,8684
138608,663,4628,8717
138608,693,4600,8891
142432,677,4639,8702
142432,631,4150,8278
141469,703,4172,8203
141469,638,4137,8075
141228,685,4137,8310
141228,669,4027,8148
137951,657,3705,7649
137951,677,10148,14204
144219,649,17627,21622
144219,659,17614,21906
147005,679,10605,14824
147005,646,9639,13441
147527,673,9575,13891
147527,650,12706,16649
150552,640,11800,15734
150552,698,10602,15063
149451,657,10839,14904
149451,645,9642,13559
148730,667,7390,11487
148730,662,7031,11092
148489,651,7247,11242
148489,697,12134,16469
149210,638,15112,19070
149210,649,12860,16939
148730,674,9858,14085
148730,657,6077,10067
147146,652,6148,10173
147146,678,6095,10304
145944,658,6173,10186
145944,657,6145,10258
146184,666,6142,10197
146184,679,6081,10307
145943,669,6037,10125
145943,660,5139,9239
144768,667,4952,9053
144768,655,3868,7845
141014,696,3948,8184
141014,685,4015,8108
140600,655,3950,7965
140600,664,3852,7961
139155,666,3954,7996
139155,675,3972,8043
138674,667,4036,8061
138674,675,3994,8098
120397,710,5244,9219
120397,743,7884,12119
118006,711,4332,8493
118006,715,3822,7950
112102,693,3805,7872
112102,702,3733,7764
109927,692,3848,7850
109927,715,3704,7877
107994,649,3761,7753
107994,693,3634,7723
122064,677,3599,7731
122064,692,3643,7818
131539,671,3712,7776
131539,647,3630,7573
133225,688,3602,7786
133225,669,3638,7711
134365,675,3592,7646
134365,674,3602,7715
134607,670,3659,7709
134607,680,3605,7682
136026,656,3637,7614
136026,682,3599,7736
134847,687,3620,7784
134847,680,3495,7626
135329,672,3652,7708
135329,666,3543,7564
134848,675,3666,7792
134848,677,3602,7654
136507,670,3720,7738
136507,668,3605,7652
135810,673,3694,7789
135810,707,3680,7903
135328,640,3626,7562
135328,675,3636,7718
136267,687,3725,7865
136267,691,3625,7785
135609,663,3734,7749
135609,676,3683,7808
134847,666,3722,7730
134847,692,3726,7893
135785,646,3630,7570
135785,684,3746,7834
136116,699,3785,8016
136116,646,3661,7590
135634,694,3714,7908
135634,651,3928,7923
139570,679,5219,9363
139570,664,5147,9175
141950,655,5110,9146
141950,679,5128,9307
144768,656,9073,13018
144768,654,10660,14769
147529,668,10418,14447
147529,654,10872,14870
148418,666,10494,14597
148418,669,10264,14472
150624,670,10427,14768
150624,654,9019,12985
149903,656,8764,12773
149903,666,8518,12650
149691,660,8612,12702
149691,653,6988,11263
148489,652,7193,11035
148489,676,7154,11326
148008,651,9714,13607
148008,677,15313,19626
149450,649,14791,18815
149450,660,9006,13022
148757,675,8581,12901
148757,666,8404,12503
148758,656,8673,12750
148758,646,8299,12233
148036,668,7202,11353
148036,666,6657,10679
147626,690,6326,10638
147626,656,6121,10197
146424,647,6373,10360
146424,665,5757,9853
145249,681,5076,9249
145249,651,4470,8417
143394,671,4386,8516
143394,674,4517,8629
141951,653,4443,8460
141951,677,4090,8178
138915,662,3481,7528
138915,685,3515,7645
136201,670,3474,7599
136201,678,3408,7450
134607,671,3438,7570
134607,685,3455,7524
135088,661,3436,7481
135088,683,3478,7568
134581,682,3462,7633
134581,663,3465,7419
133643,672,3395,7504
133643,677,3431,7476
133923,665,3418,7458
133923,715,3476,7722
133225,649,3498,7483
133225,693,3484,7613
132744,661,3408,7448
132744,682,3438,7475
132985,670,3410,7491
132985,694,3437,7567
122547,688,3549,7712
122547,766,12290,16340
123211,729,12532,16673
123211,694,5231,9191
120858,726,4670,8877
120858,709,4673,8754
117743,724,4410,8551
117743,649,3783,7688
114925,711,3741,7981
114925,678,3635,7676
129216,681,3685,7773
129216,676,3589,7673
132199,658,3589,7602
132199,661,3618,7813
133643,688,3705,7667
133643,673,3649,7709
135570,658,3605,7830
135570,707,3665,7734
135329,671,3568,7633
135329,669,3561,7624
134365,672,3564,7625
134365,663,3674,7734
139544,665,7231,11174
139544,669,10279,14412
145675,651,10420,14418
145675,666,10443,14556
147075,657,10665,14784
147075,654,10456,14492
148079,685,8541,12826
148079,662,7175,11313
147555,654,7207,11201
147555,656,7157,11207
146905,662,7278,11382
146905,676,7189,11303
147146,659,7109,11136
147146,665,6997,11087
147627,646,7203,11133
147627,676,7160,11415
147556,667,7379,11592
147556,673,6741,10838
145971,648,5383,9334
145971,658,5218,9299
145249,686,5270,9463
145249,654,5136,9324
143325,680,5195,9175
143325,666,5149,9230
144356,669,5212,9276
144356,670,5035,9165
144116,657,5098,9091
144116,674,5163,9268
144527,677,4955,9117
144527,664,4283,8298
142672,671,4449,8586
142672,678,4477,8589
142672,658,4384,8415
142672,691,4452,8645
141951,644,4448,8369
141951,679,4389,8518
143084,666,5399,9522
143084,670,5442,9563
144287,661,5459,9490
144287,686,4608,8778
143153,668,4638,8770
143153,669,4602,8688
143875,665,4656,8687
143875,672,4568,8643
143085,650,4548,8591
143085,665,4525,8603
142844,659,4770,8864
142844,659,5026,9111
143325,684,4734,8934
143325,645,4661,8627
144089,678,4713,8914
144089,633,4712,8598
140051,683,3864,8082
140051,674,3240,7339
135088,669,3256,7317
135088,676,3192,7257
136051,674,4124,8233
136051,634,4417,8317
139329,670,4562,8695
139329,666,4504,8589
141883,674,4574,8792
141883,671,4566,8674
142123,659,4454,8523
142123,671,4427,8538
142604,650,4406,8369
142604,658,4405,8436
140987,682,4069,8188
140987,675,4432,8531
142604,656,4735,8812
142604,670,4724,8854
142604,660,4645,8667
142604,684,4161,8379
142431,654,4161,8176
142431,655,4120,8133
141229,668,4136,8267
141229,667,4185,8299
141469,653,4213,8226
141469,634,4069,8116
123935,700,4779,8734
123935,727,7425,11687
117318,687,3751,7846
117318,710,3473,7643
108960,680,3444,7434
108960,707,3376,7573
105406,698,3457,7564
105406,691,3433,7498
103764,684,3337,7386
103764,665,3328,7393
91081,985,4874,8923
91081,867,17139,21062
93397,743,20347,24847
93397,715,13459,17485
94365,703,9838,13772
94365,750,8926,13289
93639,700,8980,13029
93639,706,9139,13270
93684,739,9031,13075
93684,713,9086,13165
92958,696,8215,12222
92958,709,7808,11837
91764,700,7807,11875
91764,708,7727,11717
91990,737,7700,12080
91990,710,7652,11723
85809,1159,7336,11242
85809,1384,7677,11994
74320,1422,6449,10792
74320,1503,6943,11364
69995,1301,5310,9395
69995,1328,6890,11140
68305,1147,9555,13773
68305,1085,13836,18038
67774,1081,16255,20194
67774,992,16981,21354
70596,593,15674,19743
70596,746,6202,9961
70596,520,2037,6128
69949,511,1923,5963
69949,518,1990,6048
69474,535,1881,6055
69474,520,1811,5879
69231,509,1729,5760
69231,522,1845,5807
69231,538,1744,5871
69231,519,1746,5818
69231,508,1624,5638
69231,516,1840,5905
69231,511,1842,6025
69231,542,1738,5801
68988,507,1800,5821
68988,519,1736,5805
68988,508,1890,5898
68988,524,1724,5807
68734,508,1694,5726
68734,517,1588,5646
68734,534,1880,6034
68734,521,1590,5661
68745,510,1772,5801
68745,518,1584,5651
68734,511,1735,5752
68734,519,1840,5916
68734,510,1660,5682
68734,519,1771,5837
68745,538,1844,6008
68745,520,1638,5720
68745,508,1651,5684
68745,516,1731,5775
68745,514,1807,5855
68745,517,1640,5696
68745,510,1597,5637
68745,516,1633,5684
68745,534,1717,5878
68745,519,1737,5812
68745,508,1610,5644
68745,518,1690,5756
68745,510,1699,5727
68745,515,1626,5678
68745,524,1626,5747
68745,502,1677,5651
68745,514,1814,5837
68745,539,1616,5813
68745,510,1624,5664
68745,527,1862,5923
68745,514,1673,5714
68745,512,1509,5549
68745,513,1841,5892
68745,520,1898,5966
68745,532,1774,5931
68745,518,1678,5740
64658,513,1966,5980
64658,524,1741,5838
54520,511,1852,5873
54520,517,1914,5974
50902,507,1824,5839
50902,522,1899,5985
49441,535,1817,5976
49441,516,1725,5784
48954,513,1790,5828
48954,516,1779,5836
48710,510,1812,5825
48710,520,1869,5945
48710,508,1640,5673
48467,523,2049,6157
48467,511,1722,5715
48467,528,1900,6049
48467,522,1728,5812
48467,510,1873,5910
48467,523,1879,5949
48467,510,1828,5872
48467,512,1887,5917
48467,522,1648,5759
48467,507,1895,5875
48467,528,1700,5840
48467,522,1726,5813
48467,506,1753,5767
48467,520,1677,5743
48467,509,1782,5824
48467,516,1582,5624
48467,510,1579,5617
48467,522,1725,5792
48467,530,1710,5868
48467,520,1565,5644
48467,509,1640,5671
48467,518,1827,5890
48467,506,1812,5823
48467,518,1902,5976
48467,508,1838,5857
48467,523,1697,5776
48467,534,1724,5898
48467,512,1757,5797
48467,510,1665,5712
48467,520,1779,5843
48467,510,1797,5814
48467,519,1714,5785
48467,509,1876,5908
48467,519,1806,5867
48474,534,1990,6147
48474,519,1648,5712
48467,507,1739,5753
48467,528,1868,5980
48467,506,1806,5817
48467,515,1735,5792
45551,502,2663,8158
45551,525,2142,14317
31252,516,1774,13271
31252,528,1829,13687
25164,519,1873,13659
25164,512,1807,13398
23219,527,1840,13683
23219,501,1840,13366
22486,520,1851,13649
22486,514,1756,13383
21997,519,1699,13488
21997,528,1908,13762
21997,497,1713,13260
21997,532,1676,13531
21752,523,1652,13486
21752,502,1906,13446
21752,516,1783,13545
21752,537,1768,13657
21752,500,1745,13324
21752,527,1753,13586
21752,521,1931,13732
21752,509,1726,13292
21766,525,1850,13671
21766,505,1724,13263
21757,528,2019,13848
21757,534,1824,13706
21757,497,1821,13330
21757,530,1852,13729
21757,498,1642,13168
21757,534,1851,13714
21513,523,1745,13586
21513,503,1991,13514
21757,523,1754,13588
21757,526,1898,13667
21757,500,1701,13262
21757,537,1912,13841
21513,517,1675,13447
21513,508,1734,13282
21757,522,1778,13622
21757,504,1613,13159
21757,522,1844,13653
21757,535,1917,13773
21757,497,1740,13279
21757,529,1915,13787
21513,518,1679,13450
21513,511,1940,13538
21513,518,1739,13523
21513,524,1738,13523
21757,509,1652,13322
21757,530,1680,13499
21513,498,1659,13207
21513,522,1687,13451
21757,502,1804,13401
21757,523,1594,13344
21757,531,1799,13597
21757,517,1657,13376
21757,532,1805,13728
21757,519,1668,13376
21757,515,1784,13499
21757,510,1658,13325
21757,513,1699,13389
21757,517,1721,13439
21757,510,1733,13400
21757,513,1792,13486
21757,511,1784,13747
21757,543,1759,13465
21757,505,1810,13404
21757,519,1685,13460
21757,510,1715,13390
21757,518,1768,13503
21757,518,2017,13724
21757,508,1936,13568
17852,534,1784,13746
17852,522,1693,13409
17852,513,1666,13368
17852,516,1737,13453
17852,510,1752,13409
17852,516,1720,13421
17852,513,1690,13378
17852,514,1695,13401
17852,535,1774,13727
17852,515,1979,13667
17852,514,1822,13535
17852,513,1704,13397
17852,513,1795,13486
17852,515,1831,13522
17852,511,1619,13292
17852,515,1612,13344
17852,512,1788,13457
17852,517,1890,13609
17852,534,1729,13667
17852,512,1765,13464
17852,516,1705,13424
17852,518,1779,13453
17852,512,1633,13314
17852,517,1657,13345
17852,512,1668,13360
17852,540,1684,13654
17852,516,1869,13562
17852,507,1976,13575
17852,522,1918,13691
17852,518,1925,13604
17852,514,1730,13453
17852,513,1840,13524
17852,537,1796,13775
17852,516,1693,13393
17852,512,1749,13441
17852,519,1765,13461
17852,511,1708,13378
17852,516,1714,13434
17852,512,1672,13349
17852,512,1553,13250
17852,516,1667,13401
17852,539,1647,13595
17852,516,1554,13277
17852,513,1715,13378
17852,512,1672,13354
17852,517,1791,13489
17852,512,1716,13391
17852,516,1671,13379
17852,514,1744,13449
17852,539,1708,13675
17852,513,1628,13324
17852,511,1686,13362
17852,515,1758,13447
17852,518,1657,13366
17852,510,1592,13260
17852,512,1616,13296
17852,536,1722,13708
17852,519,1747,13446
17852,512,1726,13416
17852,512,1765,13439
17852,500,1640,13191
17852,529,1645,13501
17852,510,1605,13263
17852,513,1708,13401
17852,516,1650,13373
17852,539,1701,13681
17852,513,1630,13310
17852,517,1591,13313
17852,514,1651,13351
17852,515,1625,13340
17852,510,1749,13412
17852,514,1651,13339
17852,515,1929,13626
17852,529,1835,13737
17852,520,1670,13436
17852,510,1735,13403
17852,512,1673,13349
17852,515,1764,13462
17852,514,1983,13645
17852,514,1699,13413
17608,536,1855,13825
17608,519,1805,13515
17608,510,1669,13334
17608,514,1684,13382
17608,517,1739,13464
17608,515,1631,13335
17608,508,1938,13583
17608,515,1706,13410
17608,532,1654,13563
17608,520,2036,13811
17608,514,1678,13378
17608,510,1681,13348
17608,519,1904,13622
17608,502,1746,13334
17608,522,1591,13387
17608,509,1652,13308
17608,517,1679,13415
17608,530,1588,13499
17608,520,1823,13612
17608,513,1730,13414
17363,501,1721,13267
17363,528,1716,13549
17363,512,1767,13454
17363,511,1651,13315
17363,515,1747,13458
17363,537,1707,13697
17363,515,1745,13418
17363,513,1751,13412
17363,518,1806,13552
17363,511,1651,13317
17363,530,1785,13681
17363,494,1927,13395
17363,517,1948,13656
17363,528,1640,13516
17363,522,1681,13484
17363,510,1726,13385
17363,508,1790,13426
17363,521,1781,13558
17363,504,1757,13638
17363,518,1598,13062
17363,515,1778,13507
17363,532,1853,13747
17363,524,1728,13539
17363,512,1823,13491
17363,513,1629,13277
17363,507,1716,13334
17363,522,1614,13402
17363,513,1694,13370
17363,515,1661,13362
17363,539,1751,13760
17363,511,1636,13307
17363,512,1698,13384
17363,518,1792,13509
17363,505,1734,13343
17363,522,1597,13388
17363,508,1655,13299
17363,515,1711,13426
17363,540,1865,13857
17363,511,1738,13406
17363,516,1660,13394
17363,512,1689,13389
17363,503,1554,13102
17363,519,1619,13380
17363,515,1597,13309
17363,512,1626,13308
17363,537,1549,13522
17363,518,1703,13415
17363,510,1749,13404
17363,519,1663,13400
17363,515,1764,13482
17363,508,1716,13366
17363,511,1838,13517
17363,537,1803,13773
17363,514,1644,13355
17363,516,1757,13444
17363,512,1673,13355
17363,520,1742,13502
17363,508,1823,13444
17363,517,1864,13573
17363,512,1696,13384
17363,535,1828,13784
17363,518,1880,13590
17363,511,1722,13390
17363,516,1655,13354
17363,514,1781,13477
17363,511,1597,13276
17363,515,1514,13239
17363,511,1745,13394
17363,517,1550,13253
17363,539,1509,13515
17363,503,1407,12981
17363,521,1511,13306
17363,517,1718,13443
17363,505,1665,13257
17363,516,1654,13382
17363,514,1504,13215
17363,512,1645,13329
17363,540,1637,13628
17363,514,1567,13268
17363,510,1627,13297
17363,505,1816,13435
17363,517,1705,13417
17363,517,1690,13439
17363,514,1771,13452
17363,517,1832,13571
17363,533,1604,13527
17363,517,1649,13380
17363,514,1949,13628
17363,509,1819,13446
17363,522,1754,13536
17363,517,1760,13478
17363,506,1721,13334
17363,519,1847,13592
17363,534,1751,13703
17363,514,1698,13413
17363,514,1781,13469
17363,514,1807,13519
17363,512,1955,13632
17363,514,1930,13637
17363,509,1628,13286
17363,515,1769,13501
17363,536,1828,13781
17363,515,1641,13343
17363,510,1618,13260
17363,520,1668,13416
17363,512,1619,13307
17363,527,1822,13685
17363,497,1989,13474
17363,515,1783,13498
17363,534,1679,13631
17363,516,1722,13434
17363,510,1662,13343
17363,516,1922,13621
17363,511,1822,13492
17363,513,1813,13521
17363,513,1808,13491
17363,532,1666,13583
17363,521,2007,13763
17363,514,1989,13688
17363,510,1775,13447
