nvml:nvidia_geforce_gtx_970_0,rapl:ram,rapl:cores,rapl:pkg
17363,708,4778,16571
17363,534,2165,14057
17363,514,1941,13609
17363,517,1976,13705
17363,508,2011,13620
17363,538,1961,13944
17363,517,2045,13763
17363,514,1974,13655
17363,519,2006,13713
17363,514,1979,13676
17363,518,2010,13738
17363,512,2063,13712
17363,521,2030,13784
17363,510,2068,13726
17363,516,1925,13624
17363,513,1877,13579
17363,541,1894,13913
17363,509,1995,13633
17363,514,1944,13632
17363,512,1988,13654
17363,524,1947,13760
17363,506,1988,13548
17363,514,1923,13630
17363,539,1970,13971
17363,513,2001,13659
17363,514,1849,13556
17363,506,1943,13553
17363,521,1933,13712
17363,516,1958,13640
17363,513,1923,13605
17363,515,1862,13578
17363,538,1972,13941
17363,515,1961,13673
17363,512,1838,13502
17363,516,1992,13686
17363,512,1847,13521
17363,517,1882,13606
17363,510,1892,13549
17363,514,1947,13661
17363,514,1885,13612
17363,516,2007,13726
17363,531,1993,13869
17363,514,1873,13601
17363,511,1892,13587
17363,513,1900,13589
17363,511,1906,13587
17363,513,1901,13603
17363,535,1878,13867
17363,514,1843,13512
17363,513,1894,13593
17363,504,1974,13565
17363,523,1984,13783
17363,511,1757,13429
17363,512,1918,13602
17363,514,1866,13579
17363,535,1768,13738
17363,512,1854,13527
17363,513,1777,13487
17363,512,1808,13493
17363,514,1855,13566
17363,520,1908,13668
17363,508,1891,13485
17363,515,1738,13465
17363,529,1645,13560
17363,522,1806,13593
17363,510,1742,13415
17363,510,1857,13537
17363,511,1675,13358
17363,511,1714,13388
17363,512,1797,13486
17363,511,1749,13439
17363,539,1894,13900
17363,509,1734,13377
17363,514,1905,13606
17363,515,1625,13344
17363,503,1916,13503
17363,519,1809,13574
17363,511,1831,13524
17363,530,1784,13700
17363,522,1817,13626
17358,513,1927,13642
17358,509,1778,13404
17358,511,1654,13347
17358,511,1713,13402
17358,513,1656,13345
17358,511,1711,13379
17358,529,1715,13630
17358,520,1802,13590
17358,516,1850,13544
17358,512,1705,13403
17358,507,1802,13415
17358,509,1782,13417
17358,526,1866,13677
17358,509,1766,13431
17358,513,1643,13360
17358,538,1717,13723
17358,512,1803,13484
17358,510,1600,13271
17358,503,1638,13232
17358,522,1648,13438
17363,521,1851,13644
17363,507,1960,13526
17363,514,1777,13491
17363,538,1787,13794
17363,512,1604,13277
17363,512,1642,13310
17363,513,1688,13401
17363,512,1638,13326
17363,512,1649,13331
17363,510,1688,13365
17363,514,1763,13480
17363,540,1988,13981
17363,511,1864,13540
17363,515,1717,13444
17363,505,1824,13419
17363,517,1683,13431
17363,511,1806,13492
17363,511,1679,13362
17363,514,1822,13530
17363,535,1599,13582
17118,498,1811,13336
17118,526,1602,13449
17118,514,1758,13459
17118,515,1601,13323
17118,501,1719,13300
17118,518,1704,13455
17118,513,1625,13336
17118,538,1754,13742
17118,513,1719,13433
17118,507,1714,13363
17118,517,1720,13467
17118,662,2746,14492
17118,513,1942,13530
17118,509,1734,13392
17118,515,1712,13444
17118,530,1746,13638
17118,519,1738,13525
17118,510,1780,13445
17118,511,1730,13433
17118,505,1779,13350
17363,529,1897,13810
17363,604,4685,16519
17363,490,1796,13535
17363,534,1855,13507
17363,519,1828,13576
17363,516,1805,13538
17363,511,1605,13303
17363,500,1834,13376
17363,519,1727,13504
17363,510,1676,13359
17363,513,1713,13411
17363,530,1621,13508
17363,513,1598,13292
17363,519,1718,13493
17363,512,1873,13561
17363,506,1629,13256
17363,519,1689,13469
17363,510,1583,13255
17363,510,1616,13594
17363,532,1604,13234
17363,499,1737,13304
17363,531,1751,13647
17363,511,1666,13361
17363,506,1749,13361
17363,524,1773,13602
17363,509,1716,13375
17363,508,1609,13263
17363,531,1728,13623
17363,511,1632,13341
17363,517,1688,13438
17363,519,1817,13571
17363,510,1791,13436
17363,514,2078,13689
17363,518,1860,13613
17363,533,1708,13678
17363,508,1741,13375
17363,519,1863,13647
17363,512,1750,13438
17363,509,1655,13316
17363,507,1801,13420
17363,532,1945,13856
17363,500,1763,13291
17363,514,1697,13409
17363,528,1660,13557
17363,516,1917,13648
17363,515,1723,13455
17363,505,1767,13378
17363,514,1653,13362
17363,519,1665,13447
17363,511,1661,13354
17363,507,1777,13424
17363,529,1714,13587
17363,524,1645,13472
17363,512,1647,13341
17363,509,1781,13439
17363,505,1557,13163
17363,512,1619,13323
17363,519,1594,13359
17363,511,1605,13297
17363,528,1646,13524
17363,511,1819,13493
17363,521,1661,13448
17363,517,1598,13326
17363,515,1678,13401
17363,508,1741,13359
17363,513,1583,13294
17363,512,1610,13304
17363,529,1665,13565
17363,521,1647,13455
17363,508,1612,13262
17363,515,1588,13287
17363,511,2028,13673
17363,519,1782,13527
17363,512,1616,13299
17363,516,1740,13463
17363,530,1623,13526
17363,496,1658,13442
17363,533,1627,13302
17363,512,1762,13447
17363,504,1642,13252
17118,528,1835,13703
17118,506,1753,13351
17118,511,1684,13373
17118,528,1626,13520
17118,516,1806,13533
17118,513,1708,13407
17118,513,1638,13350
17118,501,1648,13211
17118,514,1690,13397
17118,517,1768,13524
17118,513,1680,13389
17118,531,1702,13604
17118,516,1609,13347
17118,514,1703,13399
17118,514,1684,13402
17118,505,1725,13335
17118,518,1654,13430
17118,511,1848,13530
17118,511,1674,13369
17118,530,1647,13546
17363,495,1818,13352
17363,534,1763,13715
17363,513,1745,13448
17363,501,1814,13389
17363,519,1716,13473
17363,513,1765,13473
17363,516,1854,13584
17363,531,1713,13640
17363,515,1722,13446
17363,509,1820,13481
17363,518,1949,13659
17363,508,1653,13282
17363,516,1818,13549
17363,513,1801,13504
17363,513,1710,13426
17363,529,1827,13713
17363,517,1699,13467
17363,513,1732,13439
17363,511,1703,13399
17363,504,1808,13415
17363,523,1931,13717
17363,511,1957,13597
17363,514,1782,13505
17363,520,1710,13510
17363,526,1798,13635
17363,512,1821,13504
17363,519,1826,13538
17363,509,1845,13476
17363,514,1592,13318
17363,515,1589,13319
17363,517,1651,13379
17363,522,1709,13513
17363,522,1610,13425
17363,511,1600,13288
17363,515,1731,13448
17363,505,1519,13117
17363,510,1532,13215
17363,519,1587,13351
17363,513,1598,13306
17363,519,1585,13436
17363,531,1624,13420
17363,510,1588,13259
17363,513,1595,13298
17363,513,1467,13187
17363,504,1581,13160
17363,520,1638,13410
17363,510,1685,13380
17363,535,1570,13558
17363,515,1623,13337
17363,509,1764,13438
17363,515,1673,13385
17363,510,1627,13300
17363,514,1692,13389
17363,511,1588,13259
17363,511,1847,13530
17363,537,1590,13587
17363,517,1656,13377
17363,508,1623,13274
17363,505,1608,13236
17118,511,1702,13438
17118,523,1848,13572
17118,509,1727,13390
17118,511,1724,13422
17118,540,1718,13708
17118,514,1702,13406
17118,509,1606,13269
17118,512,1676,13375
17118,512,1600,13286
17118,512,1572,13259
17118,510,1620,13282
17118,531,1599,13528
17118,523,1965,13743
17118,512,1665,13348
17118,510,1814,13478
17118,514,1661,13357
17118,513,1667,13374
17118,512,1816,13489
17118,512,1693,13395
17118,510,1636,13328
17358,532,1646,13614
17358,515,1741,13450
17358,509,1558,13225
17358,511,1504,13202
17358,513,1687,13392
17358,514,1694,13407
17358,510,1556,13223
17358,510,1558,13233
17358,536,1509,13495
17358,512,1497,13183
17358,503,1587,13193
17358,522,1928,13700
17358,514,1613,13292
17358,515,1456,13184
17358,508,1535,13211
17358,510,1560,13235
17358,513,1584,13304
17358,534,1646,13603
17358,509,1619,13276
17358,517,1573,13346
17118,510,1660,13349
17118,510,1709,13355
17118,515,1998,13709
17118,510,1672,13334
17118,513,1696,13427
17118,538,1782,13777
17118,510,1627,13293
17118,511,1646,13322
17118,505,1713,13326
17118,518,1593,13355
17118,513,1578,13293
17118,510,1690,13365
17118,516,1678,13399
17118,532,1658,13605
17118,518,1557,13306
17118,506,1852,13476
17118,513,1719,13420
17118,511,1663,13341
17118,529,1671,13576
17118,517,1917,13670
17363,512,1789,13504
17363,514,1737,13416
17363,512,1796,13485
17363,513,1496,13209
17363,510,1701,13369
17363,510,1651,13320
17363,514,1648,13368
17363,510,1558,13243
17363,537,1536,13522
17363,514,1782,13449
17363,517,1689,13434
17363,514,1877,13570
17363,516,1849,13535
17363,508,1924,13565
17363,513,1874,13576
17363,512,1564,13253
17363,533,1814,13760
17363,514,1832,13546
17363,506,1724,13341
17363,511,1645,13333
17363,520,1699,13509
17363,512,1646,13297
17363,531,1706,13600
17363,497,1681,13195
17363,535,1588,13554
17363,516,1783,13518
17363,509,1589,13260
17363,511,1771,13444
17363,510,1825,13505
17363,510,1669,13336
17363,513,1734,13458
17363,512,1710,13410
17363,536,1721,13678
17363,510,1597,13273
17363,516,1758,13502
17363,506,1690,13302
17363,511,1753,13442
17363,516,1598,13331
17363,513,1780,13487
17363,512,1776,13475
17363,558,5413,17061
17363,601,21465,32851
17363,604,22231,34015
17363,826,20487,32631
17363,750,18043,30137
17363,628,20648,32285
17363,664,20315,31790
17363,933,16473,28364
17363,870,14523,26188
17363,681,30011,41043
17363,622,50776,62477
17363,709,26398,38860
17363,753,19257,30778
17363,649,20294,32098
17363,679,20132,32508
17363,612,20025,31153
17363,1038,17024,29278
17363,634,15569,27262
17363,677,19853,31727
17363,618,20238,31819
17340,659,20510,32397
17340,636,20071,31563
17340,1276,11365,23668
17340,641,15842,27029
17340,598,20403,32097
17340,698,20001,31573
17340,653,20028,31839
17340,685,20087,32591
17340,588,20334,31967
17340,581,21698,33235
17340,586,22472,34204
17340,590,22502,34226
17340,1696,21646,33686
17340,1007,11978,23949
23194,801,19671,29131
23194,923,19207,23323
38751,1036,18860,23303
38751,963,19051,23386
44791,979,18876,23002
44791,1004,18733,22879
47225,977,18913,22975
47225,1079,18845,23133
47948,955,19481,23780
47948,842,18934,22903
48191,1230,18898,23554
48191,1834,13714,17929
48685,1250,15622,20254
48685,1263,17540,21505
48685,680,14124,18186
48685,1222,15214,19751
48466,881,9051,12839
48466,621,17969,22056
48434,668,19748,24294
48434,571,20781,24229
48410,616,22332,26782
48410,647,24418,28484
48410,973,20493,24713
48410,942,19502,23717
48653,925,19660,23663
48653,971,19495,23673
48678,1151,20700,24785
48678,1009,19899,24726
48678,956,20394,24412
48678,991,19015,22888
51565,729,19894,24105
51565,992,19820,24360
49869,871,20540,24717
49869,911,19934,23844
49140,987,19661,23740
49140,953,19698,23738
58581,837,19730,23922
58581,1069,19895,24702
68214,564,20784,24240
68214,679,18444,23186
86422,638,17811,21900
86422,637,16564,20600
97864,653,9918,13985
97864,644,9851,13793
106252,641,14063,17968
106252,694,7442,11950
124816,640,6839,10815
124816,681,7009,11138
134276,667,6842,10849
134276,663,6802,10973
138608,653,6782,10807
138608,658,6836,10933
139959,655,6768,10824
139959,655,6504,10781
141229,693,5899,9963
141229,643,5258,9258
139571,651,4910,8918
139571,689,4513,8732
136924,664,4151,8260
136924,672,4212,8225
136052,670,4217,8218
136052,676,3744,7907
133884,677,3709,7878
133884,631,3675,7565
133884,686,3687,7925
133884,671,4224,8333
136026,651,4324,8346
136026,664,4291,8402
136989,667,4370,8424
136989,648,4246,8247
136748,668,4328,8457
136748,681,4348,8476
136533,669,4361,8386
136533,676,4122,8282
135810,657,3861,7880
135810,673,3813,7916
135875,675,3839,7999
135875,633,3825,7752
134430,684,3809,8025
134430,679,3729,7848
131563,660,3329,7330
131563,666,3419,7473
129900,666,3424,7488
129900,670,3326,7360
129658,714,3469,7704
129658,668,3302,7353
128936,651,3438,7389
128936,671,4599,8683
135329,652,4805,8894
135329,656,4838,8885
137952,681,4889,9176
137952,628,5986,9790
140051,682,7413,11745
140051,644,7425,11483
142191,647,7554,11575
142191,661,6737,10789
141977,674,6552,10574
141977,687,6254,10578
142673,615,6457,10284
142673,689,5684,9977
140841,649,5292,9271
140841,662,5462,9574
140507,678,5398,9624
140507,643,5299,9258
139811,670,5523,9686
139811,634,5433,9349
140293,679,5241,9463
140293,668,4630,8712
139115,675,4604,8643
139115,674,4264,8415
137014,670,4090,8214
137014,631,5303,9150
140292,667,6098,10352
140292,670,6157,10249
140292,646,5147,9088
140292,662,5119,9212
140748,682,5176,9417
140748,659,5045,9137
139571,644,4389,8386
139571,669,4411,8488
138434,668,4539,8548
138434,681,3852,8032
132223,659,3228,7260
132223,705,3294,7470
131323,642,3908,7879
131323,688,3855,8051
133884,669,3860,7942
133884,675,3966,8106
136533,631,5227,9078
136533,672,5815,9937
137952,654,5728,9929
137952,577,10287,14436
114683,1169,17976,22255
114683,701,19265,23311
84541,592,19775,23737
84541,737,18217,22337
105337,732,9121,13351
105337,682,3889,7810
104681,727,3945,8149
104681,680,3873,7821
105406,715,3907,8139
105406,697,3852,7948
106131,667,3760,7764
106131,658,5315,9361
123430,664,8032,12063
123430,664,7799,11920
136482,644,7811,11797
136482,668,7781,11940
140988,654,7239,11312
140988,686,6852,11117
140507,663,5425,9532
140507,664,3713,7728
135810,671,3728,7848
135810,661,7124,11191
142191,639,8600,12464
142191,676,6474,10738
140533,699,4806,9004
140533,641,4305,8216
139330,675,4357,8568
139330,664,4428,8508
139570,652,4430,8499
139570,665,4393,8517
138459,654,4442,8447
138459,676,4102,8246
136598,660,3734,7749
136598,688,3332,7545
132768,666,3350,7400
132768,660,3987,7970
134848,662,4094,8142
134848,679,4075,8191
134847,660,4108,8169
134847,669,4078,8132
135810,684,4113,8372
135810,644,4070,7964
136598,684,4018,8226
136598,663,3996,8054
137080,674,3910,8042
137080,665,4005,8053
136774,656,4073,8059
136774,694,5415,9605
138218,672,4431,8520
138218,669,4453,8546
138849,649,4323,8329
138849,665,4381,8505
139811,665,4521,8551
139811,664,4372,8457
138848,674,4361,8555
138848,648,4367,8330
138874,679,4517,8728
138874,657,4385,8390
138675,673,4441,8598
138675,681,4454,8516
138674,661,4377,8455
138674,661,4396,8458
140266,656,4437,8489
140266,664,4403,8494
139089,666,4430,8487
139089,696,4541,8645
139879,667,4221,8335
139879,672,4351,8491
139156,662,4381,8490
139156,632,4398,8283
138193,669,4313,8410
138193,712,3976,8249
136989,661,3914,7972
136989,666,4251,8341
138367,644,4455,8441
138367,659,4474,8545
138848,666,4506,8590
138848,661,4538,8599
140748,657,4496,8515
140748,675,4442,8559
140680,663,5181,9316
140680,661,4893,8959
140440,674,4767,9004
140440,676,5000,9044
140292,673,4830,8958
140292,655,4838,8830
141229,660,5907,10036
141229,638,6038,9976
143394,678,9713,13882
143394,652,10137,14116
144742,654,9901,14046
144742,664,9882,14035
145607,641,9683,13626
145607,659,9586,13728
147528,642,9931,13991
147528,672,7488,11724
144742,644,5871,9861
144742,664,4264,8406
139089,671,3806,7893
139089,670,3761,7830
136027,681,3692,7891
136027,651,3804,7920
136051,679,3730,7772
136051,690,4477,8539
119375,716,8360,12455
119375,690,4905,8900
113979,729,4248,8478
113979,701,4184,8223
112343,684,4195,8198
112343,709,4131,8328
110725,687,4129,8183
110725,682,4063,8148
120697,656,3857,7859
120697,686,3907,8129
130180,658,3944,8000
130180,675,3918,8043
134911,638,3948,7869
134911,656,11427,15444
142123,680,12697,16971
142123,653,6987,11065
144527,660,8242,12352
144527,659,9008,13109
144528,639,7388,11330
144528,658,6595,10646
145009,678,6492,10759
145009,635,6463,10390
142844,677,6170,10428
142844,653,3792,7742
136774,686,3312,7498
136774,649,3255,7368
132680,682,3248,7284
132680,668,3450,7478
133908,660,3875,7929
133908,655,3738,7817
136533,665,4243,8365
136533,665,8561,12644
142363,631,8488,12412
142363,665,7499,11688
142363,669,4688,8832
142363,683,4462,8648
140773,633,4213,8112
140773,676,3988,8092
138218,672,3833,7975
138218,686,3939,8134
137471,656,4038,8080
137471,662,3969,8045
138434,664,3972,8046
138434,666,3982,8065
138433,658,4031,8075
138433,666,3987,8062
138674,661,3931,8001
138674,662,4028,8094
138433,662,4006,8082
138433,669,4060,8125
139811,674,4444,8605
139811,672,4834,8965
140989,643,4654,8628
140989,688,3766,7952
139089,654,4278,8337
139089,658,4360,8348
139545,675,4317,8534
139545,667,4265,8378
140988,665,4370,8408
140988,656,4374,8432
140989,653,4283,8296
140989,677,3749,7885
137470,657,3343,7335
137470,679,3337,7462
135304,677,3312,7472
135304,679,3269,7406
135785,663,3307,7346
135785,666,3315,7383
135848,669,3324,7403
135848,668,3280,7336
135126,667,3320,7376
135126,665,3287,7301
134847,678,3288,7398
134847,666,3241,7282
133884,674,3334,7414
133884,672,3301,7417
135784,657,3621,7631
135784,663,4718,8811
140265,681,4682,8938
140265,657,4648,8733
143365,667,4834,8893
143365,661,4677,8766
142845,652,4704,8739
142845,656,4701,8764
143325,662,4797,8859
143325,669,4717,8856
140292,665,3876,7991
140292,670,3707,7828
137886,636,3744,7672
137886,686,3728,7901
136774,653,3757,7783
136774,673,3705,7800
137230,680,3707,7881
137230,643,3670,7621
136332,661,3658,7752
136332,696,3735,7938
137054,648,3672,7724
137054,678,3748,7837
136266,647,3746,7748
136266,675,3725,7845
136989,649,3733,7738
136989,692,3724,7873
121363,660,4492,8359
121363,752,13415,17333
121765,736,7265,11796
121765,677,3483,7466
109444,706,3454,7658
109444,669,3437,7332
105648,701,3448,7574
105648,686,3405,7474
104439,680,3405,7524
104439,673,3411,7512
111116,673,3283,7379
111116,670,3266,7333
122730,693,3541,7593
122730,682,3209,7357
127287,674,3259,7287
127287,675,3249,7331
130334,673,3259,7391
130334,679,3283,7364
128973,667,3261,7280
128973,673,3226,7339
129455,671,3287,7337
129455,664,3286,7290
132084,663,3327,7361
132084,683,3208,7388
129853,658,3252,7266
129853,679,3250,7387
130116,675,3282,7385
130116,672,3242,7356
132744,663,4017,8052
132744,660,4001,8043
135088,666,4010,8085
135088,672,4018,8096
137405,652,3946,7962
137405,661,3862,8010
137886,678,3846,8033
137886,650,3891,7821
136989,679,3848,8042
136989,674,3889,8009
137405,661,3930,7979
137405,672,3918,8006
138192,645,3900,7873
138192,669,3871,8016
137952,666,3865,7986
137952,664,3806,7786
135785,678,3508,7666
135785,673,3412,7532
133948,669,3407,7438
133948,669,3399,7460
132744,657,3406,7401
132744,678,3388,7496
132503,665,3418,7493
132503,667,3291,7365
132527,692,3435,7619
132527,677,3305,7396
132286,663,3354,7427
132286,661,3332,7355
132744,671,3385,7443
132744,664,3363,7413
132198,675,3378,7475
132198,698,4118,8282
137230,658,4110,8188
137230,664,4077,8133
139155,646,4115,8126
139155,673,4098,8255
139611,649,4136,8043
139611,671,3989,8186
139811,652,4100,8137
139811,654,4667,8733
141254,672,4691,8793
141254,660,3692,7812
138608,655,3773,7992
138608,677,3763,7699
136773,658,3757,7799
136773,696,3738,7954
137189,649,3742,7819
137189,677,3757,7850
136508,654,3785,7822
136508,682,3762,7913
135961,636,3721,7679
135961,694,3767,7986
135569,667,3746,7828
135569,649,4261,8178
140051,644,6631,10690
140051,653,6275,10298
143153,676,5918,10169
143153,662,5696,9835
144981,640,7677,11599
144981,655,11713,15801
148249,649,12276,16203
148249,666,11756,15965
148730,643,12005,16066
148730,673,6616,10929
144260,647,4017,7997
144260,681,3800,7902
139785,653,3777,8002
139785,669,4009,7910
140266,654,4333,8397
140266,695,4285,8573
140773,651,4394,8439
140773,663,4483,8542
141642,650,4420,8463
141642,661,4176,8234
137470,660,3358,7415
137470,670,3307,7418
134886,661,3340,7381
134886,667,3345,7445
133948,692,3409,7580
134671,655,3381,7390
134671,722,5175,9311
134671,728,10731,14886
116856,679,3914,7900
111860,697,3558,7705
111860,694,3597,7627
108255,696,3632,7734
108255,712,3593,7750
107047,680,3558,7563
107047,679,3476,7571
107511,664,3544,7588
107511,701,3363,7565
123693,645,3373,7338
123693,686,3429,7566
129636,641,3365,7346
129636,691,3403,7586
131259,653,3424,7401
131259,684,3790,7990
137645,633,4882,8854
137645,664,4701,8815
139544,691,4203,8415
139544,659,4208,8216
140333,660,4123,8254
140333,660,4215,8217
140507,676,4182,8374
140507,643,4217,8193
139330,681,3752,7903
139330,660,3263,7263
134670,690,3250,7419
134670,660,3258,7256
132503,672,3263,7409
132503,665,3318,7264
132527,687,3650,7861
132527,677,3968,8049
136292,640,3951,7947
136292,665,3997,8037
137712,674,3961,8082
137712,658,3952,8063
137471,660,4040,8082
137471,670,3908,7991
137712,649,3982,7998
137712,684,3896,8111
137712,660,3919,7955
137712,680,3978,8107
138915,653,3894,7999
138915,665,3977,8049
137978,659,3897,7933
137978,668,3977,8051
138675,659,3940,7993
138675,667,3940,8024
138433,677,3973,8124
138433,645,3947,7869
139089,667,3944,8030
139089,677,3943,8192
137711,671,3935,8024
137711,665,3932,7961
138434,659,3920,7998
138434,672,3981,8097
137952,665,3976,8047
137952,661,3981,7997
138915,664,3957,8028
138915,657,3924,8029
138848,650,4034,8059
138848,677,3948,8070
141014,661,5516,9665
141014,654,5754,9766
142431,666,5329,9457
142431,674,3744,7890
141469,647,5596,9613
141469,645,6749,10754
144287,660,6728,10868
144287,669,6800,10895
145249,647,6966,10938
145249,654,6625,10687
146424,647,6956,11073
146424,667,6745,10889
145633,655,5720,9828
145633,690,3753,7943
140025,648,3758,7753
140025,682,3821,7969
139611,641,3740,7735
139611,689,3664,7865
137778,670,3709,7830
137778,638,3910,7789
139155,679,4456,8698
139155,652,4366,8330
140507,688,4381,8626
140507,630,4404,8303
140774,688,4335,8596
140774,647,4405,8360
140292,653,4304,8348
140292,684,4508,8698
141642,655,4465,8514
141642,661,4416,8502
141254,655,4283,8272
141254,673,4317,8456
141950,667,4353,8491
141950,667,4312,8422
141228,653,4330,8370
141228,657,5781,9699
143565,671,6775,11035
143565,676,6683,10827
146424,646,6924,10943
146424,662,6784,10912
146567,627,6423,10373
146567,770,7034,11317
126985,709,7077,11162
126985,699,3855,7962
113717,681,3404,7406
113717,711,3485,7652
107321,690,3476,7547
107321,700,3460,7566
105165,668,3419,7406
105165,690,3423,7554
100395,666,3390,7463
100395,669,3268,7379
119433,674,3264,7338
119433,663,3240,7250
128889,662,3855,7890
128889,684,3851,8010
134366,653,3886,7901
134366,694,3866,8061
137431,657,3906,8007
137431,653,3874,7927
137671,662,3861,7917
137671,659,3779,7779
137671,673,3816,7948
137671,675,3825,7958
137015,676,3544,7668
137015,668,3398,7481
134848,666,3381,7433
134848,674,3320,7399
133948,665,3382,7437
133948,633,6841,10496
141495,685,9599,14089
141495,641,6854,10780
142431,662,4108,8208
142431,670,4175,8258
141255,677,4158,8363
141255,657,4146,8191
140748,665,4116,8243
140748,660,4178,8250
140533,650,4190,8203
140533,671,4154,8270
140774,647,4163,8174
140774,670,4189,8283
140532,651,4233,8294
140532,689,4139,8367
139329,651,3932,7952
139329,666,3226,7284
133948,677,3289,7365
133948,671,3261,7312
134253,658,3336,7340
134253,686,3230,7394
130598,677,3230,7372
130598,686,3279,7363
131299,659,3198,7246
131299,665,3223,7267
131081,678,3333,7410
131081,670,3171,7265
132744,654,3268,7272
132744,681,3324,7410
130576,680,3249,7414
130576,650,3292,7266
130777,693,3317,7522
130777,668,3199,7275
130777,648,3181,7184
130777,680,3880,7978
134782,652,3933,7950
134782,674,3940,8050
136748,686,3868,8064
136748,674,3980,8034
138607,660,3916,7981
138607,658,3888,7978
138127,667,3891,7973
138127,655,4009,7964
138367,675,3901,8074
138367,669,4007,8107
138433,660,3929,7959
138433,647,3878,7914
138607,661,3886,7940
138607,671,3905,8003
137951,679,3890,8104
137951,646,3900,7830
137952,684,3929,8142
137952,657,4293,8297
140292,654,4428,8538
140292,669,4578,8662
142191,655,4559,8611
142191,652,4479,8493
142432,666,4104,8250
142432,676,3561,7649
137230,680,3637,7809
137230,652,3637,7622
136026,687,3626,7814
136026,664,3662,7712
136267,659,3607,7676
136267,676,3561,7680
135634,661,3599,7635
135634,633,4030,7965
139155,686,4209,8380
139155,677,4186,8338
140052,648,4140,8171
140052,666,4300,8379
140988,650,4207,8202
140988,668,4202,8351
140841,680,4187,8378
140841,653,4099,8130
140840,659,4166,8256
140840,659,4093,8148
141056,663,4173,8259
141056,679,4247,8362
130359,645,4393,8276
130359,769,11828,15949
126346,733,9438,13706
126346,707,4192,8324
118709,670,4214,8143
118709,723,4171,8401
115166,696,4158,8240
115166,687,4139,8240
116856,657,4089,8034
116856,673,4002,8135
129877,667,3989,8090
129877,675,4104,8209
136051,657,4077,8121
136051,654,3997,7978
138433,696,4012,8286
138433,636,5358,9255
142191,651,5976,10052
142191,670,6160,10313
144287,665,5469,9665
144287,641,5194,9083
144116,665,5063,9261
144116,676,5085,9212
144357,638,5181,9215
144357,656,5127,9203
144115,657,5060,9138
144115,664,4414,8485
142431,674,4333,8512
142431,665,4360,8425
141469,662,4235,8330
141469,674,3849,7938
140506,663,4303,8418
140506,670,4395,8496
141642,655,4527,8585
141642,643,4588,8566
141882,683,4559,8766
141882,660,4188,8234
140507,644,3679,7627
140507,674,3585,7687
137164,688,3654,7866
137164,653,3638,7643
135480,684,3648,7789
135480,671,3608,7682
136467,660,3686,7681
136467,721,3766,7908
135544,675,3667,7791
135544,644,3618,7585
135088,671,3655,7710
135088,679,3618,7741
136267,661,3519,7629
136267,683,3661,7780
134848,668,3633,7741
134848,659,3610,7633
135088,666,3667,7718
135088,659,5439,9465
140920,644,7939,11910
140920,666,8078,12282
144912,670,7794,12044
144912,660,7887,11957
147075,632,8079,12004
147075,660,8048,12082
147556,661,7878,12091
147556,671,7874,12041
148249,631,7811,11783
148249,686,7150,11398
145703,654,4726,8759
145703,679,4201,8325
144768,623,6218,10031
144768,664,8017,12219
146184,659,5691,9797
146184,646,4859,8900
144527,687,4825,9059
144527,672,4803,8946
143806,643,4775,8708
143806,682,4734,8934
144570,644,4892,8880
144570,660,4725,8754
142123,666,4119,8263
142123,692,4214,8432
141642,645,4154,8150
141642,664,4192,8270
141469,666,4225,8304
141469,660,4420,8509
143084,653,6412,10453
143084,678,6382,10538
144287,657,5422,9533
144287,667,5236,9389
144528,650,4798,8756
144528,657,4468,8539
144116,655,4494,8538
144116,663,4502,8601
143222,657,4553,8625
143222,662,4484,8567
143848,687,4541,8764
143848,649,4360,8326
141950,684,4057,8282
141950,638,4091,7967
141563,694,4128,8354
141563,658,4000,8097
140774,644,4099,8003
140774,692,3973,8251
133708,653,4038,8002
133708,760,9750,13831
123693,726,7078,11315
123693,671,3318,7300
109927,705,3412,7550
109927,698,3399,7476
106132,705,3431,7587
106132,679,3439,7430
104198,687,3423,7492
104198,666,3368,7428
104681,674,3263,7379
104681,679,3266,7259
120858,682,3217,7422
120858,673,3223,7334
126744,667,3255,7242
126744,681,3214,7355
130092,650,3236,7250
130092,681,3246,7330
130092,659,3192,7244
130092,675,3261,7302
131756,699,3309,7522
131756,651,3266,7226
130118,663,3245,7296
130118,712,3305,7550
130055,658,3239,7277
130055,664,3248,7284
131081,674,3277,7330
131081,669,3261,7316
133402,653,3515,7547
133402,666,3877,7946
136266,684,3914,8136
136266,670,3928,7981
137886,667,3917,8018
137886,670,3922,8022
138649,663,3903,7956
138649,679,3745,7859
136026,666,3444,7549
136026,637,3438,7530
133884,696,3438,7502
133884,652,3369,7387
133884,669,3429,7487
133884,649,3662,7662
137645,691,4173,8378
137645,634,4013,7988
139544,684,4182,8377
139544,651,4064,8144
140506,653,4075,8090
140506,669,4022,8165
140988,652,4103,8120
140988,661,4054,8122
138608,660,3799,7856
138608,681,3788,7920
139570,648,4195,8227
139570,672,4155,8290
140292,666,4146,8276
140292,663,4536,8616
144741,663,15927,20052
144741,626,17254,20850
147982,671,17537,22108
147982,648,16949,21082
149564,650,17497,21450
149564,654,16521,20645
149592,657,9707,13913
149592,656,7639,11672
147118,644,5386,9343
147118,647,5460,9506
146424,667,5412,9529
146424,656,5484,9518
146183,672,5557,9825
146183,668,5458,9528
144260,642,4797,8806
144260,675,3701,7805
139785,671,3646,7841
139785,658,3709,7676
137711,660,3707,7761
137711,665,3835,7925
140988,690,5276,9491
140988,634,5106,9040
142913,685,5148,9390
142913,646,5066,9049
144527,672,5167,9279
144527,647,4724,8753
142844,679,4227,8404
142844,650,3424,7367
136708,677,3429,7584
136708,670,3390,7524
134607,655,3395,7400
134607,673,3403,7527
134822,675,3639,7775
134822,651,4774,8798
140266,653,4787,8846
140266,674,4741,8933
142163,653,4245,8239
142163,670,4234,8329
141682,650,4194,8237
141682,666,4211,8257
140747,665,4201,8332
140747,688,4196,8413
141229,665,4182,8238
141229,651,4283,8270
141469,677,4326,8502
141469,649,4790,8797
140988,678,3989,8167
140988,642,3955,7913
139156,679,4005,8190
139156,642,3929,7861
133467,693,4439,8644
133467,734,9940,13700
125298,723,8455,12826
125298,691,4502,8478
119595,731,4431,8720
119595,716,4489,8584
117503,686,4494,8548
117503,677,4432,8476
120617,676,4432,8505
120617,661,4237,8352
133402,666,4344,8390
133402,665,4243,8302
137952,658,4222,8295
137952,671,4222,8344
140507,647,4214,8201
140507,685,4135,8356
140507,652,4464,8506
140507,670,3392,7396
136774,669,3508,7635
136774,653,8237,12240
143539,659,9862,13921
143539,651,9875,13865
146808,652,9727,13840
146808,679,6855,11195
145463,660,4872,8979
145463,666,4919,9015
141950,640,4027,7976
141950,670,3744,7804
138849,680,3707,7917
138849,642,3704,7638
138126,677,3769,7946
138126,685,3784,7913
138434,695,3855,7968
138434,771,4413,8333
139879,679,4326,8459
139879,666,4418,8517
140988,652,4397,8453
140988,686,4327,8552
141496,632,4339,8240
141496,668,4198,8322
140292,679,3856,8043
140292,672,3828,7928
139089,686,4160,8044
139089,743,7064,11384
144981,644,7462,11490
144981,663,7121,11241
146905,639,7118,11078
146905,665,7061,11196
146113,648,7134,11109
146113,665,7118,11250
146905,654,7166,11243
146905,648,7203,11307
146905,674,6488,10653
146905,674,6049,10270
145943,657,5189,9235
145943,661,4417,8508
143325,650,4389,8387
143325,659,4831,8899
144768,643,6737,10817
144768,661,6637,10719
144912,675,6703,10934
144912,634,6807,10674
146156,652,6707,10803
146156,653,6755,10823
145462,670,4950,9101
145462,687,4835,9075
144501,632,4888,8783
144501,656,4755,8819
144741,692,4864,9103
144741,637,4731,8678
144570,679,4681,8928
144570,650,4751,8719
144500,663,4825,8949
144500,674,4848,8985
143806,652,4789,8792
143806,695,4260,8468
143634,677,10502,14266
143634,666,18131,22284
147555,655,18316,22023
147555,712,28003,32700
150072,648,18352,22342
150072,662,18361,22176
149520,653,16362,20596
149520,645,16403,20534
150311,675,16282,20662
150311,639,16233,19976
150960,693,15018,19408
150960,654,9055,13116
149379,640,8814,12821
149379,663,4955,9061
146327,674,4565,8786
146327,639,4609,8527
144741,668,4587,8649
144741,661,4494,8594
143565,670,4468,8630
143565,674,4447,8585
142604,653,4589,8620
142604,659,4594,8676
124876,743,5309,9487
124876,676,5744,9610
121764,726,5047,9337
121764,708,4051,8170
112564,689,3378,7461
112564,687,3372,7436
107805,682,3423,7453
107805,691,3355,7430
104489,673,3307,7451
104489,677,3346,7356
118283,665,3253,7274
118283,672,3455,7532
129698,658,3841,7877
129698,671,3910,8002
136748,652,5126,9100
136748,660,13821,18049
144741,646,12721,16654
144741,649,8445,12462
146595,679,8421,12855
146595,664,8545,12667
148249,625,8503,12401
148249,679,8453,12705
149210,633,8515,12516
149210,663,8447,12551
149762,640,8527,12547
149762,665,8242,12389
149210,638,8777,12684
149210,664,8281,12410
148730,646,8739,12740
148730,685,7553,11933
147796,654,6197,10213
147796,647,5761,9818
145462,680,5082,9318
145462,656,5057,9130
144838,682,4417,8550
144838,636,4388,8280
143154,660,4426,8548
143154,654,6164,10140
146184,661,6066,10239
146184,676,5183,9387
141736,660,3724,7761
141736,658,3662,7724
138915,668,3739,7799
138915,668,3713,7782
137736,682,3726,7917
137736,661,3635,7720
136989,649,3672,7609
136989,696,3714,7958
136989,657,3717,7736
136989,669,3698,7794
136923,659,3650,7724
136923,672,3764,7811
137230,681,3751,7925
137230,637,3733,7667
136989,672,3783,7858
136989,670,3798,8035
137926,687,3723,7758
137926,658,3712,7704
138889,664,3739,7889
138889,679,3787,7873
138166,642,3764,7751
138166,682,3706,7833
138674,664,3741,7823
138674,657,4304,8415
140507,654,4391,8384
140507,674,4409,8542
141950,651,4395,8436
141950,662,4450,8527
141950,678,4432,8648
141950,672,4329,8435
142123,651,4378,8421
142123,661,4443,8507
143085,652,4397,8447
143085,659,4317,8418
142672,664,4506,8527
142672,667,4455,8579
142913,649,4424,8461
142913,666,4432,8545
142191,679,4416,8632
142191,635,4491,8394
141710,686,4299,8564
141710,671,3976,8042
140748,655,3886,7934
140748,669,3933,8036
139570,666,3977,8051
139570,664,3954,7990
140266,648,3907,7927
140266,657,4295,8410
141469,676,4420,8536
141469,652,4083,8073
141469,669,4133,8254
141469,661,3736,7835
137952,681,3678,7825
137952,636,8840,12693
145676,650,10529,14563
145676,671,9839,14242
146636,637,6122,10062
146636,670,5983,10055
147358,651,6105,10115
147358,659,5977,10148
147145,681,6136,10392
147145,656,5536,9446
127069,744,6200,10292
119433,709,4111,8330
119433,702,3393,7513
109927,667,3374,7349
109927,718,4046,8203
111619,679,4071,8052
111619,724,4133,8341
112101,659,4010,7990
112101,684,4055,8154
121845,667,3954,8024
121845,673,3960,8056
132744,674,3891,8062
132744,652,4029,7949
132744,669,4325,8519
140292,652,5699,9709
140292,662,5731,9825
144260,651,5876,9862
144260,658,5652,9840
144356,658,5720,9739
145291,675,5767,9977
145291,680,4783,8960
142337,658,3731,7774
142337,658,3699,7790
138607,661,3760,7800
138607,670,3781,7854
138126,659,3764,7799
138126,680,3640,7843
137229,670,3726,7822
137229,650,3740,7664
139130,655,3730,7753
139130,693,3699,7979
137712,658,3740,7777
137712,668,3733,7773
137671,674,3766,7857
137671,658,3647,7738
136989,662,3728,7749
136989,661,3673,7905
137645,686,3883,7911
137645,668,9525,13677
144191,633,10674,14582
144191,666,11136,15310
147005,643,11043,15102
147005,642,10641,14695
148008,682,7431,11695
148008,615,7495,11296
147768,687,6098,10432
147768,650,4482,8487
144501,671,4335,8494
144501,648,4077,7990
141950,678,4063,8288
141950,674,4011,8113
140506,666,4011,8112
140506,656,4036,7975
144500,660,11326,15407
144500,666,16981,21072
148461,641,17948,22010
148461,649,17062,21171
150143,663,13500,17701
150143,654,5244,9362
146636,654,4633,8621
146636,661,4478,8560
144981,683,5076,9308
144981,631,5725,9580
145943,685,5743,10010
145943,658,5527,9640
145633,652,5428,9517
145633,658,4002,8032
140507,673,3761,7834
140507,663,3706,7790
138915,660,3697,7687
138915,665,3699,7817
137952,666,3730,7790
137952,671,3688,7783
138500,693,3766,7961
138500,664,3672,7772
137470,663,3742,7793
137470,672,3735,7829
138259,659,3729,7736
138259,662,3636,7724
136773,662,3722,7771
136773,673,3715,7833
138017,659,3761,7792
138017,684,3720,7868
137952,661,3711,7840
137952,646,3707,7623
136949,688,3638,7877
136949,665,3692,7728
138193,647,3623,7667
138193,683,3710,7848
137230,656,3611,7657
137230,657,3658,7697
137405,674,3705,7855
137405,661,3730,7702
137886,684,3692,7923
137886,646,3719,7631
138849,675,3680,7878
138849,670,3658,7764
137496,660,3674,7716
137496,671,3733,7827
137886,663,3715,7775
137886,661,3688,7787
136924,655,3751,7775
136924,677,3733,7835
118708,731,6393,10522
118708,727,8397,12533
122306,706,6370,10478
122306,674,3685,7617
111860,708,3609,7829
111860,688,3573,7623
108288,696,3661,7769
108288,687,3557,7666
106323,661,3530,7505
106323,672,3347,7415
123512,700,3395,7596
123512,647,3308,7253
130334,669,3390,7448
130334,666,3325,7425
132655,682,3361,7509
132655,670,3293,7417
133378,654,3326,7333
133378,686,3997,8182
138127,647,4725,8772
138127,656,4101,8141
138889,660,3737,7765
138889,667,3679,7789
140988,679,4981,9139
140988,657,5410,9517
143470,641,6274,10232
143470,685,5743,9953
144671,641,5547,9572
144671,652,5060,9069
145222,646,4836,8874
145222,708,4914,9231
142123,639,3806,7741
142123,661,3674,7751
138582,674,3715,7822
138582,672,4040,8134
140507,648,4476,8474
140507,688,4472,8739
141229,656,4406,8473
141229,671,4283,8394
142577,636,4447,8391
142577,672,4263,8454
142817,661,4412,8447
142817,669,4156,8270
141709,656,3810,7838
141709,661,3791,7887
140507,658,3882,7926
140507,678,3865,7978
139544,663,3897,7958
139544,660,4268,8294
141469,676,4489,8725
141469,638,4561,8480
143634,672,5387,9535
143634,664,5716,9778
144500,646,5018,9077
144500,680,4761,8995
143806,659,4838,8888
143806,660,4831,8890
143806,658,4767,8815
143806,658,4758,8827
144528,662,4850,8892
144528,663,4702,8830
145633,655,8501,12410
145633,660,8588,13033
146834,660,7738,11691
146834,666,7650,11757
145489,662,4843,8954
145489,668,4760,8880
145702,645,4767,8816
145702,664,4783,8825
144597,653,4725,8803
144597,670,4685,8806
144768,642,4814,8814
144768,664,4713,8838
144260,683,4769,8985
144260,634,4767,8687
144260,681,4813,9020
144260,665,4882,8986
144837,659,4894,8931
144837,670,4702,8831
144329,643,4743,8760
144329,653,5907,9859
145702,666,5758,9976
145702,656,4917,8953
144287,672,4896,9087
144287,667,4265,8367
142363,656,4288,8333
142363,668,4298,8380
142431,666,4243,8366
142431,672,4217,8313
142122,637,4358,8284
142122,663,4292,8373
143127,685,4270,8422
143127,654,3814,7884
140748,676,3892,8077
140748,678,3980,8085
139303,657,3861,7901
139303,670,3802,7902
139785,650,3814,7817
139785,671,3800,7904
141469,640,5125,9084
141469,658,5645,9703
143393,654,4292,8560
143393,738,6826,10834
127949,715,10781,14971
127949,675,3767,7755
114200,715,3537,7713
114200,663,3457,7418
107047,699,3439,7592
107047,701,3468,7565
104681,684,3367,7432
104681,692,3355,7493
99671,700,3872,7874
99671,1174,10052,14376
92958,696,18884,22748
92958,737,20709,24892
93864,703,12702,16839
93864,708,5843,10045
90069,702,5736,9859
90069,700,5807,9919
88901,677,5756,9749
88901,716,5885,10048
87932,683,5802,9839
87932,677,5860,9838
88175,698,5924,10011
88175,702,5803,9912
88417,683,5780,9792
88417,698,5630,9749
87932,712,5804,10012
87932,671,5753,9685
87690,687,5835,9862
87690,983,5237,9416
77669,1332,7563,11934
77669,1589,7534,11810
71453,1306,6242,10335
71453,1397,5958,10193
69035,1363,6838,11078
69035,1188,9113,13367
68294,1089,13189,17174
68294,1060,15969,20260
67775,1048,15593,19628
67775,934,17796,22299
70839,537,15821,19769
70839,830,6966,11921
70631,501,2579,6787
70631,528,1696,5849
69705,505,1615,5642
69705,518,1776,5826
69462,508,1853,5880
69462,518,1665,5741
69220,534,1848,6018
69220,516,1889,5950
69220,506,1893,5911
69220,517,1946,6019
69220,507,1982,6000
69220,520,2028,6104
69232,503,2028,6039
69232,518,2026,6097
69220,532,1994,6165
69220,521,2046,6119
68977,506,2013,6025
68977,517,2000,6071
68977,505,1998,6025
68977,520,1933,5985
68977,507,2005,6044
68977,516,1958,6017
68977,529,1911,6071
68977,523,1943,6017
68977,509,1877,5918
68977,521,2021,6064
68977,519,2116,6154
68977,519,1899,5973
68977,528,1904,6056
68977,494,1834,5778
68977,530,1867,6027
68977,520,1777,5853
68989,510,2010,6029
68989,516,1886,5949
68989,514,2059,6093
68989,517,1966,6031
68977,506,1870,5896
68977,515,1861,5920
68977,530,1953,6116
68977,521,1995,6066
68977,505,1920,5940
68977,518,1991,6063
68977,505,2015,6036
68977,521,1994,6070
68977,527,1916,6057
68977,498,2000,5949
68977,532,1896,6051
68977,520,1906,5986
68977,507,1964,5988
68977,518,1866,5936
68977,505,1908,5931
68977,518,1940,6012
68977,511,1791,5823
68977,513,1914,5964
68977,532,1843,6019
68977,524,2133,6187
59593,509,1934,5976
59593,515,1893,5958
52574,505,1983,5997
52574,521,1900,5977
50172,508,1985,6019
50172,515,1917,5982
49441,527,1972,6118
49441,523,1910,5998
48710,508,1950,5977
48710,518,1903,5981
48710,506,2034,6054
48710,519,1979,6039
48710,509,1980,6015
48710,515,1988,6047
48710,531,1872,6043
48710,517,1974,6034
48710,504,1933,5945
48710,517,1818,5894
48710,507,1875,5889
48710,521,1914,5988
48710,504,1937,5951
48710,518,1883,5957
48710,531,1940,6113
48710,520,2013,6066
48710,506,1843,5864
48710,520,1864,5953
48710,506,1881,5900
48710,517,1898,5951
48710,508,1969,5998
48710,541,2622,6778
48710,521,2046,6160
48710,515,2066,6100
48710,509,1981,6026
48710,516,1972,6029
48710,507,1984,6019
48710,516,2024,6089
48710,507,1887,5915
48710,517,1996,6066
48710,585,5222,9108
48710,616,8854,13243
48475,505,2144,6135
48475,521,2064,6152
48467,511,1981,6017
48467,516,1776,5830
48710,507,1901,5927
48710,520,1740,5807
48467,528,1837,5982
48467,522,1890,5963
48710,509,1807,5841
48710,521,1790,5866
48467,505,1891,5896
48467,524,1864,5959
46762,516,1971,7104
46762,539,1794,13619
32228,496,1936,13457
32228,531,1922,13779
25647,523,1921,13753
25647,505,1978,13557
23218,519,1864,13672
23218,504,1982,13807
22240,518,1930,13434
22240,531,1951,13846
21996,497,1984,13526
21996,529,1967,13800
21996,516,1994,13772
21996,510,2015,13642
21996,519,2011,13832
21996,504,2023,13555
21996,525,2020,13887
21996,518,1930,13662
21996,505,1993,13622
21996,531,1986,13816
21996,521,2044,13873
21996,494,2037,13794
21752,528,1999,13628
21752,503,2010,13559
21507,517,2021,13807
21507,535,1941,13835
21757,496,2018,13530
21757,534,2053,13928
21507,516,2017,13789
21507,508,2002,13613
21507,520,1976,13781
21507,508,2004,13571
21752,520,1978,13781
21752,527,1987,13840
21752,502,1966,13549
21752,526,1863,13678
21752,523,1946,13791
21752,496,1906,13353
21752,531,1902,13846
21752,526,1980,13762
21752,503,1914,13523
21752,523,1997,13786
21507,507,1943,13607
21507,520,1843,13581
21507,522,1858,13692
21507,494,1962,13429
21507,532,1887,13833
21507,520,1810,13556
21507,502,1867,13470
21507,523,1857,13676
21522,501,2020,13553
21522,533,1963,13838
21522,503,1743,13341
21522,523,1913,13725
21032,527,1914,13718
21032,503,1872,13427
21032,516,1889,13595
21032,535,1818,13786
21032,515,1860,13574
21032,513,1862,13541
21032,514,1884,13589
21032,509,1983,13659
21032,511,1966,13639
21032,513,2010,13682
21032,537,1859,13856
21032,508,1925,13590
21032,515,1917,13649
21032,510,1849,13496
21032,513,1904,13617
21032,512,1957,13654
21032,512,1817,13494
21032,540,1980,13955
21032,513,1934,13658
21032,511,1925,13590
18097,498,1794,13318
18097,530,1985,13849
18097,514,1906,13610
18097,517,1955,13637
18097,513,1834,13547
18097,514,1968,13662
18097,535,1774,13754
18097,511,2007,13670
18097,513,1932,13634
18097,519,2060,13759
18097,514,1931,13642
18097,511,1832,13509
18097,512,1883,13584
18097,512,1945,13598
18097,536,1967,13956
18097,513,1864,13564
18097,511,1978,13651
18097,514,1948,13649
18097,512,1924,13622
18097,509,1873,13542
17846,522,1994,13798
17846,508,2006,13606
17846,538,2002,13990
17846,511,1931,13595
17846,505,1994,13610
17846,526,2045,13822
17846,519,1983,13677
17846,508,2038,13683
17846,516,1735,13485
17846,537,1759,13710
17846,514,1893,13613
17846,512,1859,13550
17846,509,1744,13415
17846,519,1867,13573
17846,515,1657,13387
17846,503,1911,13520
17846,516,1853,13598
17846,514,2039,13720
17846,538,1816,13823
17852,495,1978,13520
17852,532,2016,13847
17852,514,1929,13641
17852,515,1984,13679
17852,516,2037,13735
17852,510,1892,13544
17852,516,1937,13939
17852,536,1838,13523
17852,506,2014,13638
17852,517,1934,13684
17852,515,1893,13606
17852,511,1854,13541
17852,512,1989,13688
17852,514,1799,13477
17852,514,1919,13620
17852,537,1952,13947
17852,509,1872,13555
17852,512,1894,13580
17852,516,1934,13622
17852,513,1849,13548
17852,505,1953,13599
17852,518,2039,13751
17852,519,1884,13628
17852,535,2003,13952
17852,514,1940,13641
17852,511,2026,13704
17852,515,1928,13626
17852,511,1884,13565
17852,513,1982,13676
17852,513,1969,13677
17852,510,1950,13634
17852,537,2020,14005
17852,512,1900,13595
17852,510,1901,13548
17852,513,1933,13639
17852,514,1800,13511
17852,511,1953,13638
17852,531,1833,13755
17852,516,1913,13650
17852,514,1894,13599
17852,512,1962,13661
17852,512,1805,13462
17852,513,1661,13371
17852,514,1849,13555
17852,518,1903,13614
17852,511,1816,13468
17852,518,1928,13666
17852,532,1965,13892
17852,514,1768,13479
17852,506,1831,13426
17852,519,1698,13477
17852,509,1904,13571
17852,514,1645,13349
17852,530,1866,13772
17852,516,1792,13522
17852,515,1802,13537
17852,512,1897,13579
17852,513,1930,13631
17852,512,1773,13454
17852,509,1666,13333
17602,523,1816,13637
17602,525,1772,13590
17602,496,1798,13299
17602,538,1979,13914
17602,514,1998,13696
17602,513,2002,13696
17602,514,1997,13678
17602,511,1985,13642
17602,514,1764,13474
17602,530,1896,13803
17602,518,1888,13653
17602,509,1904,13563
17602,516,1929,13675
17602,505,1867,13475
17602,517,1870,13615
17602,515,1727,13460
17602,511,1775,13473
17602,515,1939,13651
17602,512,1969,13625
17602,533,1847,13802
17363,508,1908,13555
17363,512,1977,13616
17363,518,1884,13655
17363,513,2038,13723
17363,515,1936,13646
17363,530,1866,13787
17363,517,2019,13762
17363,513,1981,13705
17363,511,2035,13694
17363,508,1998,13637
17363,517,1881,13637
17363,509,2022,13680
17363,514,2028,13760
17363,533,1894,13825
17363,493,1919,13396
17363,532,1794,13731
17363,515,1874,13619
17363,510,1886,13533
17363,514,1918,13609
17363,511,1730,13412
17118,519,1741,13539
17118,526,1892,13707
17118,515,1996,13727
17118,512,1984,13676
17118,515,1841,13538
17118,506,1826,13455
17118,518,1802,13568
17118,512,1809,13484
17118,512,1843,13539
17118,524,1988,13791
17118,504,1946,13836
17118,535,1886,13571
17118,509,1827,13504
17118,521,1884,13660
17118,510,2049,13656
17118,511,1848,13537
17118,517,1925,13636
17118,530,1852,13774
17118,517,1938,13671
17118,491,1752,13209
17118,520,1875,13687
17118,523,1823,13603
17118,516,1696,13447
17118,512,1815,13487
17118,519,2054,13763
17118,529,1859,13763
17118,511,1957,13629
17118,517,1925,13688
17118,514,1794,13520
17118,506,1825,13438
17118,518,1781,13541
17118,512,1799,13491
17118,508,1805,13459
17118,534,1896,13844
17118,494,1844,13605
17118,534,1687,13372
17118,512,1666,13354
17118,509,1910,13554
17118,518,1798,13550
17118,513,1822,13528
17358,521,1840,13667
17358,501,1667,13177
17358,540,1948,13957
17358,515,1956,13647
17358,511,1763,13436
17358,511,1974,13654
17358,518,1936,13687
17358,515,1879,13585
17358,509,1913,13562
17358,510,1902,13561
17358,517,1889,13628
17358,512,1961,13950
17358,533,1971,13626
17358,512,1764,13446
17358,509,1788,13459
17358,514,1822,13547
17358,509,1790,13453
17358,532,1728,13668
17358,493,1870,13337
17358,536,1651,13630
17363,495,1923,13409
17363,528,1925,13764
17363,516,1743,13472
17363,514,2030,13752
17363,512,1781,13446
17363,519,1812,13566
17363,533,1806,13742
17363,510,1758,13432
17363,512,1858,13553
17363,520,1937,13695
17363,500,1864,13403
17363,522,1917,13726
17363,509,1891,13539
17363,511,1854,13821
17363,517,1889,13342
17363,533,1909,13878
17363,511,1797,13475
