nvml:nvidia_geforce_gtx_970_0,rapl:ram,rapl:cores,rapl:pkg
17368,948,4736,18148
17368,514,1720,13425
17368,512,1618,13271
17368,509,1591,13241
17368,519,1623,13336
17368,514,1569,13285
17368,512,1519,13194
17368,539,1456,13415
17368,514,1366,13082
17368,513,1482,13157
17368,520,1527,13302
17368,507,1434,13053
17368,514,1532,13226
17363,518,1592,13363
17363,510,1634,13255
17363,537,1467,13438
17363,514,1513,13208
17363,513,1282,12973
17363,513,1317,12999
17363,512,1340,13031
17363,520,1547,13263
17363,528,1364,13248
17363,500,1429,12948
17363,532,1357,13281
17363,517,1473,13151
17363,516,1218,12952
17363,512,1167,12850
17363,512,1462,13147
17363,514,1485,13173
17363,513,1480,13195
17363,529,1484,13375
17363,495,1426,13183
17363,540,1453,13173
17363,499,1526,13057
17363,530,1496,13362
17363,510,1437,13105
17363,516,1336,13045
17363,513,1287,12987
17363,530,1495,13367
17363,496,1296,12785
17363,538,1494,13468
17363,516,1394,13119
17363,514,1286,13001
17363,513,1289,12971
17363,510,1418,13077
17363,515,1409,13123
17363,528,1361,13255
17363,495,1405,12869
17363,517,1438,13179
17363,536,1334,13279
17363,529,1636,13230
17363,522,1577,13355
17363,515,1460,13174
17368,520,1363,13166
17368,507,1443,13002
17368,514,1739,13449
17368,515,1467,13157
17368,539,1335,13322
17368,513,1334,13030
17368,513,1363,13046
17368,514,1384,13038
17368,515,1634,13357
17368,513,1435,13120
17368,514,1367,13071
17368,513,1447,13113
17368,539,1427,13423
17368,512,1280,12977
17368,514,1347,13010
17368,515,1329,13027
17368,514,1407,13112
17368,510,1398,13066
17368,520,1574,13315
17368,511,1584,13232
17368,514,1545,13270
17368,541,1418,13401
17368,510,1449,13098
17368,517,1408,13138
17368,512,1369,13067
17368,519,1452,13186
17368,509,1380,13022
17368,515,1532,13222
17368,510,1495,13463
17368,515,1550,13285
17368,536,1350,13015
17368,519,1550,13260
17368,510,1478,13130
17368,506,1438,13067
17368,525,1502,13319
17368,511,1418,13072
17368,512,1592,13275
17368,537,1393,13359
17368,515,1351,13063
17363,506,1405,13076
17363,526,1442,13208
17363,511,1431,13090
17363,513,1471,13177
17363,517,1459,13150
17363,510,1342,13007
17363,517,1401,13142
17363,536,1357,13332
17363,516,1302,13004
17363,513,1426,13104
17363,509,1344,12991
17363,515,1348,13071
17363,517,1479,13174
17363,515,1444,13146
17363,535,1347,13297
17363,514,1435,13130
17363,517,1392,13116
17363,515,1660,13374
17363,511,1534,13213
17363,516,1516,13214
17363,510,1478,13152
17363,519,1427,13152
17363,513,1360,13051
17363,511,1604,13281
17363,533,1523,13447
17363,512,1512,13184
17363,518,1362,13095
17363,514,1366,13078
17363,507,1415,13011
17363,520,1473,13249
17363,510,1334,13020
17363,538,1420,13396
17363,515,1281,12975
17363,507,1351,12981
17363,517,1295,13031
17363,515,1402,13121
17363,514,1404,13098
17363,515,1510,13225
17363,509,1473,13132
17363,515,1625,13326
17374,530,1602,13362
17374,536,1409,13350
17374,511,1351,13007
17374,513,1366,13066
17374,517,1356,13060
17374,512,1317,13015
17374,512,1364,13038
17374,516,1352,13073
17374,519,1531,13270
17374,535,1484,13389
17374,513,1343,13044
17374,512,1345,13036
17374,507,1420,13051
17374,522,1298,13072
17374,512,1320,13012
17374,512,1427,13104
17374,516,1423,13154
17374,537,1478,13457
17374,512,1373,13062
17374,513,1406,13076
17368,524,1367,13179
17368,504,1408,12979
17368,513,1415,13110
17368,510,1363,13038
17368,518,1337,13059
17368,528,1455,13351
17368,522,1448,13222
17368,512,1446,13128
17368,515,1728,13421
17368,515,1603,13319
17368,512,1465,13146
17368,512,1492,13171
17368,517,1439,13184
17368,515,1369,13078
17368,535,1456,13397
17368,509,1434,13105
17368,517,1379,13081
17368,512,1320,13012
17368,504,1441,13024
17368,523,1365,13162
17363,521,1307,13099
17363,524,1276,13072
17363,522,1266,13051
17363,511,1365,13035
17363,517,1392,13115
17363,512,1307,12982
17363,514,1492,13204
17363,510,1370,13040
17363,517,1279,13000
17363,513,1368,13056
17363,514,1384,13083
17363,536,1343,13303
17363,519,1523,13238
17363,514,1302,13001
17363,509,1364,13013
17363,514,1435,13128
17363,518,1314,13041
17363,511,1354,13033
17363,514,1291,13001
17363,539,1392,13343
17607,496,1346,12859
17607,528,1289,13137
17607,518,1327,13065
17607,514,1418,13126
17607,512,1385,13062
17607,514,1283,12994
17607,513,1356,13031
17607,515,1370,13374
17607,536,1355,13027
17607,514,1388,13098
17607,512,1289,12970
17607,512,1354,13052
17607,513,1408,13079
17607,516,1299,13013
17607,511,1356,13040
17607,536,1395,13346
17607,519,1377,13089
17607,512,1323,13004
17607,514,1343,13069
17607,511,1429,13078
17368,523,1420,13265
17368,504,1352,12930
17368,514,1289,12986
17368,536,1179,13138
17368,514,1321,13029
17368,514,1258,12960
17368,505,1389,12977
17368,520,1391,13175
17368,519,1554,13263
17368,516,1600,13304
17368,513,1387,13087
17368,509,1241,12895
17368,536,1320,13249
17368,518,1325,13074
17368,504,1330,12914
17368,522,1308,13097
17368,512,1440,13110
17368,517,1322,13062
17368,511,1392,13063
17368,537,1408,13369
17368,499,1471,12969
17368,538,1440,13370
17368,505,1304,12891
17368,520,1329,13107
17368,513,1341,13025
17368,514,1329,13029
17368,514,1367,13069
17368,513,1456,13128
17368,540,1397,13386
17368,514,1538,13240
17368,515,1495,13222
17368,510,1764,13393
17368,513,1583,13294
17368,513,1504,13195
17368,513,1339,13057
17368,510,1485,13137
17368,543,1591,13601
17368,513,1445,13133
17368,511,1450,13138
17368,514,1397,13087
17368,524,1453,13276
17368,504,1303,12866
17368,509,1259,12922
17368,516,1401,13112
17368,515,1455,13159
17368,534,1510,13452
17368,515,1424,13132
17368,516,1449,13187
17368,513,1529,13181
17368,510,1503,13169
17368,515,1406,13126
17368,533,1450,13379
17368,498,1593,13081
17368,535,1369,13320
17368,515,1396,13096
17368,506,1441,13047
17368,526,1431,13229
17368,509,1358,13006
17368,517,1377,13115
17368,519,1409,13122
17363,513,1370,13056
17363,536,1331,13273
17363,514,1384,13089
17363,507,1418,13037
17363,524,1316,13137
17363,510,1335,12999
17363,512,1355,13028
17363,534,1414,13317
17363,494,1436,12916
17363,537,1355,13332
17363,513,1309,13017
17363,507,1313,12923
17363,524,1321,13144
17363,506,1315,12923
17363,512,1277,12977
17363,535,1440,13364
17363,495,1423,12891
17363,512,1357,13347
17363,535,1402,13051
17363,512,1377,13031
17368,524,1331,13182
17368,500,1423,12943
17368,519,1338,13098
17368,508,1306,12943
17368,541,1285,13293
17368,496,1311,12814
17368,534,1412,13344
17368,503,1317,12880
17368,517,1566,13278
17368,524,1564,13361
17368,510,1299,12971
17368,509,1368,13289
17368,520,1313,12792
17368,514,1418,13114
17368,533,1303,13250
17368,509,1340,12964
17368,522,1285,13080
17368,512,1321,13007
17368,513,1318,13019
17368,507,1331,12926
17368,534,1346,13290
17368,501,1331,12855
17368,536,1428,13399
17368,518,1431,13158
17368,513,1436,13116
17368,511,1391,13064
17368,510,1390,13044
17368,511,1458,13101
17368,522,1423,13199
17368,510,1363,13022
17368,537,1329,13309
17368,509,1454,13096
17368,521,1305,13078
17368,513,1313,13018
17368,514,1321,13017
17368,509,1378,13018
17368,520,1379,13150
17368,514,1417,13134
17368,532,1314,13233
17368,513,1418,13091
17363,498,1461,13244
17363,539,1440,13101
17363,512,1366,13019
17363,506,1311,12918
17363,520,1390,13155
17363,513,1403,13083
17363,536,1356,13327
17363,496,1463,12922
17363,536,1424,13361
17363,519,1519,13217
17363,512,1318,13010
17363,515,1366,13063
17363,514,1485,13169
17363,514,1342,13030
17363,512,1406,13101
17363,537,1373,13350
17363,517,1302,13028
17363,510,1299,12964
17363,515,1306,13003
17363,517,1327,13034
17363,520,1305,13121
17363,503,1306,12858
17363,512,1468,13149
17363,538,1329,13314
17363,516,1338,13069
17363,515,1406,13113
17363,505,1368,12974
17363,518,1376,13090
17363,512,1405,13093
17363,515,1458,13169
17363,511,1369,13040
17363,514,1347,13063
17363,537,1366,13341
17363,514,1355,13066
17363,512,1383,13071
17363,513,1412,13090
17363,512,1363,13048
17363,515,1301,13034
17363,512,1399,13042
17363,518,1411,13135
17374,520,1449,13239
17374,521,1403,13172
17374,522,1360,13163
17374,513,1419,13089
17374,514,1437,13151
17374,512,1397,13082
17374,512,1332,13009
17374,515,1336,13054
17374,519,1516,13237
17374,539,1696,13665
17374,510,1463,13118
17374,506,1425,13029
17374,521,1494,13265
17374,512,1337,13031
17374,514,1374,13075
17374,514,1298,12996
17374,537,1463,13412
17374,513,1410,13121
17374,509,1394,13024
17374,523,1408,13187
17368,514,1413,13154
17368,511,1475,13113
17368,510,1413,13083
17368,536,1390,13353
17368,516,1354,13068
17368,512,1275,12972
17368,512,1388,13075
17368,557,3709,15240
17368,594,20868,32945
17368,589,21564,33214
17368,761,19498,31115
17368,790,18285,30083
17368,600,20376,32143
17368,668,20925,32518
17368,926,16121,27881
17368,869,14687,26360
17368,716,31388,43547
17368,620,50411,62037
17368,722,24834,36101
17368,706,18953,30639
17573,653,20227,32077
17573,670,20094,32411
17573,644,20249,31998
17573,1014,16412,28078
17573,653,16352,28042
17573,654,19819,31448
17573,642,20188,31908
17573,645,20433,32132
17573,645,19859,31489
17573,1250,10388,22853
17573,631,16718,27792
17573,655,20230,32770
17573,670,19997,31601
17573,640,20113,31829
17573,657,19864,31508
17573,584,20207,31953
17573,588,22052,33707
17573,588,21887,33503
17573,612,21892,34062
17573,1266,14837,26810
18806,847,20456,31926
18806,908,18775,23427
36313,1000,19156,23642
36313,941,18956,23159
43839,1015,18978,23046
43839,985,18705,22936
46738,1110,18766,23055
46738,945,19060,23271
47955,987,19510,23568
47955,770,18833,23083
48442,1423,17288,21481
48442,1182,16949,21305
48685,699,14813,18783
48685,1166,15914,20566
48685,938,8743,12860
48685,628,17658,21871
48653,623,19413,23300
48653,597,21098,25146
48653,599,22521,26516
48653,591,23171,27156
48653,983,21951,26522
48653,961,19842,23623
48653,937,18828,23165
48653,907,18839,22831
48685,1210,20006,24647
48685,969,19303,23171
48685,945,19245,23551
48685,1040,18818,23180
51573,750,19444,23372
51573,910,19576,23707
49870,897,19923,24317
49870,955,19278,23196
49146,976,19280,23903
49146,997,19255,23258
59067,815,18925,23097
59067,985,19069,23390
67000,701,19081,23132
67000,638,18970,23109
85952,647,17332,21378
85952,647,17386,21394
102213,635,12673,16660
102213,660,11671,15951
118892,667,11925,16231
118892,637,11706,15510
133161,674,12019,16308
133161,663,11623,15766
139983,637,11628,15577
139983,664,11521,15665
141255,684,9465,13549
141255,661,5094,9148
139570,668,4703,8919
139570,654,4209,8215
138459,658,4173,8170
138459,670,4064,8236
137712,651,4476,8382
137712,681,7332,11646
140773,632,7681,11564
140773,677,6059,10345
139115,660,4688,8725
139115,674,5440,9626
140119,693,6186,10270
140119,664,5894,9972
141469,640,5943,9979
141469,667,5902,9994
140533,649,5904,9866
140533,665,5960,10171
141470,650,6028,10027
141470,685,5931,10205
142191,644,6129,9976
142191,674,5570,9867
139544,676,4241,8390
139544,637,4216,8120
136749,606,4694,8818
136749,1048,11018,15163
96058,841,19744,23760
96058,611,19128,23288
90295,698,18551,22480
90295,732,12809,17278
103230,690,3792,7874
103230,691,3324,7405
100880,712,3328,7505
100880,679,3346,7273
101122,686,3316,7356
101122,718,3298,7562
99687,697,3338,7384
99687,646,3223,7290
112585,672,3726,7801
112585,653,3673,7701
126587,662,3647,7689
126587,675,3256,7349
127792,680,3260,7431
127792,683,3299,7424
128695,663,3252,7309
128695,674,3300,7382
130118,650,3255,7255
130118,684,3272,7390
130663,690,3352,7352
130663,678,3247,7368
130663,671,3304,7374
130663,667,3226,7271
130422,690,3284,7471
130422,653,3312,7436
129722,675,3311,7249
129722,687,3232,7401
131144,676,3674,7798
131144,668,4554,8635
135875,651,4585,8620
135875,671,4629,8725
137015,680,4753,8802
137015,663,4705,8803
138915,660,4681,8693
138915,666,4619,8728
138915,662,4653,8692
138915,664,4652,8719
140815,693,4668,8946
140815,626,4625,8461
140359,687,4616,8926
140359,636,4660,8539
140052,670,4698,8906
140052,673,4672,8813
139156,691,4801,8837
139156,669,4660,8768
139156,653,4679,8691
139156,677,4629,8737
123052,709,5173,9277
123052,716,5947,9960
114517,694,3436,7589
114517,717,3388,7549
105425,681,3344,7355
105425,702,3307,7431
102815,683,3363,7401
102815,697,3387,7443
101381,743,3424,7596
101381,650,3302,7308
103057,678,3288,7348
103057,678,3641,7766
122087,666,3766,7839
122087,687,3785,7952
129939,657,3788,7783
129939,665,3708,7839
133707,654,3777,7790
133707,680,3710,7873
133490,653,3788,7752
133490,681,3837,7980
134390,716,3932,8133
134390,669,4318,8412
136051,636,4146,8068
136051,676,3938,8012
136774,687,3921,8165
136774,672,3959,8020
137256,653,3844,7870
137256,669,3840,7981
137255,651,3958,7914
137255,671,3899,8085
137255,652,3921,7935
137255,669,4026,8094
136051,712,4003,8233
136051,654,3877,7822
136051,684,3835,8050
136051,654,3801,7754
136026,678,3880,8043
136026,667,3903,8015
136533,654,3891,7913
136533,671,3858,7971
136989,650,3832,7798
136989,678,3815,7965
138916,659,5235,9268
138916,653,10304,14318
142148,679,12368,16450
142148,650,10132,14220
144527,663,10051,14020
144527,646,10361,14447
130841,769,8956,13320
123452,727,5448,9647
123452,676,3313,7252
110411,711,3313,7507
110411,674,3259,7183
104750,715,3244,7484
104750,694,3230,7321
103540,691,3232,7290
103540,698,3220,7246
98526,675,3250,7367
98526,670,2947,6975
117154,691,3052,7207
117154,667,2926,6974
124719,672,3082,7180
124719,692,3108,7218
125887,668,3066,7121
125887,647,3021,6968
127310,688,3123,7255
127310,682,3232,7344
130445,648,3721,7755
130445,702,3893,7900
133948,685,3782,8014
133948,676,4440,8566
137737,645,4371,8404
137737,647,4398,8389
137978,679,4361,8520
137978,662,3900,7914
137255,667,3935,8058
137255,657,3845,7851
136292,672,3842,7976
136292,671,3854,7958
136773,665,3893,7966
136773,714,3981,8095
136317,653,3931,7913
136317,680,3949,8060
137280,663,4012,8072
137280,666,4010,8143
137978,660,4051,8033
137978,668,3879,8058
138219,691,4010,8206
138219,647,3955,8010
137712,653,3947,8016
137712,665,3898,7972
137471,655,3891,7896
137471,715,3987,8123
136533,672,3902,8032
136533,658,3986,7968
137014,658,3986,8049
137014,675,3966,8031
123052,724,9570,13443
123052,735,7840,12197
115484,688,3511,7710
115484,698,3458,7387
108791,695,3417,7484
108791,699,3436,7489
105182,710,3407,7630
105182,696,3395,7501
102332,653,3448,7465
102332,687,3291,7432
120880,664,3509,7611
120880,658,3933,7960
130359,670,4053,8173
130359,673,3979,8061
134149,666,3966,8036
134149,657,3848,7823
136052,670,3852,7977
136052,668,3972,8085
137496,645,4244,8200
137496,672,4684,8802
137471,675,3864,8034
137471,673,3593,7701
135569,659,3632,7647
135569,664,3598,7699
135088,684,3639,7817
135088,671,3609,7664
134912,669,3662,7752
134912,661,3673,7680
135328,655,3646,7748
135328,681,3659,7779
134911,656,3673,7684
134911,663,3677,7717
134847,655,3614,7698
134847,664,6472,10313
140051,673,12587,16932
140051,627,11655,15886
144047,681,11901,15929
144047,654,11641,15680
148009,638,11333,15360
148009,668,5528,9671
143876,659,4666,8671
143876,679,4408,8592
140774,657,4108,8146
140774,668,4098,8169
139397,650,4160,8197
139397,672,4110,8194
126166,676,4619,8607
126166,801,12127,16550
119753,681,5039,9014
119753,693,3299,7361
109275,714,3385,7581
109275,662,3255,7198
104750,698,3253,7400
104750,711,3329,7480
103801,676,3261,7283
103801,662,3210,7317
107341,675,3276,7288
107341,682,3104,7220
122328,664,3158,7178
122328,674,5286,9501
133972,659,5651,9710
133972,661,5550,9601
139089,637,5570,9586
139089,672,5632,9720
141563,648,5504,9540
141563,686,5514,9786
142939,634,5730,9577
142939,672,5523,9729
143180,656,5556,9562
143180,652,5679,9764
143394,690,5534,9832
143394,648,5016,9005
140533,662,4077,8186
140533,679,3704,7796
137737,681,3626,7783
137737,648,3646,7562
136292,676,3536,7743
136292,656,3707,7662
135112,689,3726,7954
135112,637,3752,7626
136748,659,3637,7925
136748,680,3580,7527
135570,682,3708,7872
135570,674,3721,7813
136051,663,3638,7698
136051,660,3602,7639
135876,665,3659,7771
135876,668,4273,8333
137977,653,4186,8230
137977,663,4171,8235
138700,666,4152,8253
138700,672,3751,7826
136292,684,3796,7973
136292,643,3809,7684
121363,754,5470,9714
121363,730,6298,10492
117559,684,4088,8074
117559,710,3928,8078
112585,702,3935,8063
112585,678,3987,7921
111618,701,3978,8078
111618,690,3882,8013
112531,668,3886,7923
112531,666,3789,7808
128431,697,3674,7948
128431,656,3274,7285
130359,660,3333,7351
130359,673,3252,7364
131563,664,3303,7328
131563,680,3263,7386
131082,686,3253,7411
131082,653,3244,7208
131081,671,3291,7428
131081,679,3284,7398
131323,681,3268,7386
131323,668,3195,7243
131627,664,3299,7301
131627,669,3249,7292
131564,692,3260,7448
131564,668,3217,7315
132287,672,3315,7379
132287,642,3262,7191
132262,693,3335,7539
132262,655,3256,7292
132527,669,3309,7350
132527,668,3835,7855
139330,659,9890,13721
139330,684,10550,15034
144812,639,8382,12386
144812,646,12958,16838
147386,675,13560,17851
147386,686,5871,9947
143661,657,4684,8708
143661,674,4668,8806
143875,648,4667,8720
143875,672,5360,9451
143875,669,5786,9921
143875,657,5958,10073
144597,651,5925,9905
144597,672,6017,10130
141495,661,5578,9689
141495,729,5216,9319
122328,724,4768,9001
122328,700,4039,8116
115670,705,3943,8044
115670,678,3929,7865
113068,763,4129,8378
113068,677,3882,7876
112102,676,3908,8008
112102,700,3885,8043
123775,656,3731,7744
123775,656,3747,7735
132744,668,3730,7846
132744,676,3742,7859
136812,650,3736,7757
136812,676,3746,7872
138914,684,3787,7977
138914,633,3712,7626
141054,682,3790,8005
141054,668,3762,7835
139876,669,3756,7831
139876,670,3769,7860
140265,664,3789,7863
140265,663,3795,7812
139396,667,3280,7431
139396,677,3353,7450
137229,646,3232,7217
137229,673,3308,7344
136024,672,3308,7442
136024,676,3307,7372
136266,679,3323,7410
136266,662,3281,7351
134366,659,3325,7330
134366,675,3192,7321
134404,700,3329,7535
134404,654,3291,7290
134188,690,3342,7502
134188,640,7892,11763
141642,653,8393,12543
141642,682,6711,10887
144116,644,6490,10502
144116,649,6692,10785
145249,652,6571,10584
145249,662,6890,11080
145943,647,6864,10873
145943,691,4254,8489
142458,668,4291,8408
142458,647,4206,8093
125141,738,6916,10993
125141,710,5258,9402
113979,698,3253,7408
113979,702,3214,7302
107531,684,3188,7304
107531,696,3315,7389
104973,702,3387,7501
104973,679,3371,7364
103956,685,3278,7434
103956,654,3299,7292
116111,682,4430,8566
116111,667,4307,8404
132262,668,4138,8261
132262,663,3929,8009
136267,643,3940,7901
136267,681,3776,7892
135810,670,3360,7425
135810,695,3381,7569
134606,641,3385,7333
134606,693,3417,7592
135570,658,3366,7366
135570,665,3332,7369
135088,672,3382,7487
135088,674,4038,8137
138393,649,4025,8029
138393,666,4035,8153
139330,671,4066,8205
139330,678,4009,8180
139330,645,3986,7946
139330,686,3617,7805
139397,649,3570,7632
139397,673,3529,7604
136774,654,3473,7489
136774,674,3527,7609
137470,654,3544,7566
137470,667,3917,8059
140533,651,4224,8217
140533,664,4144,8221
142191,671,5785,9939
142191,651,9597,13693
146665,652,10677,14604
146665,665,10985,15209
148276,640,11236,15188
148276,660,15741,19984
148517,670,11166,15412
148517,665,8234,12341
148037,645,7864,11862
148037,752,11214,15478
129154,719,7249,11211
129154,713,4009,8203
119674,689,4139,8154
119674,706,4062,8143
115890,686,4044,8116
115890,705,4032,8149
112343,656,3992,8001
112343,672,3862,8007
129457,675,3853,7997
129457,674,3840,7978
135850,662,3895,7952
135850,670,3817,7910
137711,650,3882,7895
137711,680,3882,7979
139156,657,3844,7893
139156,688,3922,8110
139570,664,3902,7968
139570,638,3966,7909
140292,688,4006,8196
140292,629,3933,7864
140574,668,4042,8124
140574,682,3889,8147
140266,644,4001,7950
140266,676,3945,8074
138675,665,3928,8002
138675,673,3502,7608
137470,670,3413,7474
137470,659,3273,7490
135810,692,3393,7441
135810,674,3319,7389
134848,649,3305,7352
134848,683,3408,7572
135785,645,3393,7344
135785,679,4065,8257
137885,659,4003,8064
137885,659,4042,8073
139330,657,4064,8110
139330,672,4037,8169
140988,658,3965,8030
140988,678,3960,8166
140988,673,4092,8164
140988,626,4007,7953
141951,668,4778,8896
141951,661,4199,8268
141255,669,4091,8187
141255,731,6468,10509
125623,719,9055,13247
125623,682,3708,7696
115407,719,3542,7772
115407,695,3532,7642
111377,693,3544,7596
111377,700,3603,7664
109033,685,3593,7678
109033,671,3563,7634
120880,654,4689,8698
120880,668,4988,9044
135329,656,4807,8896
135329,689,4702,8958
138433,658,3914,7982
138433,670,3727,7783
138674,644,3674,7641
138674,683,3707,7872
138674,670,3684,7766
138674,656,3708,7695
139638,662,3674,7776
139638,656,4370,8409
140292,666,4381,8520
140292,666,4394,8497
141254,674,4343,8487
141254,664,4270,8333
141736,661,4379,8496
141736,667,4434,8562
142458,652,4968,8900
142458,661,5525,9667
144047,651,5691,9687
144047,656,5503,9540
144768,685,5402,9691
144768,647,5578,9504
145532,679,5707,9977
145532,662,5574,9672
144838,645,5462,9475
144838,661,5614,9730
145773,655,5501,9554
145773,673,7581,11800
146665,631,8837,12686
146665,653,10174,14176
148560,649,11395,15446
148560,646,11542,15586
149183,686,11541,16037
149183,686,12081,16146
135063,722,11139,15136
135063,697,4677,8772
117076,717,3403,7630
117076,661,3265,7193
108961,716,3330,7514
108961,686,3260,7286
104973,690,3258,7344
104973,707,3355,7374
105164,807,5170,9399
105164,642,5457,9369
129152,678,4878,9149
129152,642,4575,8524
138607,667,5647,9741
138607,677,6897,11098
142844,664,7372,11471
142844,633,7217,11050
145943,675,7181,11461
145943,665,7214,11323
146834,636,6943,10859
146834,668,6092,10290
145702,782,7241,11252
145702,666,6337,10406
146664,680,7271,11594
146664,629,7891,11680
146905,667,7390,11522
146905,646,6506,10585
146905,677,6745,10999
146905,649,5734,9738
141951,676,3631,7773
141951,664,3657,7728
139330,672,3707,7804
139330,673,7320,11472
144672,641,8354,12392
144672,658,8008,12102
147075,644,8396,12305
147075,669,8092,12287
148037,656,8453,12533
148037,682,8216,12494
148517,635,8410,12280
148517,675,7996,12243
147387,647,5922,9915
147387,679,5859,10016
146906,617,5885,9887
146906,661,5991,10105
130817,739,10398,14666
130817,729,6959,11003
118971,692,3464,7502
118971,711,3454,7614
111618,674,3347,7349
111618,709,3426,7585
108066,686,3481,7493
108066,704,3440,7613
103057,654,3452,7483
103057,1009,5965,9862
91566,849,17713,21725
91566,744,19597,23918
95799,725,19363,23330
95799,719,11600,15900
94455,696,7529,11580
94455,710,7550,11670
92006,734,7515,11806
92006,679,7533,11360
93047,721,7656,11926
93047,717,7712,11813
92292,693,7564,11590
92292,712,7546,11654
91037,688,7670,11643
91037,716,7603,11745
92276,698,7541,11597
92276,1238,6950,11205
78641,1415,7521,11750
78641,1384,6192,10589
71939,1465,6695,10756
71939,1327,5389,9822
69278,1358,7803,12028
69278,1133,10032,13990
68294,1107,14305,18402
68294,1136,16719,20885
67775,1023,16849,21288
70873,588,15412,19415
70873,831,6217,11119
70873,510,2376,6549
70873,524,1601,5707
69705,510,1512,5556
69705,520,1524,5580
69462,504,1474,5474
69462,524,1440,5539
69219,505,1441,5465
69219,523,1475,5550
69219,533,1535,5697
69219,517,1495,5557
69219,509,1605,5636
69219,521,1630,5694
69219,507,1600,5627
69219,519,1616,5683
69219,506,1622,5639
69219,522,1684,5747
69219,529,1654,5808
69219,522,1633,5721
69219,504,1735,5739
69219,527,1733,5829
69219,505,1693,5704
69219,521,1793,5867
69219,508,1683,5708
69219,523,1659,5735
69232,531,1715,5866
69232,520,1572,5658
68990,509,1614,5636
68990,523,1629,5695
68990,508,1583,5606
68990,516,1564,5613
68977,510,1660,5700
68977,521,1621,5676
68990,532,1626,5796
68990,519,1552,5615
68990,510,1582,5625
68990,519,1474,5528
69232,510,1661,5680
69232,521,1582,5655
68990,506,1460,5477
68990,522,1598,5673
69232,510,1583,5627
69232,541,1615,5816
68990,508,1612,5635
68990,521,1487,5555
68990,506,1497,5514
68990,520,1404,5492
68990,505,1247,5259
68990,522,1607,5679
68990,531,1493,5659
68990,493,1494,5415
68747,529,1534,5682
68747,527,1541,5642
68990,504,1617,5617
68990,522,1627,5714
68537,514,1518,5580
68537,523,1454,5488
56712,532,1442,5586
56712,495,1417,5352
51633,527,1475,5608
51633,527,1554,5636
49929,511,1596,5619
49929,521,1719,5780
49198,512,1624,5676
49198,519,1607,5660
48710,508,1468,5499
48710,521,1583,5657
48710,528,1539,5685
48710,526,1563,5654
48710,507,1448,5474
48710,518,1341,5407
48710,507,1484,5496
48710,524,1661,5741
48710,508,1486,5514
48710,517,1591,5658
48467,532,1579,5737
48467,524,1519,5597
48467,505,1514,5523
48467,523,1576,5647
48467,506,1549,5555
48467,528,1685,5767
48499,509,1681,5707
48499,518,1662,5725
48467,527,1535,5674
48467,529,1574,5684
48467,507,1503,5511
48467,528,1654,5747
48467,498,1647,5609
48467,532,1647,5769
48467,507,1490,5504
48467,521,1409,5501
48467,528,1432,5566
48467,525,1331,5424
48467,508,1438,5460
48467,517,1401,5467
48467,507,1448,5472
48467,525,1485,5549
48467,509,1518,5567
48467,517,1303,5360
48467,530,1460,5617
48467,523,1570,5637
48467,509,1509,5548
48467,517,1489,5542
48467,509,1616,5645
48467,521,1606,5681
48467,508,1532,5558
48467,519,1631,5701
48467,531,1564,5719
48467,496,1525,5458
42406,502,2220,10647
42406,531,1690,13588
29298,519,1637,13417
29298,511,1590,13185
24686,521,1516,13328
24686,504,1580,13137
22729,519,1391,13169
22729,540,1560,13479
22240,502,1631,13190
22240,531,1648,13524
21996,515,1613,13356
21996,513,1568,13180
21996,517,1539,13297
21996,509,1689,13295
21751,516,1564,13324
21751,538,1424,13349
21751,514,1447,13187
21751,514,1555,13191
21766,502,1664,13221
21766,529,1583,13404
21766,523,1449,13287
21766,503,1324,12870
21757,521,1333,13138
21757,534,1637,13503
21751,498,1579,13133
21751,519,1509,13267
21751,524,1604,13453
21751,517,1607,13260
21751,515,1498,13254
21751,505,1525,13104
21751,523,1500,13340
21751,531,1529,13352
22004,497,1382,12927
22004,528,1466,13318
21996,518,1562,13306
21996,513,1591,13210
21751,521,1669,13481
21751,507,1458,13053
21751,519,1579,13366
21751,536,1429,13313
21757,497,1428,12954
21757,532,1468,13375
21751,497,1412,12925
21751,530,1409,13258
21751,525,1539,13402
21751,502,1284,12828
21751,526,1413,13270
21751,501,1484,12964
21751,527,1488,13351
21751,529,1505,13348
21751,502,1400,12987
21751,526,1569,13343
21507,508,1571,13204
21507,528,1628,13397
21507,512,1363,13042
21507,519,1602,13300
21507,538,1455,13453
21507,514,1321,13015
21507,513,1480,13166
21507,516,1477,13165
21507,516,1448,13184
21507,512,1431,13110
21507,513,1571,13262
21507,511,1622,13278
21507,516,1461,13194
21507,514,1545,13549
21507,536,1383,13059
21507,517,1550,13252
21507,515,1635,13337
21507,514,1482,13179
21507,510,1512,13156
21507,516,1475,13208
18102,524,1587,13369
18102,507,1605,13173
18102,536,1525,13486
18102,518,1480,13182
18102,513,1493,13175
18102,516,1441,13170
18102,511,1383,13037
18102,517,1428,13158
18102,510,1446,13108
18102,514,1407,13404
18102,538,1454,13142
18102,516,1511,13207
18102,511,1458,13127
18102,514,1342,13033
18102,516,1369,13091
18102,516,1448,13123
18102,513,1354,13039
18102,514,1648,13638
18102,538,1501,13193
18102,509,1394,13009
17852,525,1486,13351
17852,509,1454,13073
17852,512,1497,13188
17852,520,1488,13223
17852,511,1513,13183
17852,511,1423,13100
17852,536,1417,13376
17852,517,1497,13194
17852,513,1307,12989
17852,512,1490,13170
17852,512,1494,13178
17852,517,1401,13121
17852,512,1503,13176
17852,514,1283,13009
17852,534,1405,13320
17852,522,1420,13159
17852,514,1552,13260
17852,512,1353,13050
17852,513,1490,13168
17852,520,1349,13080
17852,508,1318,12946
17852,518,1583,13321
17852,538,1447,13404
17852,509,1256,12890
17852,520,1496,13256
17852,514,1295,13008
17852,512,1500,13157
17852,524,1423,13172
17852,510,1313,12986
17852,506,1420,13339
17852,523,1434,12930
17852,526,1371,13213
17852,524,1356,13174
17852,510,1365,13012
17852,514,1457,13171
17852,519,1366,13076
17852,517,1346,13059
17852,510,1448,13102
17852,515,1592,13287
17852,513,1519,13204
17607,527,1586,13408
17607,529,1339,13199
17607,512,1371,13058
17607,517,1359,13059
17607,513,1433,13107
17607,512,1410,13111
17607,514,1353,13018
17607,520,1400,13161
17607,536,1591,13531
17607,513,1530,13233
17607,514,1570,13234
17607,517,1461,13197
17607,501,1513,13084
17607,523,1591,13393
17607,510,1364,13026
17607,520,1478,13245
17607,511,1365,13059
17607,546,1498,13472
17607,511,1487,13123
17607,515,1617,13338
17852,512,1593,13313
17852,510,1505,13138
17852,520,1527,13250
17852,510,1616,13290
17852,532,1530,13457
17852,517,1573,13305
17852,510,1587,13222
17852,521,1714,13493
17852,513,1788,13493
17852,511,1656,13320
17852,508,1554,13179
17852,521,1421,13213
17852,514,1496,13190
17852,535,1554,13487
17852,509,1512,13129
17852,524,1606,13413
17852,519,1493,13196
17852,512,1580,13257
17852,515,1456,13154
17852,516,1587,13303
17607,517,1424,13177
17607,514,1575,13203
17607,528,1613,13476
17607,523,1559,13369
17607,513,1427,13117
17607,516,1487,13226
17607,509,1540,13141
17607,524,1390,13191
17607,508,1304,12949
17607,515,1369,13056
17607,529,1644,13499
17607,524,1508,13324
17607,513,1506,13196
17607,514,1455,13161
17607,505,1598,13197
17607,521,1537,13298
17607,516,1156,12887
17607,511,1352,13008
17607,534,1544,13463
17363,515,1646,13436
17363,520,1391,13055
17363,512,1402,13079
17363,516,1425,13143
17363,516,1565,13249
17363,515,1280,13006
17363,512,1246,12932
17363,516,1549,13237
17363,517,1292,13011
17363,538,1330,13319
17363,509,1238,12869
17363,507,1475,13075
17363,522,1376,13167
17363,513,1368,13045
17363,514,1386,13110
17363,529,1361,13232
17363,499,1392,13213
17363,536,1400,13049
17363,517,1371,13100
17363,505,1448,13021
17363,514,1509,13273
17363,526,1406,13135
17363,529,1393,13278
17363,516,1416,13117
17363,523,1443,13219
17363,513,1450,13129
17363,516,1314,13047
17363,508,1439,13062
17363,520,1335,13105
17363,509,1337,12978
17363,515,1472,13162
17363,533,1297,13211
17363,519,1394,13145
17363,516,1372,13108
17363,503,1349,12943
17363,516,1345,13049
17363,518,1279,13040
17363,517,1254,12996
17363,511,1369,13038
17363,510,1360,12999
17608,519,1516,13291
17608,537,1288,13233
17608,514,1228,12943
17608,507,1260,12854
17608,526,1587,13416
17608,509,1269,12913
17608,508,1315,12956
17608,536,1344,13272
17608,496,1367,12879
17608,537,1349,13304
17608,514,1483,13203
17608,506,1424,13019
17608,521,1320,13099
17608,514,1481,13171
17608,514,1548,13258
17608,529,1330,13213
17608,499,1563,13043
17608,517,1487,13202
17608,537,1358,13330
17608,507,1458,13056
17608,505,1542,13149
17608,521,1549,13325
17608,521,1383,13143
17608,520,1420,13198
17608,508,1361,12974
17608,517,1212,12950
17608,526,1279,13129
17608,523,1306,13094
17608,516,1386,13099
17608,512,1284,12967
17608,514,1350,13047
17608,517,1612,13317
17608,514,1434,13142
17608,512,1385,13053
17608,537,1495,13482
17608,507,1532,13127
17608,522,1431,13209
17608,512,1444,13125
17608,514,1456,13157
17608,517,1529,13238
17613,524,1199,13042
17613,523,1388,13159
17613,510,1349,13014
17613,514,1580,13242
17613,525,1488,13292
17613,511,1412,13077
17613,515,1558,13282
17613,506,1495,13072
17613,524,1612,13416
17613,508,1622,13260
17613,516,1499,13222
17613,532,1622,13503
17613,521,1520,13299
17613,513,1386,13064
17613,517,1447,13182
17613,517,1758,13484
17613,515,1429,13113
17613,513,1504,13188
17613,512,1740,13431
