nvml:nvidia_geforce_gtx_970_0,rapl:ram,rapl:cores,rapl:pkg
17363,775,6189,18995
17363,522,2150,13947
17363,516,1885,13602
17363,510,1901,13864
17363,538,1818,13534
17363,513,1848,13512
17363,513,1744,13461
17363,512,1806,13500
17363,511,1681,13358
17363,515,1763,13484
17363,513,1771,13473
17363,530,1931,13846
17363,494,1962,13416
17363,537,2027,13977
17363,514,1792,13497
17363,503,1951,13536
17363,523,1935,13712
17363,510,1906,13575
17363,533,1850,13794
17363,502,1910,13485
17363,531,1866,13745
17363,510,1743,13425
17363,514,1873,13588
17363,504,1778,13379
17363,521,1851,13624
17363,510,1749,13422
17363,513,1764,13482
17363,514,1745,13455
17363,534,1830,13781
17363,512,1841,13529
17363,512,1706,13404
17363,512,1655,13351
17363,511,1787,13443
17363,514,1997,13699
17363,514,1814,13524
17363,530,1764,13671
17363,495,1803,13283
17363,533,1798,13738
17363,506,1884,13510
17358,527,1855,13715
17358,511,1881,13476
17358,510,1809,13493
17358,512,1900,13590
17358,514,1887,13605
17358,512,1813,13790
17358,535,1741,13409
17358,503,1615,13207
17358,522,1606,13408
17358,516,1749,13455
17358,509,1619,13280
17358,515,1659,13379
17358,510,1628,13305
17358,532,1808,13739
17358,518,1774,13511
17358,516,1918,13616
17358,512,1980,13688
17358,512,1810,13482
17358,510,1741,13425
17358,515,1820,13543
17363,508,1876,13545
17363,537,1881,13831
17363,515,1622,13345
17363,516,1722,13473
17363,509,1825,13476
17363,505,1804,13392
17363,519,1854,13625
17363,513,1878,13586
17363,512,1867,13544
17363,515,1798,13805
17363,533,1818,13468
17363,514,1703,13432
17363,509,1673,13345
17363,514,1772,13482
17363,513,1958,13639
17363,527,1703,13591
17363,497,1809,13318
17363,516,1937,13630
17363,535,1842,13801
17363,512,1832,13535
17363,495,1649,13452
17363,532,1921,13492
17363,510,1817,13497
17363,529,1788,13687
17363,495,1853,13328
17363,539,1831,13833
17363,513,1688,13399
17363,505,1673,13288
17363,521,1632,13439
17363,498,1868,13381
17363,521,1734,13535
17363,513,1656,13370
17363,516,1745,13432
17363,529,1761,13637
17363,520,2023,13799
17363,516,1921,13621
17363,512,1868,13567
17363,513,1947,13641
17363,510,1859,13527
17363,514,1942,13649
17118,517,1767,13546
17118,507,1740,13640
17118,533,1784,13437
17118,518,1781,13556
17118,504,1726,13315
17118,518,1721,13460
17118,511,1748,13442
17118,512,1617,13308
17118,512,1836,13540
17118,514,1737,13439
17118,533,1681,13636
17118,514,1669,13378
17118,513,1656,13370
17118,512,1682,13365
17118,510,1812,13469
17118,514,1730,13448
17118,510,1717,13380
17118,532,1916,13827
17118,519,1687,13488
17118,511,1756,13420
17118,499,1651,13212
17118,528,1862,13703
17118,510,1664,13337
17118,513,1809,13510
17118,513,1681,13382
17118,513,1875,13569
17118,534,1860,13811
17118,514,1619,13340
17118,509,1601,13269
17118,515,1672,13391
17118,510,1656,13326
17118,513,1762,13465
17118,516,1715,13444
17118,509,1920,13870
17118,537,1711,13386
17118,515,1988,13693
17118,515,1833,13533
17118,513,1711,13425
17118,545,2110,13780
17118,513,1925,13604
17607,515,1919,13634
17607,515,1992,13675
17607,534,1832,13787
17607,512,1884,13571
17607,517,1894,13622
17607,504,1784,13372
17607,518,1840,13594
17607,516,1938,13655
17607,513,1805,13471
17607,513,1825,13520
17607,536,1725,13717
17607,513,1752,13435
17607,516,1856,13581
17607,509,1947,13596
17607,513,1930,13607
17607,515,1902,13608
17607,515,1982,13691
17607,513,1904,13587
17607,537,1870,13835
17607,516,1964,13685
17363,514,1967,13708
17363,514,1796,13464
17363,510,1753,13402
17363,517,2014,13755
17363,513,1853,13530
17363,509,1937,13596
17363,537,2000,13962
17363,514,1887,13603
17363,512,1931,13606
17363,514,1897,13603
17363,512,1949,13632
17363,515,1853,13555
17363,511,1836,13488
17363,516,2020,13738
17363,537,2015,13993
17363,519,2024,13728
17363,504,1983,13561
17363,523,1938,13747
17363,510,2030,13687
17363,516,1974,13684
17363,513,1874,13587
17363,538,1854,13802
17363,513,1792,13482
17363,510,1911,13554
17363,515,1873,13573
17363,512,1909,13598
17363,513,1834,13522
17363,516,1973,13698
17363,515,1969,13675
17363,513,1811,13802
17363,538,1958,13648
17363,515,1833,13538
17363,511,1856,13525
17363,519,1906,13625
17363,514,1978,13675
17363,515,1938,13658
17363,514,1972,13639
17363,510,1903,13562
17363,539,1906,13896
17363,515,1990,13689
17363,509,1906,13570
17363,522,2056,13788
17363,510,1903,13551
17363,517,1890,13610
17363,514,1986,13684
17363,513,1982,13657
17363,536,1966,13943
17363,515,1905,13614
17363,505,1848,13439
17363,521,2004,13772
17363,512,1861,13556
17363,516,1991,13710
17363,514,1942,13628
17363,533,1986,13907
17363,517,1949,13667
17363,516,2052,13738
17363,515,2012,13723
17363,511,1937,13603
17363,514,1927,13623
17363,518,1963,13693
17363,517,1995,13737
17363,506,1911,13489
17363,518,1803,13544
17363,536,1999,13969
17363,515,1832,13512
17363,512,1854,13537
17363,512,1854,13533
17363,517,1813,13538
17363,513,1927,13614
17363,511,2013,13670
17363,537,2008,13996
17363,508,1865,13490
17363,520,1867,13642
17363,513,1873,13542
17363,514,1861,13563
17363,515,1736,13449
17363,531,1769,13673
17363,496,1922,13385
17363,538,1956,13945
17363,512,1966,13672
17363,516,1865,13594
17363,510,1916,13541
17363,512,1812,13498
17363,516,1794,13520
17363,514,1854,13582
17363,511,1771,13443
17363,510,1809,13481
17363,534,1872,13830
17363,517,1871,13589
17363,510,1896,13556
17363,511,1813,13510
17363,505,1903,13511
17363,520,1881,13658
17363,512,1985,13681
17363,512,1798,13780
17363,537,1862,13565
17363,498,1712,13218
17363,529,1774,13652
17363,509,1700,13354
17363,516,1834,13559
17363,512,1838,13562
17363,510,1897,13530
17363,533,1804,13759
17363,516,1870,13601
17363,513,1797,13479
17363,511,1738,13433
17363,509,1631,13295
17363,514,1810,13522
17363,511,1795,13483
17363,532,1916,13839
17363,494,1697,13188
17363,514,1772,13481
17363,534,1720,13669
17363,509,1926,13600
17363,510,1800,13473
17363,514,1972,13693
17363,509,1972,13594
17363,516,1855,13602
17363,535,1770,13729
17363,515,1992,13695
17363,513,1984,13708
17363,515,2026,13686
17363,512,1868,13557
17363,513,1955,13656
17363,511,1945,13634
17363,511,1798,13486
17363,512,1922,13617
17363,563,2174,14161
17363,512,1991,13677
17363,504,1995,13591
17363,520,1880,13664
17363,514,1824,13536
17363,512,2000,13684
17363,512,1917,13594
17363,539,1860,13820
17363,491,1922,13369
17363,527,2026,13862
17363,515,2025,13740
17363,517,1856,13618
17363,513,1934,13630
17363,514,1852,13580
17363,514,1889,13573
17363,513,1792,13493
17363,536,1789,13771
17363,513,1913,13604
17363,509,1954,13624
17363,511,1848,13527
17363,515,1972,13692
17363,511,1791,13470
17363,512,2009,13687
17363,512,1966,13940
17363,514,1944,13669
17363,534,1886,13545
17363,514,1914,13604
17363,511,2009,13697
17363,513,1910,13615
17363,505,1893,13778
17363,521,1936,13429
17363,511,1924,13600
17363,538,2020,14014
17363,513,1984,13707
17363,512,1782,13441
17363,508,1983,13626
17363,514,1962,13684
17363,512,1820,13515
17363,512,1998,13691
17363,512,1902,13590
17363,514,1920,13633
17363,533,2003,13935
17363,508,2009,13661
17363,514,1917,13634
17363,514,1915,13637
17363,510,1986,13658
17363,584,3718,14955
17363,572,3379,15723
17363,498,1893,13442
17363,531,1964,13848
17363,520,2029,13797
17363,510,2028,13697
17363,512,2011,13706
17363,522,2006,13806
17363,506,1864,13432
17363,513,1889,13600
17363,603,4389,15826
17363,517,2281,14339
17363,525,1847,13684
17363,509,1996,13666
17363,516,1962,13690
17363,508,1897,13552
17363,510,1827,13501
17363,514,1969,13676
17363,513,1988,13687
17363,536,1902,13867
17363,514,1942,13654
17363,510,1895,13564
17363,514,2027,13748
17363,503,1920,13512
17363,522,1888,13693
17363,512,1978,13662
17363,510,1909,13575
17363,518,1901,13683
17363,538,1939,13869
17363,511,1931,13613
17363,513,1925,13632
17363,510,1722,13374
17363,514,1930,13642
17363,512,2003,13704
17363,527,2007,13893
17363,520,1990,13777
17363,510,2031,13694
17363,510,2026,13679
17363,520,2027,13821
17363,506,2032,13655
17363,516,2021,13732
17363,517,2058,13764
17363,514,1966,13660
17363,535,1995,13949
17363,512,1948,13632
17363,514,1998,13713
17363,512,1951,13635
17363,511,1994,13713
17363,513,1984,13650
17363,512,1824,13518
17363,512,1830,13524
17363,536,1913,13884
17363,509,1994,13674
17363,514,1882,13592
17363,513,1937,13645
17363,509,1895,13563
17363,512,1993,13681
17363,515,1913,13635
17363,509,1962,13632
17363,514,1949,13648
17363,536,1998,13981
17363,510,2010,13670
17363,516,2012,13724
17363,513,1939,13619
17363,510,1917,13601
17363,515,1996,13731
17363,515,1914,13613
17118,558,5567,17148
17118,596,21495,32918
17118,606,22086,33985
17118,829,19732,31844
17118,750,17816,29085
17118,624,20646,33021
17118,678,20484,32205
17118,924,16331,28012
17118,870,14620,26327
17118,675,30858,41876
17118,625,50757,62522
17118,747,25456,37779
17118,709,19328,31065
17118,653,20308,31881
17118,647,20199,32109
17118,647,20224,31890
17118,1037,16231,28438
17118,665,16775,28693
17118,645,20024,31690
17118,641,20207,31869
17340,654,20440,32313
17340,639,19947,31389
17340,1209,10426,22211
17340,663,17384,29105
17340,633,20371,32061
17340,676,20187,31824
17340,640,20074,31818
17340,700,20019,32510
17340,580,20492,32178
17340,582,21964,33574
17340,581,22406,34054
17340,582,22496,33891
17340,1915,19196,31961
17340,688,14697,26388
25620,884,19544,27823
25620,999,19553,23768
39943,1006,19731,23703
39943,1026,19818,24188
45271,1012,19892,24155
45271,1002,19382,23642
47438,955,19563,23477
47438,967,20412,24322
48167,901,20888,25298
48167,1041,18923,23238
48678,1794,18758,23497
48678,1069,15306,19193
48685,1370,17799,22577
48685,722,16798,20468
48678,915,18139,22621
48678,1186,8126,12247
48435,598,14564,18652
48435,612,19519,23737
48410,603,20717,24496
48410,600,21863,25914
48410,600,22758,26801
48410,881,21964,26470
48410,977,19356,23458
48410,960,19000,23253
48654,924,19109,23144
48654,1102,19373,23621
48654,985,19764,23970
48654,1022,18978,23202
48678,939,19426,23471
48678,873,18989,23180
50836,882,19454,23882
50836,870,19723,23486
49383,920,19108,23668
49383,981,18937,22765
48921,955,18818,23367
48921,936,18891,22779
56880,892,19209,23623
56880,829,18816,22715
71809,630,20080,24324
71809,639,18295,22117
96479,671,17786,22283
96479,648,16860,20996
115069,651,16509,20522
115069,622,16910,21088
131895,675,16971,20907
131895,664,16985,21179
140414,638,16989,20699
140414,684,15105,19361
142577,669,11128,15500
142577,626,11006,14798
143608,680,11376,15756
143608,617,11237,14941
143299,678,11246,15628
143325,639,10618,14571
143325,670,7664,11817
142123,649,7354,11415
142123,684,6445,10709
141255,642,5215,9264
141255,668,4564,8682
138916,686,4711,8743
138916,664,4558,8634
138218,668,4582,8721
138218,671,4456,8561
136864,651,4166,8202
136864,676,4125,8268
135811,652,4167,8156
135811,672,4106,8259
135329,656,4110,8155
135329,674,4188,8298
134847,652,4130,8174
134847,667,4081,8119
135876,688,4207,8273
135876,664,4209,8251
135810,690,4076,8331
135810,672,4085,8182
136051,660,4137,8216
136051,655,4073,8163
136533,657,4186,8170
136533,664,4106,8264
136292,648,4145,8162
136292,680,4098,8296
135329,646,4157,8097
135329,677,4125,8236
135088,684,4152,8180
135088,692,4061,8263
135329,667,4107,8237
135329,643,4145,8079
135570,684,4177,8358
135570,651,6290,10317
139811,648,7774,11708
139811,662,7449,11630
141908,645,7718,11707
141908,688,7027,11403
142844,639,6437,10451
142844,656,5659,9725
139089,681,4224,8254
139089,673,4097,8209
138607,656,5063,9066
138607,643,9609,13565
141469,662,7882,12124
141469,675,6331,10600
141469,663,5813,9873
141469,651,5561,9584
140989,657,4765,8810
140989,659,4773,8881
141187,655,8568,12532
141187,646,8932,12981
143153,711,7899,12279
143153,634,7245,11179
142672,656,5720,9767
142672,664,5754,9821
142913,684,5870,10133
142913,634,5683,9621
141496,680,5688,9927
141496,654,5742,9836
141496,656,5691,9748
141496,673,5826,9938
141951,638,5774,9794
141951,636,4730,8877
141470,560,9064,12755
141470,1201,17644,22038
95090,683,19941,23882
95090,622,19689,23810
96542,750,18032,22181
96542,727,8863,13241
106132,695,3870,7932
106132,693,3741,7802
104699,704,3801,7933
104699,690,3789,7786
106131,727,3830,8080
106131,650,3747,7697
105648,693,3958,8138
105648,656,6462,10485
127287,651,7733,11816
127287,637,5826,9812
135329,670,5159,9290
135329,696,3714,7947
135153,650,3724,7776
135153,682,3829,7924
133426,645,3790,7770
133426,680,3800,7874
133707,674,3604,7801
133707,658,3726,7688
133249,684,3817,7868
133249,680,3762,7847
134671,678,3686,7912
134671,681,3734,7833
133249,660,3779,7836
133249,669,3790,7855
135329,660,4438,8516
135329,665,4413,8504
136051,661,4208,8285
136051,678,4036,8154
136292,660,3973,8011
136292,648,3875,7915
134912,685,4064,8116
134912,680,3924,8028
135088,658,3950,8014
135088,690,3918,8125
135088,653,4001,7969
135088,696,3958,8172
135811,635,3973,7911
135811,687,4087,8313
137014,666,4416,8521
137014,661,4049,8113
135570,645,4003,7953
135570,673,3967,8060
135811,710,4068,8274
135811,663,4033,8093
136051,648,3945,7905
136051,690,4147,8328
136774,652,4038,8078
136774,670,4141,8223
137014,682,4058,8259
137014,657,4260,8257
140052,667,8530,12698
140052,636,9130,13008
142191,649,5700,9766
142191,668,5723,9832
141470,697,4973,9234
141470,671,4207,8318
141401,655,11056,15058
141401,645,15801,19879
145677,649,14741,18662
145677,665,14195,18434
147217,632,14221,18124
147217,672,14332,18438
146835,650,14697,18842
146835,646,17988,21986
147075,653,17404,21293
147075,663,12614,17114
141710,690,4107,8283
141710,663,3517,7546
135635,685,3606,7737
135635,659,3520,7498
132046,685,3275,7481
132046,668,3280,7362
130118,667,3343,7345
130118,670,4402,8534
136051,663,4640,8716
136051,665,4550,8645
138674,642,4586,8544
138674,682,4633,8812
139879,673,4746,8785
139879,682,4642,8886
140360,680,4677,8786
140360,666,4580,8667
140600,658,4617,8698
140600,644,3968,7913
138219,655,4116,8077
138219,669,5090,9272
139638,681,5123,9322
139638,653,5173,9193
141495,675,5208,9319
141495,662,5086,9211
130600,749,10130,14221
130600,721,14991,19008
121363,704,4700,8875
121363,717,3559,7712
109463,682,3506,7529
109463,688,3402,7495
104457,696,3563,7628
104457,693,3494,7530
102815,684,3451,7528
102815,682,3445,7537
111397,663,3320,7338
111397,678,3242,7356
122051,656,3246,7276
122051,711,3497,7748
129658,655,4232,8282
129658,647,5666,9645
137255,652,5767,9779
137255,654,5654,9757
140292,663,5651,9740
140292,662,5895,9941
142432,669,5789,10071
142432,656,5523,9551
141495,654,4808,8812
141495,668,4802,8915
142191,690,4921,9171
142191,654,4596,8643
138607,632,3617,7567
138607,692,4047,8199
136599,657,3871,7910
136599,695,3415,7593
133226,664,3404,7497
133226,686,3474,7588
132287,658,3500,7524
132287,675,3445,7489
131564,658,3354,7423
131564,667,3382,7377
130600,676,3386,7523
130600,658,3446,7442
130359,690,3313,7553
130359,677,3533,7581
130841,676,3412,7543
130841,678,3458,7536
130537,648,3403,7426
130537,683,3403,7498
131323,671,3346,7479
131323,674,3439,7453
131323,670,3385,7515
131323,663,3378,7348
131564,664,3365,7445
131564,680,3502,7547
132351,680,3246,7445
132351,661,3377,7326
132286,685,3496,7726
132286,667,4681,8767
137978,655,4833,8824
137978,673,4686,8848
140052,644,4674,8672
140052,668,4727,8847
140292,642,4735,8724
140292,668,4781,8931
141014,663,4786,8830
141014,680,4190,8385
140051,648,4169,8173
140051,673,4227,8359
138433,656,3967,8024
138433,655,3658,7701
136467,660,3748,7962
136467,679,4397,8332
138393,649,4396,8430
138393,670,4330,8469
139904,690,4360,8551
139904,646,4160,8106
139397,662,3949,8200
139397,657,3777,7690
138434,664,3904,8006
138434,676,3918,8017
136774,676,3927,8075
136774,659,3930,7951
136774,669,3943,8018
136774,660,3811,7905
138675,652,4502,8487
138675,677,4554,8684
139182,669,4300,8492
139182,665,4098,8116
138982,660,4108,8185
138982,676,4058,8151
138982,652,4085,8102
138982,690,4106,8332
139636,669,4147,8254
139636,625,4022,7940
141709,693,4186,8383
141709,654,4059,8156
142431,633,4261,8178
142431,691,10558,14827
148078,653,12565,16517
148078,652,12369,16406
137684,753,13291,17474
137684,712,6645,10789
122305,719,3686,7849
122305,689,3578,7605
112563,685,3581,7649
112563,731,3643,7862
109496,689,3632,7685
109496,697,3611,7699
109012,667,3537,7612
109012,652,3522,7447
118950,695,3441,7648
118950,659,3364,7405
127769,662,3465,7506
127769,667,3431,7528
130116,662,3468,7501
130116,678,3409,7548
132021,685,3417,7571
132021,636,3379,7490
132262,687,3385,7392
132262,668,3363,7461
132744,653,3391,7371
132744,678,3333,7475
132744,658,3316,7334
132744,679,3334,7475
132021,661,3384,7390
132021,672,3346,7486
133948,664,3765,7830
133948,671,4092,8220
136292,658,4085,8114
136292,669,5580,9624
141710,650,6191,10275
141710,672,6167,10284
142913,651,5999,10031
142913,646,9307,13119
145633,663,16071,20137
145633,679,15523,20124
148801,636,13389,17377
148801,647,11997,15989
147867,662,9414,13492
147867,683,8152,12462
147386,629,6156,10034
147386,665,4488,8575
144046,652,5277,9326
144046,693,5484,9821
142844,637,4838,8819
142844,675,4741,8900
142672,652,4826,8866
142672,663,4937,9008
142218,652,4952,8980
142218,676,4897,9130
143153,649,4963,8887
143153,665,4791,8914
142458,681,4862,9071
142458,666,4836,8936
143180,655,4992,9045
143180,668,4964,9028
142672,653,4876,8936
142672,659,4873,8940
143634,649,5033,9069
143634,668,4385,8536
139330,672,3799,7913
139330,676,3750,7845
137255,660,3757,7809
137255,668,3744,7829
136051,657,3660,7725
136051,673,3795,7820
135810,659,3765,7806
135810,669,3759,7811
137015,655,3707,7788
137015,681,3713,7829
136839,676,3719,7903
136839,677,3753,7846
137953,644,3696,7675
137953,684,3882,8095
138193,659,4501,8525
138193,654,4407,8416
140774,665,4470,8595
140774,660,5234,9235
142604,650,6530,10642
142604,655,6664,10724
144046,661,6699,10784
144046,652,6272,10335
145222,665,5788,10022
145222,676,5781,9913
144597,646,5684,9728
144597,663,5765,9866
145249,654,5795,9839
145249,676,5891,10007
144047,648,5782,9771
144047,659,5697,9823
144046,671,4967,9146
144046,677,4920,9001
143325,656,4499,8594
143325,706,4770,8856
123934,721,7618,11749
123934,694,4166,8166
116317,698,4016,8074
116317,709,4014,8154
112102,700,3996,8099
112102,696,4018,8091
111136,699,3894,8078
111136,649,3963,7895
118709,675,3766,7897
118709,665,3803,7812
129674,685,3801,8026
129674,671,3776,7858
135127,651,3714,7767
135127,678,3832,7913
137712,657,5842,9928
137712,660,6759,10849
142672,650,6788,10843
142672,655,6656,10724
144768,656,6777,10869
144768,666,6905,10994
145462,665,7541,11684
145462,660,5955,10020
142191,652,3910,7926
142191,670,4001,8096
139397,669,4062,8157
139397,653,6352,10358
143806,667,7255,11449
143806,644,7312,11481
144768,656,7812,11596
144768,657,8136,12229
145944,662,7338,11558
145944,672,7606,11751
146184,643,6552,10551
146184,657,6362,10506
146425,647,6370,10361
146425,658,6264,10361
145730,660,6415,10526
145730,658,6418,10466
146425,689,6902,11240
146425,624,7715,11567
147145,682,6516,10795
147145,652,4460,8472
143222,664,4132,8241
143222,675,4745,8900
143222,655,5091,9113
143222,656,4641,8673
140600,666,3920,7986
140600,685,3827,8005
139396,653,3841,7865
139396,676,4040,8138
139811,666,4499,8652
139811,633,4546,8459
140773,683,4509,8713
140773,671,4527,8650
142912,642,4533,8544
142912,677,4622,8697
141908,637,4461,8454
141908,675,4498,8667
141736,653,4545,8594
141736,671,4640,8798
143875,673,6816,10984
143875,643,7092,10936
145800,659,7302,11348
145800,659,7054,11185
146905,682,7158,11455
146905,644,6074,10090
146183,639,6033,10056
146183,676,6077,10203
144046,653,4338,8398
144046,668,4306,8436
141951,679,4356,8569
141951,646,4446,8369
140533,662,3981,8060
140533,663,3978,8023
139330,662,3975,8067
139330,692,3716,7947
137470,646,3360,7335
137470,700,3820,8050
137711,637,4012,7957
137711,680,4120,8288
138608,670,4072,8166
138608,671,4128,8225
139330,657,4074,8119
139330,676,4056,8176
141228,635,4837,8755
141228,668,4786,8903
142191,672,4880,9118
142191,636,4703,8606
142672,696,4662,8922
142672,661,3729,7764
126082,750,10897,15029
126082,716,12920,16913
120157,694,4303,8442
120157,696,3420,7526
109444,686,3513,7525
109444,694,3483,7569
104922,713,3498,7718
104922,691,3426,7451
103057,659,3424,7510
103057,678,3276,7356
118524,676,3354,7378
118524,671,3309,7391
126323,655,3279,7301
126323,685,3332,7432
128213,662,3293,7508
128213,667,3260,7167
129457,697,3304,7517
129457,671,3227,7288
131081,663,3317,7342
131081,673,3312,7429
129877,659,3277,7310
129877,673,3301,7333
131082,664,3252,7324
131082,694,3240,7435
130902,684,3299,7403
130902,649,3257,7224
130422,681,3196,7382
130422,673,3238,7253
130118,681,3239,7369
130118,669,3226,7280
131082,649,3273,7229
131082,669,3195,7306
129176,669,3125,7202
129176,673,3200,7271
129721,672,3216,7266
129721,689,3205,7377
130841,666,3285,7356
130841,683,3265,7410
130180,659,3244,7272
130180,668,3291,7292
130841,666,3284,7378
130841,668,3262,7327
131805,695,3487,7688
131805,632,3879,7810
136532,663,3858,7935
136532,698,3866,8098
136598,664,3896,7928
136598,667,3942,8037
137471,660,3905,7975
137471,668,3936,7991
138674,658,3974,8018
138674,661,3785,7876
138849,656,5987,9944
138849,667,15025,19283
146398,645,14153,18113
146398,658,11136,15215
147769,652,10336,14407
147769,649,10476,14536
148081,680,6639,10988
148081,644,5992,9934
146664,658,6090,10139
146664,658,5972,10095
146211,670,6241,10468
146211,636,6110,9924
144768,679,5998,10310
144768,668,5127,9271
143085,648,4428,8445
143085,660,4374,8450
142672,650,4346,8361
142672,678,3947,8137
140267,660,3950,7999
140267,666,3896,7909
139156,672,3949,8066
139156,669,3932,8040
138193,670,3849,7948
138193,660,3949,7924
140093,657,3980,8025
140093,683,3861,8145
138674,658,3885,7920
138674,683,3845,7948
138674,649,3847,7881
138674,673,3938,8040
139197,642,3865,7827
139197,669,3860,7983
137470,667,3995,8059
137470,667,3955,8014
138434,671,3876,8015
138434,661,4006,8040
138433,694,3974,8224
138433,656,3911,7950
139852,650,4048,8047
139852,668,3925,8057
137952,676,4059,8195
137952,636,6659,10584
143325,654,7227,11314
143325,665,4645,8723
141950,682,4350,8584
141950,670,4466,8538
122788,734,5331,9391
122788,688,3633,7714
110894,704,3600,7741
110894,690,3490,7552
105648,683,3484,7507
105648,712,3454,7563
104731,674,3430,7469
104731,696,3455,7550
103491,664,3391,7575
103491,685,3445,7354
113255,682,3252,7419
113255,694,3298,7418
124417,652,3228,7246
124417,674,3251,7332
128032,687,3314,7453
128032,666,3260,7303
132566,662,3810,7837
132566,653,8663,12744
142499,635,9026,12992
142499,665,8933,13084
146665,676,8861,13090
146665,631,7229,11111
147145,666,7403,11676
147145,655,5026,9020
141950,685,3517,7691
141950,674,3474,7581
137255,657,3488,7534
137255,656,3425,7459
135393,674,3506,7585
135393,679,3605,7735
136748,665,3480,7612
136748,653,3284,7385
133226,678,3195,7205
133226,683,3298,7378
131563,669,3204,7298
131563,666,3206,7265
130901,667,3254,7252
130901,680,3312,7417
135152,662,3924,8029
135152,653,4920,8872
142259,677,7395,11617
142259,657,6917,11067
144981,627,7068,10963
144981,677,4838,8989
138433,664,3402,7643
138433,669,3354,7248
135850,669,3361,7470
135850,666,3400,7486
138434,673,5653,9823
138434,645,6145,10001
141950,673,5932,10251
141950,662,6108,10207
144090,654,6148,10164
144090,666,6024,10152
145703,640,6183,10184
145703,668,6180,10275
143779,658,4602,8727
143779,662,3832,7859
140532,673,3966,8107
140532,649,3829,7804
140292,695,3888,8176
140292,630,3858,7763
138608,664,3939,8012
138608,693,3941,8171
138674,658,3969,8031
138674,667,3880,7972
137886,654,3926,7905
137886,680,3873,8069
138848,646,3952,7949
138848,656,3919,7967
138848,684,3868,8017
137952,673,3843,8021
137952,641,3907,7817
138434,686,3821,8060
138434,662,3789,7858
138259,651,3718,7710
138259,689,3382,7517
136989,653,3950,7927
136989,701,4133,8385
139155,634,4165,8093
139155,668,4006,8160
140052,659,4174,8153
140052,678,4022,8262
140747,673,4167,8294
140747,636,4101,8061
140748,682,4167,8370
140748,646,4141,8145
139811,673,4133,8284
139811,658,4466,8516
141977,649,4967,8910
141977,682,4876,9122
143154,635,4864,8791
143154,679,4893,9058
144330,637,5860,9743
144330,674,9178,13415
134189,723,8455,12603
134189,727,7580,11753
124017,685,4374,8409
124017,699,4008,8085
116373,691,3943,8009
116373,700,3987,8054
111860,718,3987,8227
111860,700,3936,8010
109463,657,4008,8043
109463,661,3848,7835
127310,677,4378,8578
127310,666,4300,8397
135634,652,4372,8414
135634,666,4369,8463
139878,650,4409,8447
139878,664,4417,8525
141951,668,4598,8633
141951,648,5495,9537
143153,683,5506,9761
143153,655,4767,8793
141495,663,4080,8164
141495,672,4087,8167
140119,656,4128,8143
140119,691,4072,8267
139330,660,4023,8055
139330,659,4038,8041
139811,673,4125,8301
139811,657,5718,9710
143565,639,6017,10001
143565,675,6075,10271
144287,651,6120,10122
144287,677,6091,10411
145222,641,5877,9802
145222,677,6036,10254
145489,655,6113,10136
145489,647,5850,9864
145249,670,5543,9795
145249,636,5110,9028
144287,686,5078,9315
144287,638,5112,9252
144261,668,5096,9057
144261,672,5159,9324
143806,649,5186,9209
143806,660,5169,9170
143806,648,5120,9168
143806,670,5073,9261
144046,653,5049,9091
144046,670,5108,9202
141736,674,3996,8187
141736,669,3899,7993
140052,645,3896,7856
140052,683,3904,8060
140533,651,4344,8386
140533,668,4494,8573
141496,649,4573,8581
141496,671,4527,8629
142913,650,4563,8608
142913,662,4586,8694
142672,687,4507,8748
142672,668,4562,8671
142431,651,4550,8574
142431,669,4495,8609
142123,646,4470,8507
142123,660,4481,8556
143539,654,4574,8591
143539,667,4517,8625
142912,654,4523,8618
142912,665,4417,8498
142191,683,4518,8760
142191,663,4560,8647
143634,668,4573,8620
143634,647,4514,8526
142913,666,4467,8606
142913,654,4519,8537
145462,657,8225,12361
145462,663,8923,13066
148107,648,9233,13211
148107,664,8895,13040
147556,640,9217,13177
147556,676,6433,10664
146664,643,5162,9213
146664,679,3660,7751
139156,678,3699,7859
139156,658,3584,7650
136051,675,3626,7725
136051,678,3711,7794
136292,643,3623,7615
136292,685,3619,7768
136116,654,3741,7733
136116,672,3637,7726
137496,679,5600,9766
137496,729,9650,13564
128913,738,12434,16780
128913,696,4439,8482
114220,688,3522,7571
114220,694,3505,7562
107824,687,3556,7615
107824,706,3541,7720
105406,695,3496,7585
105406,684,3479,7565
101122,668,3426,7512
101122,678,3685,7732
123934,648,4249,8250
123934,672,4499,8645
135810,650,4468,8485
135810,665,4522,8604
138674,665,4245,8363
138674,678,3672,7797
137471,659,3662,7642
137471,663,3670,7742
136051,693,3719,7959
136051,640,3649,7591
135329,687,3708,7918
135329,671,3662,7721
136292,654,3703,7645
136292,696,3615,7824
136026,659,3729,7768
136026,665,3700,7796
135329,665,3717,7763
135329,672,3702,7780
136508,658,3701,7707
136508,667,3616,7706
136026,666,3650,7719
136026,664,3684,7793
135088,686,3677,7881
135088,673,3643,7681
136292,666,3599,7636
136292,680,3591,7742
137470,644,4563,8574
137470,669,5149,9275
141642,644,5267,9296
141642,669,5175,9234
142844,648,5091,9149
142844,674,4578,8731
141642,655,4345,8373
141642,685,4432,8619
141469,652,4437,8485
141469,662,4467,8497
142097,652,4350,8422
142097,665,4381,8498
142432,663,4469,8500
142432,688,4263,8506
141014,643,3968,7930
141014,703,3905,8151
140507,638,3854,7877
140507,662,3845,7864
138193,662,3838,7879
138193,674,4170,8271
140774,670,5530,9723
140774,646,5763,9715
143635,662,5706,9776
143635,665,5704,9765
145249,686,5790,10065
145249,651,5525,9611
144115,649,4830,8813
144115,655,4781,8824
145051,690,4985,9235
145051,638,4749,8669
144116,677,4696,8938
144116,643,4831,8725
143806,659,4828,8984
143806,682,4841,9074
143153,652,4850,8867
143153,670,4742,8851
143153,651,4886,8918
143153,650,4880,8907
143875,668,4894,9001
143875,663,4949,9045
143875,657,4872,8890
143875,676,4773,8973
143325,665,4304,8407
143325,652,4268,8282
142432,651,4277,8263
142432,670,4176,8348
142191,693,4214,8434
142191,661,4207,8270
141255,656,4265,8322
141255,673,4222,8355
141950,652,4992,9081
141950,630,9479,13275
146424,676,7630,11968
146424,652,6843,10852
145800,642,4607,8585
145800,691,4467,8703
142191,684,4415,8580
142191,711,10309,13827
127949,725,10170,14685
127949,716,4408,8612
119433,676,4394,8340
119433,702,4358,8443
116835,709,4293,8393
116835,710,3940,8126
110873,665,3971,8008
110873,671,3793,7894
127527,657,3748,7753
127527,675,3713,7904
132464,659,3794,7781
132464,667,3791,7884
135088,694,3783,7980
135088,635,3701,7617
135329,685,3775,7944
135329,677,3780,7919
136774,657,3813,7804
136774,665,3738,7862
136508,660,3725,7728
136508,679,3721,7878
136468,663,3797,7806
136468,658,3728,7814
136708,681,3776,7979
136708,681,3800,7896
138434,632,4237,8121
138434,682,5391,9602
143634,640,5434,9412
143634,689,5478,9686
143393,694,5523,9635
143393,646,5441,9374
144741,688,5550,9835
144741,635,5483,9418
144047,667,5111,9227
144047,665,4612,8703
144191,652,4704,8705
144191,673,4631,8759
143085,678,4516,8724
143085,644,4545,8515
143126,673,4533,8673
143126,674,4524,8647
143538,662,4646,8759
143538,666,4614,8717
142431,642,4611,8559
142431,684,4567,8769
143325,648,5077,8955
143325,655,7275,11475
145462,650,7161,11176
145462,683,6787,11095
145462,649,6147,10146
145462,672,6133,10291
146595,641,6109,10152
146595,668,6079,10187
145462,641,6027,9982
145462,670,6158,10348
146184,656,6119,10164
146184,668,6099,10191
146636,640,5959,9904
146636,671,5951,10155
145703,650,6177,10166
145703,652,6066,10174
145222,666,5186,9308
145222,665,4297,8383
143153,684,4322,8574
143153,651,4289,8256
141950,657,4276,8310
141950,686,4396,8598
142886,652,4425,8457
142886,670,4292,8437
142672,651,4334,8305
142672,670,4396,8485
141710,667,4307,8433
141710,667,4350,8447
140051,680,3810,7992
140051,641,3365,7282
136748,687,3440,7629
136748,664,3458,7512
134606,665,3424,7442
134606,682,3383,7553
134125,664,3377,7408
134125,666,3381,7469
133948,681,3404,7546
133948,638,11577,15219
143539,668,16475,20911
143539,628,16509,20140
147217,670,14456,18905
147217,663,11377,15546
149111,631,11075,15034
149111,666,11124,15292
148615,659,11372,15269
148615,696,11003,15151
134060,755,10210,14519
134060,709,4351,8506
121524,696,4277,8340
121524,715,4284,8424
117261,691,4353,8349
117261,698,4173,8260
114924,673,4190,8198
114924,701,4218,8388
125442,659,4123,8154
125442,658,4962,9003
136748,663,4749,8906
136748,656,4781,8788
141229,671,4891,9108
141229,647,4653,8622
141951,693,4324,8536
141951,674,4269,8391
141228,653,4233,8285
141228,676,4333,8438
141161,653,4208,8251
141161,664,4284,8379
141161,653,4238,8256
141161,669,4192,8305
141229,652,4197,8202
141229,672,4224,8363
140988,659,4108,8153
140988,680,3265,7444
134365,670,3282,7327
134365,684,3275,7380
134164,680,3286,7422
134164,651,3243,7215
131957,675,3283,7402
131957,663,3313,7242
131780,678,3247,7432
131780,679,3305,7399
132084,672,3347,7393
132084,682,3762,7891
135569,644,3974,7964
135569,681,3988,8145
137015,672,3718,7831
137015,669,3458,7540
135152,666,3489,7540
135152,671,3463,7529
133884,658,3373,7399
133884,675,3374,7473
133948,673,3402,7500
133948,663,3416,7455
134429,682,3413,7586
134429,648,3392,7343
134670,686,3435,7629
134670,651,3385,7345
134189,681,3441,7589
134189,663,3444,7496
134124,685,3536,7696
134124,632,4019,7946
138193,669,4067,8163
138193,672,3963,8166
138367,651,3992,7984
138367,676,3859,7931
138675,664,4031,8268
138675,688,4779,8771
144116,651,12296,16203
144116,655,14805,19043
147315,645,9185,13207
147315,654,9186,13179
148009,653,9119,13285
148009,654,9166,13186
148489,651,9370,13440
148489,647,9333,13420
149041,683,9213,13628
149041,650,9152,13241
147796,647,9182,13180
147796,636,6976,10958
146424,661,4647,8715
146424,703,4525,8841
143806,623,4497,8398
143806,667,4518,8626
143153,674,4462,8610
143153,656,4566,8542
143394,667,4521,8721
143394,649,4512,8513
142672,672,4051,8247
142672,673,3871,7945
138367,667,3713,7763
138367,666,3707,7727
139571,655,4707,8763
139571,675,5135,9310
142191,640,5100,9091
142191,670,5155,9308
143779,640,5112,9130
143779,673,5236,9303
144260,680,5059,9339
144260,634,5143,9016
144982,673,5226,9490
144982,748,5390,9512
119674,681,4172,8156
119674,699,3505,7610
110169,703,3453,7620
110169,675,3501,7460
105648,712,3507,7715
105648,660,3419,7334
104923,726,3515,7761
104923,675,3401,7412
103231,657,3360,7430
103231,691,3376,7481
116559,665,3322,7365
116559,677,4043,8083
131056,650,3990,8020
131056,659,3868,7986
136026,681,3918,8114
136026,656,3913,7861
136988,680,3921,8101
136988,679,3891,8013
138673,653,3927,7965
138673,681,4006,8142
138915,652,3992,7999
138915,665,3929,8016
139785,650,4037,8018
139785,669,3929,8076
138915,661,3901,7936
138915,704,3848,8110
138915,649,4003,8036
138915,673,4003,8117
139156,663,3891,7953
139156,668,3937,7968
139878,676,3920,8091
139878,641,3883,7851
138915,656,3889,8079
138915,673,4364,8253
141469,648,4476,8538
141469,666,4621,8736
141736,689,4653,8909
141736,664,4549,8637
142191,645,4580,8523
142191,788,4993,9124
142603,696,6333,10443
142603,670,7527,11634
145008,658,5663,9794
145008,659,5408,9492
144838,653,4580,8603
144838,645,4186,8142
145703,675,12477,16665
145703,650,17211,21350
147272,649,17111,21066
147272,754,19138,23360
149619,629,17445,21359
149619,659,17476,21598
149379,653,18058,22082
149379,653,17315,21313
149139,665,17335,21759
149139,629,16564,20296
149067,680,16384,20917
149067,630,16063,19783
150792,676,16613,20970
150792,649,15941,19976
150552,646,16442,20469
150552,650,16276,20407
149548,644,16498,20421
149548,659,15929,20184
149138,660,8218,12424
149138,651,6330,10318
145222,675,4330,8476
145222,667,3788,7823
140988,690,3797,8019
140988,642,4412,8455
142191,656,5481,9513
142191,666,5336,9455
141709,674,4228,8374
141709,636,3748,7610
140506,660,4238,8319
140506,676,4273,8482
141228,658,4315,8298
141228,663,4258,8363
141254,691,4287,8551
141254,668,4365,8428
140988,660,4290,8359
140988,662,4280,8325
141495,664,4255,8347
141495,665,4266,8381
141229,655,4301,8303
141229,668,4205,8325
141229,666,4118,8233
141229,643,4236,8184
140988,660,4322,8380
140988,662,4210,8351
141228,660,4170,8376
141228,644,4256,8169
125382,756,9649,13688
125382,729,6209,10505
116537,675,3645,7651
116537,690,3522,7577
109444,705,3570,7716
109444,692,3600,7662
107530,695,3681,7726
107530,685,3608,7675
99912,689,3724,7782
99912,1189,12754,16646
93864,723,19312,23732
93864,750,18054,22222
95511,717,13388,17416
95511,726,9358,13567
92671,702,7778,11864
92671,717,7740,11857
90994,706,7750,11802
90994,707,7768,11816
90752,703,7877,11906
90752,717,7912,12022
90795,702,7820,11884
90795,721,7893,11989
91808,708,7949,11971
91808,720,7979,12139
91566,696,7808,11829
91566,1510,7741,12122
76955,1409,7910,12047
76955,1345,6248,10728
70967,1436,6618,10785
70967,1368,5874,10124
68792,1270,8588,12799
68792,1113,11644,15501
68018,1086,16072,20468
68018,1104,16512,20381
67520,924,18521,22968
70354,562,15845,19945
70354,608,6941,8363
70643,516,2458,6807
70643,518,1950,6025
69463,509,1889,5921
69463,520,2049,6119
69220,508,1940,5963
69220,516,1883,5946
69232,533,1804,5984
69232,519,1957,6013
68989,505,1895,5912
68989,518,1832,5909
68989,507,1840,5875
68989,520,1759,5825
68977,528,1773,5915
68977,521,1856,5938
68734,508,1757,5782
68734,523,1891,5970
68734,507,1736,5742
68734,519,1810,5892
68734,510,1946,5968
68734,522,1985,6058
68734,530,1739,5896
68734,517,1723,5796
68734,508,1749,5777
68734,519,1923,5983
68734,506,1735,5751
68734,517,1906,5975
68734,510,1785,5822
68734,518,1774,5825
68734,528,1891,6051
68734,497,1907,5847
68734,532,1795,5960
68734,519,1899,5965
68734,505,1808,5827
68734,518,1744,5822
68734,505,1803,5807
68734,523,1968,6050
68734,506,1730,5754
68734,517,1837,5911
68734,532,1878,6039
68734,519,1781,5848
68734,506,1814,5839
68734,519,1746,5809
68734,507,1758,5790
68734,517,1819,5873
68734,529,1775,5940
68734,493,1737,5808
68734,530,1808,5829
68734,524,1795,5876
68734,502,1761,5766
68734,520,1749,5835
68734,507,1710,5721
68734,522,1914,5976
68734,508,1653,5684
68734,548,1911,6111
57890,509,1874,5913
57890,520,1823,5882
52086,508,1686,5717
52086,514,1757,5809
49928,511,1621,5675
49928,517,1808,5858
49197,530,1698,5853
49197,494,1675,5765
48954,530,1719,5734
48954,524,1861,5938
48467,506,1676,5697
48467,516,1808,5876
48467,506,1839,5847
48467,522,1921,5998
48467,508,1675,5843
48467,539,1829,5882
48467,512,1731,5779
48467,517,1700,5754
48467,506,1659,5684
48467,517,1620,5685
48467,507,1821,5842
48467,521,1715,5780
48467,529,1766,5920
48467,494,1832,5902
48467,531,1809,5839
48467,521,1867,5936
48467,504,1813,5820
48467,521,1931,6010
48467,507,1751,5768
48467,522,2061,6133
48467,528,1693,5843
48467,497,1762,5844
48474,530,1672,5685
48474,523,1866,5937
48467,511,1605,5638
48467,515,1628,5685
48467,508,1682,5709
48467,520,1924,5989
48467,507,1755,5921
48467,516,1812,5880
48467,531,1847,5865
48467,522,1798,5872
48467,511,1765,5794
48467,516,1894,5958
48467,505,1816,5827
48467,520,1826,5905
48467,507,1689,5715
48467,515,1680,5743
48467,531,1775,5945
48467,518,1738,5805
48467,505,1643,5660
48467,517,1536,5606
45544,498,2625,8185
45544,520,1913,14062
31007,520,1681,13201
31007,535,1764,13703
25403,491,1660,13123
25403,541,1718,13659
23218,517,1639,13414
23218,504,1724,13304
22241,519,1860,13636
22241,510,1879,13479
21996,520,1829,13643
21996,525,1866,13689
21996,516,1872,13623
21996,512,1699,13311
21752,521,1804,13629
21752,503,1684,13219
21752,516,1672,13438
21752,511,1783,13405
21752,517,1643,13423
21752,533,1750,13680
21752,515,1679,13447
21752,509,1822,13423
21752,523,1798,13634
21752,499,1659,13190
21752,524,1750,13581
21752,503,1658,13182
21752,518,1671,13464
21752,531,1603,13504
21752,499,1782,13341
21752,527,1640,13467
21752,519,1684,13505
21752,505,1785,13343
21752,524,1750,13602
21752,506,1716,13272
21752,516,1782,13541
21752,530,1795,13674
21752,498,1723,13250
21752,529,1830,13693
21752,520,1710,13518
21752,504,1821,13389
21752,520,1772,13578
21752,532,1978,13818
21752,498,1945,13449
21752,535,1686,13616
21752,495,1792,13316
21752,531,1903,13755
21752,519,1799,13614
21752,503,1777,13327
21752,524,1923,13776
21752,502,1866,13387
21752,520,1803,13621
21752,523,1907,13699
21752,506,1831,13446
21752,530,1837,13703
21752,516,1888,13542
21752,514,1766,13482
21752,513,1717,13406
21752,515,1852,13563
21752,512,1767,13459
21752,537,1766,13764
21752,508,1833,13480
21752,515,1882,13539
21752,512,1876,13567
21752,513,1721,13434
21752,530,1812,13717
21752,498,1872,13355
21752,536,1921,13895
21752,511,1811,13510
21752,514,1966,13664
21752,514,1900,13580
21752,513,1912,13593
21752,505,1863,13473
17852,528,1879,13751
17852,510,1991,13577
17852,534,1810,13774
17852,513,1751,13463
17852,512,1744,13437
17852,515,1805,13482
17852,509,1796,13465
17852,514,1828,13538
17852,515,1689,13376
17852,514,1851,13548
17852,539,1785,13767
17852,516,1804,13542
17852,511,1810,13502
17852,504,1744,13335
17852,517,1722,13469
17852,503,1734,13329
17852,537,1862,13845
17852,498,1706,13208
17852,535,1721,13687
17852,514,1615,13334
17601,495,1762,13276
17601,533,1679,13542
17601,508,1746,13388
17601,515,1786,13520
17601,515,1875,13562
17601,532,1655,13555
17601,518,1724,13494
17601,511,1734,13433
17601,514,1751,13451
17601,516,2005,13686
17601,509,1811,13491
17601,514,1788,13491
17601,512,1892,13565
17601,513,1676,13370
17601,536,1794,13793
17601,519,1753,13460
17601,504,1793,13398
17601,526,1921,13722
17601,506,1678,13289
17601,514,1696,13401
17607,525,1792,13647
17607,501,1766,13283
17607,513,1756,13771
17607,536,1673,13343
17607,512,1708,13406
17607,514,1808,13505
17607,511,1706,13390
17607,511,1723,13410
17607,510,1575,13237
17607,518,1861,13580
17607,533,1520,13469
17607,518,1635,13358
17607,512,1647,13356
17607,518,1807,13526
17607,504,1735,13344
17607,511,1638,13321
17607,515,1856,13570
17607,514,1735,13442
17607,534,1746,13701
17607,514,1789,13500
17607,516,1772,13517
17607,510,1909,13538
17607,511,1655,13343
17607,514,1674,13370
17607,513,1902,13591
17607,513,1718,13407
17607,535,1672,13639
17607,514,1650,13370
17607,514,1734,13428
17607,514,1920,13631
17607,510,1624,13299
17607,508,1719,13371
17607,513,1791,13483
17607,514,1765,13470
17607,536,1711,13686
17607,511,1644,13341
17607,516,1915,13616
17607,511,1722,13416
17607,515,1934,13629
17607,509,1683,13350
17363,518,1655,13404
17363,527,1787,13625
17363,520,1758,13542
17363,517,1862,13577
17363,512,1763,13433
17363,514,1872,13578
17363,512,1818,13511
17363,514,1877,13601
17363,509,1723,13380
17363,515,1660,13375
17363,535,1981,13931
17363,512,1802,13494
17363,513,1792,13461
17363,514,1846,13563
17363,511,1772,13457
17363,514,1763,13477
17363,527,1762,13625
17363,496,1728,13228
17363,535,1736,13703
17363,506,1745,13380
17363,518,1734,13480
17363,518,1718,13450
17363,510,1806,13474
17363,511,1814,13489
17363,517,1738,13442
17363,513,1668,13344
17363,536,1667,13668
17363,513,1673,13375
17363,511,1626,13312
17363,520,1773,13502
17363,507,1692,13340
17363,518,1859,13604
17363,513,1852,13517
17363,530,1807,13717
17363,492,1676,13424
17363,536,1795,13474
17363,512,1709,13386
17363,512,1703,13394
17363,514,1670,13395
17363,511,1648,13330
17363,516,1660,13417
17363,507,1891,13486
17363,538,1748,13746
17363,513,1618,13331
17363,511,1713,13385
17363,510,1675,13338
17363,515,1636,13380
17363,512,1593,13284
17363,510,1678,13326
17363,513,1925,13623
17363,516,1655,13387
17363,531,1690,13620
17363,513,1871,13554
17363,512,1756,13457
17363,515,1712,13432
17363,511,1778,13452
17363,506,1844,13777
17363,522,1774,13256
17363,513,1697,13421
17363,512,1646,13325
17124,538,1657,13635
17124,512,1785,13436
17124,515,1592,13313
17124,514,1703,13411
17124,506,1717,13292
17124,519,1721,13495
17124,534,1672,13632
17124,514,1765,13478
17124,513,1764,13455
17124,509,1678,13322
17124,515,1731,13463
17124,508,1700,13351
17124,515,1750,13457
17124,512,1716,13409
17124,511,1720,13712
17124,538,1749,13450
17124,498,1790,13303
17124,526,1581,13423
17124,516,1953,13670
17124,513,1558,13266
17363,514,1804,13513
17363,512,1830,13486
17363,512,1791,13489
17363,537,1795,13791
17363,514,1620,13301
17363,510,1629,13300
17363,504,1618,13216
17363,520,1628,13413
17363,516,1553,13295
17363,510,1789,13448
17363,528,2076,13804
17363,536,1689,13654
17363,510,1594,13276
17363,509,1893,13554
17363,513,1618,13312
17363,513,1681,13393
17363,521,1608,13394
17363,501,1722,13273
17363,514,1716,13435
17363,535,1717,13696
17363,520,1871,13605
17363,508,1691,13305
17363,515,1802,13515
17363,514,1645,13353
17363,510,1791,13443
17363,517,1740,13440
17363,513,1679,13677
17363,537,1762,13453
17363,516,1690,13386
17363,508,1827,13492
17363,513,1648,13363
17363,514,1687,13394
17363,506,1856,13472
17363,522,1686,13480
17363,513,1675,13382
17363,530,1688,13594
17363,518,1801,13540
17363,508,1762,13417
17363,512,1807,13488
17363,514,1681,13378
17363,515,1833,13593
17363,508,1666,13265
17363,513,1676,13684
17363,538,1719,13414
17363,514,1742,13437
17363,509,1743,13414
17363,514,1659,13370
17363,510,1819,13502
17363,515,1725,13424
17363,509,1749,13414
17363,513,1738,13724
17363,535,1668,13367
17363,507,1770,13386
17363,516,1603,13344
17363,514,1711,13428
17363,512,1774,13450
17363,515,1809,13513
17363,511,1601,13288
17363,513,1739,13440
17118,515,1792,13596
