nvml:nvidia_geforce_gtx_970_0,rapl:ram,rapl:cores,rapl:pkg
17363,702,5945,16961
17118,523,2155,14004
17118,534,2016,13917
17118,512,1712,13377
17118,517,1745,13455
17118,510,1710,13379
17118,509,1643,13281
17118,518,1642,13363
17118,539,1740,13720
17118,517,1807,13530
17118,513,1799,13468
17118,516,1941,13650
17118,517,1854,13523
17118,514,1756,13488
17118,507,1660,13303
17118,516,1701,13444
17118,510,1739,13404
17118,536,1605,13602
17118,511,1740,13427
17118,504,1604,13210
17118,519,1730,13497
17363,517,1659,13450
17363,506,1746,13349
17363,509,1750,13398
17363,514,1794,13499
17363,528,1688,13578
17363,520,1781,13567
17363,518,1759,13502
17363,511,1967,13624
17363,502,1865,13451
17363,517,1650,13407
17363,514,1726,13438
17363,512,1726,13403
17363,512,1794,13501
17363,535,1705,13679
17363,513,1849,13547
17363,512,1827,13522
17363,512,1852,13547
17363,509,1754,13410
17363,511,1772,13479
17363,516,1730,13419
17363,515,1854,13592
17363,538,1799,13778
17363,511,1724,13411
17363,515,1832,13529
17363,513,1875,13573
17363,508,1695,13327
17363,510,1670,13351
17363,514,1807,13508
17363,513,1697,13705
17363,535,1749,13435
17363,510,1732,13412
17363,514,1825,13525
17363,505,2055,13653
17363,521,1717,13533
17363,507,1807,13438
17363,514,1798,13512
17363,513,1623,13341
17363,527,1738,13616
17363,521,1749,13558
17363,513,1688,13383
17363,540,2134,13875
17363,508,1699,13309
17363,509,1698,13362
17363,514,1733,13433
17363,513,1799,13515
17363,526,1685,13560
17363,521,1813,13599
17363,517,1813,13542
17363,512,1721,13409
17363,510,1813,13485
17363,509,1731,13398
17363,514,1725,13420
17363,539,2012,14004
17363,514,1696,13405
17363,507,1772,13407
17363,515,1682,13406
17363,513,1665,13379
17363,513,1759,13453
17363,515,1675,13374
17363,508,1744,13376
17368,521,1685,13516
17368,528,1738,13620
17368,509,1630,13310
17368,514,1686,13389
17368,514,1718,13421
17368,501,1673,13237
17368,521,1885,13661
17368,512,1821,13512
17368,530,1738,13652
17368,521,1704,13489
17368,509,1752,13405
17368,515,1734,13431
17368,514,1846,13546
17368,513,1809,13512
17368,512,1859,13550
17368,513,1630,13324
17368,510,1720,13406
17368,535,1693,13679
17368,504,1703,13305
17363,497,1678,13538
17363,542,1804,13405
17363,512,1638,13342
17363,501,1640,13225
17363,516,1643,13366
17363,513,1738,13752
17363,538,1777,13488
17363,595,5399,16709
17363,529,1909,13914
17363,513,1630,13331
17363,512,1651,13336
17363,513,1603,13315
17363,510,1652,13305
17363,535,1713,13710
17363,516,1837,13563
17363,502,1791,13376
17363,524,1747,13533
17363,589,4491,16225
17363,507,1907,13584
17363,511,1701,13375
17363,514,1697,13464
17363,510,1769,13377
17363,535,1621,13604
17363,511,1673,13364
17363,511,1811,13470
17363,512,1841,13526
17363,514,1858,13576
17363,512,1882,13559
17363,513,1809,13509
17363,515,1708,13442
17363,513,1625,13335
17363,535,1671,13642
17363,514,1779,13455
17363,515,1905,13611
17363,510,1601,13283
17363,513,1593,13301
17363,509,1738,13392
17363,513,1778,13484
17363,531,1607,13557
17363,513,1725,13429
17363,508,1818,13481
17363,514,1794,13489
17363,512,1805,13496
17363,511,1615,13309
17363,512,1733,13428
17363,512,1602,13303
17363,530,1675,13575
17363,522,1903,13683
17363,518,2038,13711
17363,514,1768,13491
17363,509,1728,13386
17363,505,1745,13365
17363,521,1645,13433
17363,536,1937,13892
17363,514,1638,13359
17363,511,1709,13395
17363,511,1794,13463
17363,513,1676,13375
17363,503,1735,13322
17363,522,1671,13475
17363,520,1642,13462
17363,504,1738,13304
17363,513,1847,13571
17363,531,1766,13702
17363,512,1661,13354
17363,513,1891,13588
17363,506,1783,13394
17363,520,2027,13812
17363,510,1848,13499
17363,513,1818,13530
17363,536,1740,13708
17363,512,1571,13281
17363,512,1701,13374
17363,512,1619,13286
17363,514,1599,13321
17363,513,1829,13533
17363,510,1766,13419
17363,512,1710,13411
17363,536,1687,13673
17363,512,1595,13303
17368,499,1634,13149
17368,529,1758,13633
17368,511,1759,13448
17368,512,1608,13310
17368,514,1743,13466
17368,508,1710,13357
17368,533,1654,13601
17368,516,1975,13696
17368,513,1730,13400
17368,513,1865,13578
17368,510,1682,13352
17368,510,1711,13392
17368,515,1675,13396
17368,509,1781,13453
17368,536,1799,13797
17368,513,1756,13469
17368,509,1592,13251
17368,515,1709,13424
17368,510,1861,13537
17368,511,1721,13425
17363,524,1639,13455
17363,517,1626,13371
17363,522,1690,13497
17363,510,1667,13326
17363,514,1702,13422
17363,511,1786,13468
17363,511,1670,13345
17363,516,1719,13445
17363,510,1819,13488
17363,513,1619,13325
17363,513,1667,13384
17363,537,1757,13759
17363,508,2037,13675
17363,513,1695,13388
17363,514,1839,13528
17363,512,1771,13469
17363,512,1898,13598
17363,536,1605,13560
17363,514,1755,13464
17363,510,1785,13453
17363,495,1691,13206
17363,532,1743,13662
17363,512,1639,13321
17363,505,1630,13240
17363,517,1514,13270
17363,511,1557,13251
17363,513,1444,13169
17363,531,1642,13538
17363,520,1973,13740
17363,511,1638,13323
17363,512,1665,13359
17363,505,1751,13369
17363,517,1602,13348
17363,515,1918,13616
17363,536,1810,13802
17363,511,1617,13278
17363,517,1709,13471
17363,506,1707,13335
17363,514,1799,13497
17363,512,1786,13466
17363,520,1707,13531
17363,505,1779,13378
17363,511,1745,13718
17363,537,1734,13436
17363,511,1710,13393
17363,511,1700,13389
17363,511,1614,13298
17363,508,1827,13452
17363,518,1706,13471
17363,510,1754,13414
17363,514,1874,13596
17363,534,1570,13521
17363,508,1665,13311
17363,520,1663,13454
17363,509,1781,13409
17363,512,1850,13531
17363,513,1808,13530
17363,511,1724,13409
17363,512,1712,13426
17363,534,1889,13844
17363,494,1741,13257
17363,531,1891,13795
17363,512,1710,13414
17363,514,1742,13448
17363,507,1641,13295
17363,513,1754,13468
17363,512,1615,13304
17363,532,1882,13811
17363,520,1811,13583
17363,500,1741,13286
17363,519,1833,13615
17363,511,1606,13287
17363,512,1691,13388
17363,513,1654,13362
17363,511,1723,13411
17363,534,1670,13637
17363,516,1678,13413
17363,500,1690,13256
17363,521,1824,13627
17363,510,1647,13314
17363,519,1623,13418
17363,510,1811,13415
17363,526,1553,13420
17363,522,1475,13278
17363,510,1850,13524
17363,514,1838,13554
17363,513,1725,13430
17363,510,1897,13523
17363,513,1622,13328
17363,512,1759,13455
17363,529,1711,13609
17363,520,1908,13692
17363,511,1872,13553
17363,514,1804,13508
17363,513,1997,13694
17363,514,1808,13520
17363,508,1791,13447
17363,512,1759,13453
17363,511,1661,13357
17363,527,1800,13669
17363,509,1854,13516
17363,527,1864,13699
17363,510,1933,13606
17363,508,1726,13364
17363,515,1601,13343
17363,512,1625,13333
17363,511,1714,13409
17363,534,1857,13801
17363,516,2017,13738
17363,513,1759,13480
17363,515,1778,13496
17363,509,1620,13287
17363,515,1725,13437
17363,507,1748,13380
17363,512,1684,13395
17363,512,1592,13595
17363,534,1758,13405
17363,513,1708,13421
17363,511,1587,13272
17363,513,1567,13250
17363,526,1755,13620
17363,496,1595,13075
17363,514,1704,13437
17363,535,1828,13802
17363,510,1685,13364
17363,512,1665,13346
17363,512,1678,13378
17363,514,1778,13477
17363,509,1791,13464
17363,511,1738,13421
17363,516,2038,13753
17363,534,1986,13950
17363,515,1797,13526
17363,508,1753,13404
17363,517,1857,13578
17363,513,1805,13492
17363,512,1994,13692
17363,509,1851,13524
17363,516,1786,13529
17363,515,1915,13609
17363,519,1782,13581
17363,529,2038,13914
17363,514,1810,13511
17363,511,1988,13663
17363,513,1939,13654
17363,509,1823,13495
17363,514,1717,13434
17363,530,1903,13806
17363,520,2073,13807
17363,506,1856,13485
17363,517,1853,13587
17363,515,2014,13697
17363,513,1855,13564
17363,508,1842,13498
17363,516,1899,13630
17363,510,1967,13637
17363,537,1792,13785
17363,510,1721,13403
17363,513,1829,13544
17363,511,1810,13459
17358,523,1779,13636
17358,502,1846,13413
17358,510,1675,13335
17358,511,1826,13530
17358,537,1633,13631
17358,512,1747,13422
17358,511,1766,13450
17358,514,1926,13618
17358,505,1806,13412
17358,517,1704,13459
17358,517,1775,13520
17358,512,1932,13622
17358,534,1910,13860
17358,506,1956,13593
17358,519,1796,13544
17358,512,1977,13668
17358,513,1773,13487
17358,513,1842,13548
17358,507,1910,13554
17358,512,1821,13791
17363,517,1807,13281
17363,537,1906,13868
17363,513,1903,13567
17363,514,1839,13537
17363,511,1839,13517
17363,513,1869,13568
17363,512,1730,13425
17363,512,1816,13487
17363,515,1706,13721
17363,537,1706,13408
17363,508,1967,13614
17363,514,1979,13687
17363,515,1945,13649
17363,513,1685,13397
17363,510,1710,13369
17363,514,1749,13469
17363,512,1793,13494
17363,533,1874,13830
17363,509,1970,13630
17363,541,4410,15691
17352,590,16209,27943
17352,628,21218,33526
17352,716,20709,32307
17352,853,17679,29366
17352,591,20359,32080
17352,650,21519,33011
17352,930,15852,27779
17352,882,14577,26267
17352,730,29300,41506
17352,615,50697,62266
17352,647,27236,38587
17352,812,19215,31681
17352,646,20538,32300
17352,641,20294,31931
17352,623,20304,31768
17352,1041,16932,28782
17352,636,15674,27414
17352,669,19841,31491
17352,636,20225,31915
17352,645,20249,31877
17329,661,20096,32110
17329,1253,10487,22582
17329,669,16612,28529
17329,622,20452,32111
17329,685,20126,31847
17329,639,19956,31650
17329,659,19935,31582
17329,583,20299,31984
17329,588,22135,33710
17329,589,22466,34179
17329,592,22480,34177
17329,1897,20119,32653
17329,723,13117,25402
25132,863,20054,28151
34120,996,19830,23719
34120,1000,19781,24210
43080,1083,19804,24004
43080,901,19560,23681
46464,950,19431,23470
46464,1053,19625,23831
47923,959,20287,24450
47923,868,19538,23801
48166,1037,18827,22936
48166,1847,16918,21901
48678,1084,14691,18960
48678,1339,17413,21775
48653,759,14903,18962
48653,931,18323,22412
48441,1179,8560,12984
48441,570,16011,19758
48410,631,19694,23696
48410,606,19848,23851
48378,573,21463,25441
48378,611,22402,26478
48410,940,22238,26991
48410,912,19170,23360
48410,987,19625,23624
48410,971,19114,23366
48410,1134,20246,24155
48410,939,19601,24164
48653,943,19352,23232
48653,1009,19097,23358
50106,786,19274,23227
50106,892,19698,24352
49869,928,19545,23600
49869,919,19233,23528
49140,991,19549,23383
49140,977,19383,23741
58794,827,19353,23592
58794,983,19508,23662
65544,742,19199,23248
65544,636,18879,23035
84257,663,17607,21935
84257,632,17583,21267
100263,633,17105,21128
100263,662,17123,21406
111175,657,16664,20999
111175,672,15567,19747
131211,640,9242,13223
131211,647,6959,10915
137645,672,6077,10241
137645,692,4566,8843
136989,664,4590,8656
136989,671,4595,8700
137712,652,4620,8641
137712,645,4193,8346
135545,689,4090,8154
135545,660,4157,8178
136442,656,4900,8968
136442,671,4837,8925
138608,639,4879,8876
138608,671,4726,8872
138126,681,4949,9014
138126,667,4793,8886
138434,660,4952,8972
138434,688,4910,9216
139545,656,4854,8922
139545,671,4818,8910
137886,635,4341,8300
137886,665,4145,8222
137645,658,4190,8234
137645,666,4206,8314
137404,681,4273,8483
137404,667,4229,8348
136748,671,4360,8341
136748,662,4207,8283
136508,665,4284,8367
136508,665,4224,8344
136682,650,4227,8214
136682,673,4190,8367
136923,650,4179,8168
136923,665,4173,8281
136748,684,4234,8447
136748,658,3773,7818
132439,660,3354,7380
132439,669,3903,7965
133402,694,3974,8109
133402,675,3900,7981
135088,666,3870,7970
135088,669,3885,8017
135544,632,3931,8039
135544,689,3942,7932
134582,665,3895,7958
134582,669,3930,8039
135063,657,3943,7974
135063,668,4026,8102
135088,663,3949,7996
135088,653,3875,8124
135304,698,3949,7952
135304,686,4015,8155
134822,636,3948,7848
134822,668,4504,8606
136442,666,4568,8721
136442,665,4527,8616
139304,655,4574,8629
139304,661,4627,8679
139089,661,4558,8677
139089,660,4590,8631
138848,659,4560,8648
138848,657,4534,8618
139879,700,4679,8834
139879,688,4459,8663
139089,638,4401,8366
139089,655,5451,9472
141229,646,5826,9867
141229,671,5658,9807
141255,674,5520,9738
141255,655,4239,8165
139571,676,4165,8370
139571,679,3936,8062
136051,661,3750,7800
136051,679,3786,7920
134149,664,3896,7880
134149,683,3774,7893
135088,612,3918,8045
135088,681,16147,19974
105839,1082,18468,22579
105839,640,20030,24054
83329,680,20593,24938
83329,720,16866,20718
109371,711,9922,14330
109371,719,3590,7836
104197,663,3444,7536
104197,716,3460,7505
101364,712,3539,7607
101364,713,3402,7532
101606,649,3463,7410
101606,649,3483,7555
114442,665,4591,8707
114442,669,4534,8632
129877,657,4532,8510
129877,672,4574,8699
136508,660,4563,8624
136508,695,4538,8785
138193,648,4558,8631
138193,673,4597,8720
138916,674,4722,8740
138916,673,4536,8657
140093,645,4506,8531
140093,657,4122,8153
137952,673,3847,7978
137952,676,3584,7679
134125,662,3627,7627
134125,676,3615,7757
133491,663,3700,7722
133491,690,3592,7812
131564,666,3544,7650
131564,669,3716,7694
132921,697,3703,7858
132921,676,3664,7779
132263,644,3661,7739
132263,682,3558,7534
132263,661,3614,7656
132263,675,4458,8587
136507,663,5025,9133
136507,660,5116,9126
140266,655,4788,8903
140266,672,4394,8514
139156,659,4411,8416
139156,677,4380,8523
139638,667,4373,8369
139638,669,4411,8539
138848,674,4426,8596
138848,680,4401,8552
139089,651,4432,8471
139089,660,4434,8502
140267,675,4676,8588
140267,674,4374,8574
139089,669,4477,8570
139089,655,5427,9459
141470,683,5582,9835
141470,659,5496,9568
141642,678,5495,9569
141642,667,5440,9518
141882,637,5399,9389
141882,652,4929,8923
140052,680,4209,8358
140052,669,4136,8219
138915,686,4098,8342
138915,631,4099,8190
138219,697,4110,8156
138219,657,4416,8437
139570,645,4816,8858
139570,672,4895,9010
139570,670,4883,8914
139570,676,4626,8828
140051,666,4358,8379
140051,653,5160,9175
140774,652,5049,9119
140774,666,5197,9281
141736,679,5108,9384
141736,659,5173,9183
141496,665,5097,9222
141496,667,5197,9292
142191,643,5081,9120
142191,662,5129,9160
141401,678,5158,9282
141401,664,5100,9199
141427,642,5193,9184
141427,661,5180,9287
141976,659,5119,9210
141976,695,5168,9447
142913,642,5236,9287
142913,667,5200,9240
142217,651,5098,9177
142217,678,5092,9227
138675,653,3749,7803
136748,662,3455,7442
136748,697,3508,7626
133948,663,3695,7701
133948,695,4800,9062
133948,743,12837,16977
127490,728,12522,16630
119695,681,3885,7924
119695,687,3436,7467
108255,717,3479,7654
108255,681,3398,7410
104439,696,3428,7526
104439,713,3469,7572
102573,665,3423,7469
102573,669,3346,7364
112081,657,3178,7218
112081,689,3230,7439
122546,668,3250,7235
122546,670,3231,7317
126744,661,3220,7299
126744,675,3301,7321
128009,687,3247,7445
128009,639,3310,7207
133441,676,4527,8714
133441,662,4485,8558
137952,669,4596,8677
137952,668,4490,8616
139570,648,4562,8563
139570,668,4537,8658
140507,653,4639,8683
140507,661,4562,8651
140988,690,4644,8866
140988,639,4554,8485
140747,674,4571,8784
140747,671,4591,8701
141642,633,5477,9495
141642,658,5711,9702
143085,662,6443,10542
143085,658,8211,12282
143154,658,5237,9349
143154,667,4569,8657
141470,664,4453,8607
141470,673,4544,8670
141951,665,4598,8666
141951,674,4464,8606
140989,661,4177,8235
140989,650,3613,7532
136532,668,3475,7643
136532,663,3523,7525
135635,686,3564,7742
135635,666,3580,7658
134365,657,3621,7655
134365,662,3469,7510
133466,667,3559,7653
133466,679,3461,7581
134125,651,3516,7492
134125,675,3483,7598
133643,686,3561,7776
133643,640,3504,7441
133948,684,3564,7754
133948,680,3615,7734
134671,673,3569,7646
134671,653,3604,7612
133707,656,3626,7655
133707,664,3642,7728
133707,665,3670,7702
133707,670,4896,8948
137886,666,4699,8833
137886,690,3880,8061
137014,647,3926,7932
137014,677,3863,8012
137230,660,4230,8270
137230,648,7119,11109
142673,666,6074,10339
142673,662,6108,10214
143153,645,6029,10029
143153,657,6152,10268
143325,652,5268,9297
143325,686,4343,8559
141495,641,4461,8419
141495,670,4408,8504
140533,649,4365,8366
140533,669,4426,8559
141710,654,4483,8492
141710,702,4355,8659
140292,659,4386,8463
140292,638,6092,9970
143566,666,6829,11058
143566,668,6866,10998
142939,647,5527,9549
142939,675,3736,7833
138434,656,3800,7824
138434,666,3782,7883
137952,676,3796,7967
137952,657,3788,7743
138914,669,3758,7897
138914,696,3769,7954
140813,642,3760,7716
140813,675,3790,7924
138914,658,3775,7807
138914,707,4728,8840
125117,717,10555,14616
125117,716,7261,11414
119410,698,3952,8011
119410,693,3809,7937
113046,685,3886,7931
113046,702,3952,8035
111356,675,3942,7942
111356,665,3808,7915
117479,688,3738,7889
117479,652,3714,7723
127527,686,3680,7872
127527,678,3676,7791
132503,650,3682,7682
132503,682,3634,7773
133466,671,3485,7587
133466,648,3581,7557
133644,688,3611,7806
133644,643,3679,7577
134606,670,3645,7819
134606,665,3712,7893
135063,676,3684,7642
135063,682,3635,7817
134848,650,3671,7642
134848,677,3702,7798
135610,649,3678,7711
135610,683,3711,7854
136027,660,3745,7754
136027,679,3657,7857
134847,670,3704,7778
134847,662,3676,7714
134100,663,3678,7796
134100,680,3669,7791
135544,647,3718,7657
135544,669,3629,7774
134671,670,3701,7785
134671,654,3620,7675
134189,686,3678,7867
134189,667,3654,7679
135570,642,3716,7685
135570,698,3716,7930
134671,646,3648,7590
134671,690,3625,7890
134189,649,3637,7581
134189,690,3638,7803
135329,649,3628,7647
135329,672,3715,7784
134671,666,3677,7774
134671,665,3575,7618
134606,686,3670,7872
134606,641,3614,7565
134188,667,3615,7671
134188,699,3743,7988
135810,664,3696,7740
135810,668,3630,7721
134872,659,3685,7742
134872,643,3588,7558
133908,680,3633,7778
133908,683,3633,7773
135569,652,3683,7636
135569,701,3688,7938
134149,654,3687,7739
134149,657,4221,8158
138367,659,4174,8434
138367,667,4233,8154
139329,659,4004,8056
139329,700,3809,8063
138126,633,3747,7643
138126,694,3695,7941
136989,658,3767,7812
136989,671,4066,8198
139397,646,4312,8319
139397,656,4348,8362
140052,668,4470,8609
140052,663,4440,8501
142191,647,4432,8491
142191,660,4407,8507
141950,691,4370,8556
141950,646,4024,7979
140533,690,3862,8098
140533,656,3808,7912
139089,651,3821,7825
139089,691,3891,8039
138434,645,3896,7907
138434,673,3897,8016
137671,656,3931,7972
137671,664,7195,11293
143257,631,9164,13068
143257,664,7516,11719
145873,668,7459,11705
145873,658,7461,11537
146835,645,7588,11646
146835,647,6904,10898
145152,656,5453,9457
145152,666,5242,9440
143806,665,4139,8271
143806,671,4398,8427
127226,769,14630,18858
127226,692,7807,11766
118708,698,4013,8103
118708,696,3935,8029
112510,696,3976,8021
112510,692,3905,7980
110168,717,3923,8188
110168,661,3883,7953
114013,678,3857,7904
114013,672,3782,7836
126587,649,3703,7756
126587,669,3695,7717
132199,678,3728,7864
132199,657,4027,8147
137404,663,4306,8383
137404,660,4160,8247
140051,661,4313,8371
140051,655,4203,8323
140266,657,4333,8339
140266,670,4237,8293
139878,662,4208,8315
139878,664,4231,8302
140533,688,4126,8343
140533,674,3809,7909
138393,644,3729,7687
138393,679,3710,7900
136989,660,3841,7863
136989,663,4322,8380
141014,664,8367,12557
141014,667,8717,12780
144528,646,8426,12498
144528,665,8664,12778
146114,636,8316,12256
146114,678,8594,12818
147315,639,8316,12309
147315,660,8559,12659
147556,643,8591,12587
147556,664,7143,11273
145730,660,5378,9498
145730,655,5143,9189
144287,670,4654,8795
144287,655,4416,8501
141951,673,4161,8277
141951,666,3937,8062
140360,647,4015,8031
140360,679,3932,8043
138675,657,3869,7895
138675,676,3894,8030
138675,649,3992,7993
138675,681,4002,8191
138675,674,3955,8068
138675,664,3858,7958
139330,645,4040,8021
139330,660,3921,8000
138218,675,4022,8138
138218,672,3968,8053
138126,652,3851,7885
138126,683,4871,9104
141710,647,5791,9828
141710,656,5889,9987
143394,649,5703,9753
143394,669,5698,9780
145008,641,5809,9787
145008,661,4945,9027
143325,673,4839,9058
143325,672,4800,8923
144020,636,4872,8871
144020,670,4913,9047
143806,654,4871,8922
143806,662,4870,8932
144046,645,4953,8963
144046,667,4824,8962
143806,660,4849,8913
143806,662,4937,9025
144501,650,5936,9996
144501,666,6153,10216
144981,651,6079,10177
144981,657,6201,10294
144981,684,6244,10515
144981,630,6122,9985
146113,666,6047,10283
146113,651,5220,9183
144527,652,5116,9191
144527,687,6414,10707
145703,650,6645,10646
145703,663,6295,10420
144981,639,5153,9183
144981,666,4540,8660
143325,659,4614,8639
143325,669,4503,8633
127792,663,4604,8626
127792,762,6001,10243
121605,702,4928,9001
121605,706,4183,8270
115890,673,3996,7962
115890,701,4016,8112
111860,698,4042,8146
111860,702,3997,8084
109497,669,3990,8050
109497,701,3812,8044
126323,665,3803,7899
126323,649,3850,7803
136026,657,5316,9405
136026,659,4944,8958
140051,663,4389,8511
140051,667,4092,8154
139637,664,4067,8159
139637,676,6367,10580
144329,652,7442,11483
144329,657,7452,11580
146183,641,7565,11529
146183,655,6443,10488
146184,663,6508,10628
146184,671,6069,10263
144287,645,4648,8635
144287,653,4575,8631
144115,689,4634,8867
144115,657,4326,8334
141710,656,4134,8190
141710,667,4193,8264
140533,678,4099,8297
140533,678,4120,8236
139811,649,4173,8171
139811,672,4070,8170
141228,655,4419,8447
141228,658,4795,8919
142191,649,4711,8745
142191,665,4811,8884
143153,656,5205,9304
143153,679,6707,10888
142912,641,4283,8263
142912,695,3701,7946
137978,651,3560,7620
137978,667,3653,7660
137952,667,3760,7914
137952,674,4953,9044
140359,657,4395,8511
140359,666,4108,8164
138433,641,3364,7325
138433,687,3383,7524
137230,658,3995,7984
137230,662,4831,8876
140747,664,4651,8793
140747,677,7052,11255
143875,651,6532,10572
143875,666,4524,8607
143875,669,5037,9215
143875,635,5697,9551
144047,687,5074,9378
144047,658,3694,7762
139852,658,3690,7735
139852,671,3744,7818
139919,667,3711,7788
139919,665,3626,7760
137711,648,3711,7677
137711,683,3718,7858
138126,663,3670,7801
138126,655,3897,7865
139544,645,4313,8333
139544,665,4296,8410
141710,692,4238,8478
141710,622,4283,8114
141469,688,4318,8611
141469,667,4353,8454
141710,649,4322,8333
141710,670,4354,8469
141469,649,4337,8347
141469,669,4396,8505
142604,648,4418,8458
142604,664,4368,8491
142672,682,4450,8609
142672,646,4311,8254
142431,669,4287,8446
142431,678,4401,8602
141710,653,4396,8431
141710,670,4451,8560
141950,646,4437,8460
141950,651,4803,8799
143634,665,6701,10844
143634,666,6663,10754
146184,653,6960,10957
146184,659,6667,10729
133707,768,10589,14842
133707,705,12330,16317
121604,694,4133,8287
121604,698,3477,7541
111136,701,3510,7682
111136,695,3454,7524
105648,687,3419,7489
105648,712,3567,7669
107582,656,4073,8120
107582,681,4681,8665
127287,658,4641,8772
127287,668,4310,8446
136292,645,4295,8307
136292,667,8974,13047
145506,639,11292,15240
145506,683,7081,11418
146424,629,7050,11023
146424,673,5242,9324
144810,651,5126,9417
144810,664,8456,12113
146595,652,17085,21261
146595,642,16503,20557
148489,666,14152,18473
148489,667,5669,9847
146905,653,5537,9592
146905,652,5360,9377
145944,661,5146,9292
145944,671,4622,8694
143394,641,4534,8572
143394,681,4516,8714
142699,655,4542,8557
142699,649,4449,8439
143565,666,4539,8687
143565,663,4497,8609
142630,661,4592,8647
142630,665,4524,8632
142912,656,4647,8657
142912,676,5097,9297
144837,653,5684,9711
144837,672,4391,8557
140773,661,3783,7770
140773,674,3692,7867
137977,664,3779,7751
137977,683,3741,7920
137952,676,3777,7883
137952,640,3657,7778
137470,688,3714,7782
137470,669,3725,7794
138018,660,3732,7773
138018,653,3739,7738
137952,674,3781,7900
137952,670,3774,7847
137496,657,3771,7820
137496,663,3768,7797
138408,657,3747,7838
138408,674,3821,7907
137229,682,3798,8020
137229,670,3757,7834
138126,646,3735,7785
138126,648,4488,8467
140747,688,5387,9631
140747,634,5485,9412
143153,658,5588,9622
143153,650,5547,9635
144357,688,5434,9703
144357,659,5432,9503
145462,645,5551,9596
145462,674,5507,9609
144741,633,4705,8673
144741,662,4561,8630
143394,681,4567,8828
143394,650,4484,8463
144088,669,4625,8716
144088,673,4521,8668
143608,647,4520,8536
143608,667,4529,8649
142844,650,4519,8552
142844,660,4563,8628
143634,666,4582,8641
143634,669,4514,8674
144116,648,4630,8615
144116,680,5798,10017
145532,655,5917,9939
145532,658,5612,9742
143635,687,4534,8574
143635,666,4259,8354
140119,687,3736,7958
140119,671,3761,7832
140815,659,4054,8167
140815,626,4464,8352
141255,678,4239,8329
141255,692,3866,8130
121845,713,6689,10730
121845,701,8943,12885
122087,690,4913,9025
122087,704,4236,8334
117339,715,4255,8425
117339,713,4243,8382
115166,687,4221,8294
115166,656,4230,8238
122511,676,4134,8277
122511,663,4585,8611
136051,644,4979,8951
136051,673,4909,9013
140532,659,4788,8913
140532,664,4911,8990
143153,669,4930,9167
143153,668,4948,9074
141950,666,4016,8076
141950,653,3658,7689
138434,667,3756,7782
138434,688,5072,9265
141977,643,5523,9535
141977,661,5520,9629
143325,657,5390,9432
143325,670,5524,9637
145490,636,5504,9507
145490,672,7579,11588
148489,632,15857,19862
148489,664,9588,13760
149210,680,9899,14188
149210,658,8992,13062
149042,647,7535,11551
149042,670,6262,10389
142123,662,3483,7558
142123,676,3285,7378
135811,683,3285,7435
135811,652,3269,7394
132984,684,3262,7282
132984,686,3284,7382
132503,660,3275,7311
132503,670,3239,7322
132503,674,3284,7341
132503,672,3290,7379
132198,655,3274,7305
132198,679,3332,7435
131539,686,3209,7385
131539,642,3225,7152
131780,699,3171,7397
131780,671,3204,7243
132262,641,3196,7165
132262,694,3268,7440
130600,652,3210,7207
130600,682,3219,7370
131322,668,3255,7294
131322,668,3229,7286
131563,687,3220,7391
131563,658,3181,7188
133884,680,3872,7991
133884,664,3929,8040
138433,634,4257,8174
138433,695,5686,9942
142431,658,5709,9843
142431,657,5698,9782
144740,658,5861,9891
144740,653,5732,9846
144501,638,5690,9621
144501,670,5745,9938
145943,659,6574,10640
145943,660,7198,11310
146664,654,6245,10309
146664,666,4886,8977
143565,655,4377,8422
143565,678,4289,8452
142123,645,4502,8454
142123,687,5425,9691
142672,647,4622,8568
142672,685,4163,8307
142217,671,4841,9007
142217,658,7192,11218
142912,648,4323,8345
142912,674,4087,8179
141254,680,4076,8275
141254,646,3718,7638
138915,682,3575,7749
138915,668,3614,7714
137711,673,3760,7868
137711,636,4212,8333
139877,669,4214,8141
139877,669,4267,8378
141495,664,5054,9144
141495,652,5159,9193
144088,668,5284,9355
144088,664,5189,9313
143634,658,5155,9191
143634,732,5601,9777
125623,741,6032,10245
125623,658,3386,7469
112102,707,3495,7487
112102,688,3386,7464
107582,707,3435,7576
107582,671,3420,7393
105648,703,3432,7615
105648,676,3450,7440
104025,671,3436,7562
104025,692,3290,7432
119007,649,3245,7238
119007,688,3295,7404
126383,664,3251,7282
126383,666,3249,7326
129673,671,3321,7357
129673,692,3260,7486
131056,676,3260,7341
131056,672,3205,7273
133201,646,3218,7204
133201,692,3252,7382
131602,670,3120,7238
131602,662,3451,7525
137470,651,4535,8445
137470,665,4537,8666
140680,677,4549,8752
140680,670,4550,8659
141709,644,4605,8638
141709,667,4234,8347
140748,657,4105,8156
140748,661,4051,8063
140266,673,4103,8231
140266,668,4417,8505
141951,641,4839,8819
141951,669,4782,8935
142431,658,4726,8798
142431,659,4754,8813
143566,655,4698,8750
143566,683,6497,10785
145633,636,11297,15006
145633,657,12411,16632
146637,655,6214,10414
146637,677,3951,8059
141950,655,3791,7814
141950,673,8360,12515
145943,649,9245,13286
145943,664,6051,10185
142604,656,4073,8116
142604,658,4113,8365
141228,658,4058,8137
141228,669,4079,8002
140747,676,4016,8193
140747,670,4043,8145
140507,656,4138,8177
140507,669,4061,8185
139811,651,4020,8039
139811,673,4038,8134
141228,649,4384,8389
141228,661,4758,8837
142912,685,4501,8746
142912,656,3729,7711
139330,660,3770,7795
139330,682,4073,8205
142191,643,8101,12172
142191,653,8513,12630
145702,642,8285,12244
145702,658,8597,12791
147145,643,8427,12403
147145,656,8411,12572
147626,648,8422,12386
147626,674,6949,11297
145943,661,4533,8578
145943,669,4433,8533
142431,655,4103,8190
142431,679,3990,8092
141710,652,4010,8013
140988,672,3999,8168
140988,668,3779,7880
138849,648,3905,7858
138849,673,3989,8078
139396,674,3985,8164
139396,656,4016,7958
138915,681,3932,8144
138915,657,3968,8015
140026,675,4066,8197
140026,638,6291,10284
140026,653,7231,11277
145943,633,7255,11187
145943,671,7036,11272
147529,640,7223,11220
147529,668,7266,11421
147528,641,7316,11584
147386,671,7282,11188
147386,662,6127,10225
129853,732,6639,10776
129853,894,9091,13281
122488,686,4798,8887
122488,694,3491,7566
110168,701,3469,7623
110168,690,3517,7510
106857,683,3506,7545
106857,710,3453,7683
105406,641,3488,7410
105406,690,3470,7557
115834,682,3316,7470
115834,799,4460,8601
131957,630,5916,9774
131957,669,5697,9890
139785,679,5822,10055
139785,652,4317,8322
140439,656,4138,8191
140439,679,4189,8344
141402,653,4242,8277
141402,666,4327,8425
142123,656,4376,8408
142123,667,4238,8359
141950,682,4275,8438
141950,635,4160,8115
141469,665,4277,8520
141469,656,4226,8051
141229,675,4248,8413
141229,665,8892,12927
145153,654,10786,14895
145153,650,9258,13244
148009,654,8469,12649
148009,673,7811,12064
147768,650,6919,10959
147768,662,6150,10214
147768,651,6264,10259
147768,659,6032,10210
145222,658,4904,8972
145222,677,4253,8432
143084,660,4409,8491
143084,648,4396,8322
143325,680,4410,8667
143325,630,4462,8352
142913,702,4609,8865
142913,664,4375,8464
142913,653,4297,8328
142913,665,4337,8439
141951,656,4404,8452
141951,658,4955,8896
144741,666,7099,11252
144741,659,6721,10829
146594,637,6959,10902
146594,670,6669,10897
147047,669,6828,11069
147047,641,6797,10663
146665,680,6659,10981
146665,641,4345,8285
138915,689,3300,7466
138915,655,3195,7168
135609,678,3262,7386
135609,670,3225,7283
132021,670,3237,7334
132021,671,3252,7349
132021,665,3294,7289
132021,673,3195,7303
134189,663,4175,8149
134189,658,8962,13090
143779,640,9284,13590
143779,674,7579,11469
144500,662,5395,9563
144500,659,4541,8624
143634,679,4547,8695
143634,668,4106,8160
142432,645,4037,8056
142432,664,4026,8164
143153,646,6672,10628
143153,657,7460,11481
145463,669,6214,10449
145463,666,4243,8321
142672,655,4026,8058
142672,672,4084,8181
140051,674,3793,7943
140051,674,3602,7734
137711,663,3625,7652
137711,662,3688,7697
140988,681,6031,10258
140988,641,6547,10532
144500,650,7589,11596
144500,647,10530,14578
147316,652,10559,14602
147316,650,10324,14433
148730,689,10664,15011
148730,618,10428,14084
135238,780,9985,14475
135238,695,9176,13151
121765,691,3569,7698
121765,694,3349,7410
110169,687,3375,7451
110169,691,3416,7497
106564,686,3448,7670
106564,717,3403,7451
105648,678,3427,7524
105648,679,3412,7448
115593,668,3206,7291
115593,653,3211,7154
125381,676,3284,7384
125381,679,3249,7380
129853,669,3165,7291
129853,686,3188,7280
131058,667,3216,7274
131058,666,3260,7304
131058,677,3240,7313
131058,678,3213,7308
132262,654,3220,7258
132262,691,3306,7461
136924,650,10151,14173
136924,645,11513,15571
144164,653,10426,14418
144164,650,10032,14047
145873,681,7003,11349
145873,657,7223,11335
147117,651,7263,11266
147117,653,7082,11216
147288,650,7005,10994
147288,654,7140,11251
147556,670,7063,11244
147556,636,6061,9957
147075,683,6070,10345
147075,628,6012,9890
147358,667,6179,10403
147358,677,6004,10163
146424,633,5921,9847
146424,668,5918,10104
147145,645,6934,10926
147145,669,6500,10660
146354,654,6341,10364
146354,667,4953,9154
144329,646,4468,8395
144329,678,4508,8690
144089,646,4541,8570
144089,665,4543,8656
142870,658,4548,8591
142870,669,4512,8622
142630,677,4430,8599
142630,665,4513,8623
143806,637,4471,8428
143806,679,4495,8686
143084,658,4470,8535
143084,664,4444,8534
140840,660,3884,7935
140840,685,3195,7386
136533,648,3773,7658
136533,689,4448,8727
140292,647,4390,8381
140292,657,4371,8425
141427,676,4496,8663
141427,662,4430,8535
143394,660,4489,8507
143394,665,4359,8473
143420,670,4409,8530
143420,660,4476,8504
143394,645,4550,8572
143394,662,4551,8634
143875,662,4578,8608
143875,671,4524,8687
143635,678,4442,8647
143635,651,4453,8498
143154,658,4492,8584
143154,650,4504,8508
143875,679,4523,8674
143875,660,5533,9617
146834,638,9126,13149
146834,663,8373,12482
147796,633,7443,11407
147796,665,7529,11695
145943,670,5534,9696
145943,659,4882,8973
144501,681,4118,8266
144501,634,3968,7927
142885,654,4116,8108
142885,665,4043,8200
141883,694,4175,8407
141883,655,3964,8048
138126,648,3610,7544
138126,692,3696,7853
125841,675,3636,7786
125841,731,8884,12696
121764,741,7701,12037
121764,701,3713,7802
112510,676,3666,7690
112510,696,3733,7802
108066,694,3721,7827
108066,694,3670,7734
107824,682,3662,7730
107824,662,3534,7609
116110,661,3447,7485
116110,682,3493,7576
126564,680,3447,7652
126564,662,3468,7407
131056,674,3439,7601
131056,659,4054,8053
136266,661,4140,8200
136266,669,4151,8276
138341,684,4113,8319
138341,637,4174,8276
139811,687,4124,8193
139811,648,4046,8040
140506,681,4109,8276
140506,654,4094,8107
140506,661,4099,8166
140506,669,4152,8240
140747,650,4124,8119
140747,672,4116,8271
139089,681,3967,8156
139089,661,3703,7766
137230,663,3759,7786
137230,677,3731,7824
137164,646,3664,7652
137164,682,3612,7757
136533,656,3701,7716
136533,673,4143,8278
139089,662,4180,8270
139089,667,4229,8322
140532,651,4215,8214
140532,663,4226,8345
141014,679,4253,8446
141014,658,4659,8717
143539,641,5133,9127
143539,673,5125,9201
144287,654,5158,9252
144287,668,5117,9222
144981,638,5137,9156
144981,668,5157,9203
144768,684,5028,9351
144768,652,4574,8600
142499,650,3848,7864
142499,672,3978,8101
140359,654,4059,8076
140359,677,4362,8524
139877,660,3644,7651
139877,666,3601,7689
138674,676,4162,8285
138674,671,4240,8316
140600,658,4223,8287
140600,674,4224,8324
140532,656,4274,8290
140532,693,4524,8799
143393,655,5211,9199
143393,658,4483,8563
142259,658,3938,7994
142259,649,3845,7902
140748,687,3937,8172
140748,655,3876,7818
139089,674,3809,7981
139089,665,3928,8033
138675,659,3892,7930
138675,673,3924,8002
139811,679,3916,8085
139811,629,3836,7734
138367,675,3994,8103
138367,663,3941,8013
139156,676,3907,8081
139156,654,3985,7961
139852,686,3979,8196
139852,663,3936,8051
140093,651,3913,7947
140093,670,3981,8074
138889,659,3972,7989
138889,671,3842,7979
139304,676,3846,7982
139304,649,3981,7932
140093,645,3871,7879
140093,670,3847,7974
138822,676,3947,8133
138822,667,3855,7884
139330,676,3913,8059
139330,668,3988,8098
139089,659,3994,8039
139089,652,3985,7975
139570,639,3841,7928
139570,659,3730,7850
122729,746,9083,13119
122729,708,8586,12661
121122,705,4232,8418
121122,699,3976,8069
113475,693,3887,7975
113475,691,3956,7981
112323,707,3927,8088
112323,645,3874,7830
97073,985,4849,9013
97073,880,16984,20875
95136,730,19533,23948
95136,714,19889,24133
97009,728,16378,20225
97009,722,10984,15070
95557,708,11014,15051
95557,716,10994,15115
95091,709,10739,15102
95091,721,11028,14700
94607,730,9359,13768
94607,720,9272,13394
94410,701,9104,13122
94410,719,9066,13219
93200,698,9159,13111
93200,1203,8596,12863
80058,1336,7914,12028
80058,1448,6722,11004
72147,1472,6858,11344
72147,1334,5463,9627
69034,1273,6843,10968
69034,1142,9609,13619
68017,1099,14396,18477
68017,1125,16886,21069
67774,992,17486,21952
70596,584,15693,19709
70596,825,6776,11631
70643,524,2588,6818
70643,515,1813,5878
69429,507,1886,5904
69429,524,2012,6086
69463,508,1983,6006
69463,518,1996,6065
69220,528,1898,6048
69220,502,1915,5864
69231,527,1928,6066
69231,519,1875,5955
68977,507,1896,5917
68977,522,1864,5927
69220,509,1905,5933
69220,517,1883,5944
68977,530,1694,5854
68977,497,1771,5702
68734,532,1806,5969
68734,517,1749,5810
68734,507,1850,5879
68734,517,1729,5787
68734,509,1640,5672
68734,516,1724,5784
68734,508,1933,5968
68734,521,1888,5949
68734,533,1687,5860
68734,517,1621,5695
68734,506,1788,5809
68734,520,1996,6056
68734,508,1843,5869
68734,517,1808,5874
68700,509,1777,5814
68700,517,1843,6038
68700,532,1752,5781
68700,515,1770,5835
68700,509,1714,5745
68700,518,1778,5831
68700,507,1786,5815
68700,518,1834,5898
68700,530,1784,5945
68700,500,1937,5876
68734,530,1839,5989
68734,518,1788,5862
68734,508,1804,5821
68734,521,1862,5935
68734,508,1592,5621
68734,517,1624,5685
68734,530,1593,5753
68734,521,1877,5946
68734,510,1637,5675
68734,516,1884,5950
68734,509,1908,5927
68734,521,1736,5794
68734,511,1802,5843
68734,516,1790,5852
68734,529,1608,5769
68734,525,1906,5971
58133,510,1617,5656
58133,518,1625,5699
52330,506,1763,5771
52330,520,1773,5846
49902,507,1515,5540
49902,516,1466,5531
49198,508,1709,5739
49198,544,1611,5817
48710,510,1848,5891
48710,516,1631,5692
48710,508,1723,5755
48710,522,1865,5930
48467,503,1834,5847
48467,520,1815,5899
48467,506,1722,5748
48467,523,1725,5801
48467,526,1693,5830
48467,525,1894,5971
48474,507,1814,5842
48474,520,1877,5938
48467,508,1676,5704
48467,519,1704,5777
48467,530,1813,5968
48467,497,1842,5915
48467,532,1725,5755
48467,519,1880,5941
48467,510,1712,5758
48467,519,1948,5995
48467,509,1630,5669
48467,516,1823,5883
48467,508,1641,5672
48467,522,1673,5747
48467,529,1505,5660
48467,518,1596,5675
48467,508,1696,5720
48467,517,1657,5717
48467,509,1679,5704
48467,515,1638,5698
48467,507,1795,5821
48467,521,1715,5778
48442,533,1819,5989
48442,514,1609,5669
48442,508,1699,5733
48442,520,1750,5823
48442,507,1797,5815
48442,515,1723,5783
48442,508,1863,6027
48442,522,1775,5843
48442,530,1819,5825
48442,520,1842,5917
48442,508,1680,5710
48442,519,1868,5933
45544,496,2611,8202
45544,545,1974,14092
30500,499,1790,13343
30500,535,1707,13600
24914,501,1692,13262
24914,521,1745,13533
22965,517,1747,13522
22965,510,1794,13391
21988,519,1819,13621
21988,505,1783,13372
21744,521,1753,13572
21744,530,1880,13739
21752,497,1765,13290
21752,533,1861,13748
21752,522,1729,13547
21752,515,2016,13557
21752,524,1755,13597
21752,498,1814,13323
21752,522,1800,13638
21752,531,1705,13571
21752,493,1738,13230
21752,533,1927,13806
21752,521,1821,13634
21752,509,1992,13568
21752,518,1806,13600
21752,512,2089,13650
21752,516,1829,13594
21752,538,1875,13791
21752,495,1838,13354
21752,531,1886,13754
21752,520,1844,13670
21752,506,1886,13442
21752,519,1838,13640
21752,522,1932,13725
21752,500,2021,13564
21752,539,1966,13890
21752,497,1799,13343
21752,521,1929,13684
21752,525,1957,13811
21752,511,1983,13576
21752,523,1818,13665
21752,504,1814,13394
21752,518,1855,13641
21752,529,1917,13765
21752,499,1845,13407
21752,527,1731,13565
21752,517,1720,13516
21752,506,1836,13377
21508,521,1837,13672
21508,502,1729,13296
21752,519,1880,13685
21752,529,1857,13706
21752,499,1811,13344
21752,534,1807,13677
21752,516,2034,13702
21752,517,1836,13573
21752,513,1884,13552
21752,514,1778,13483
21752,513,1810,13521
21752,538,1884,13833
21752,506,1710,13330
21752,519,1804,13585
21752,510,1813,13473
21752,514,1846,13527
21752,517,1771,13497
21752,514,1820,13522
21752,533,1637,13551
21752,517,1697,13428
21752,514,1654,13376
21752,510,1781,13454
21752,512,1837,13527
21752,512,1784,13460
17846,527,1757,13616
17846,500,1804,13323
17846,544,2524,14408
17846,509,1981,13603
17846,529,1737,13630
17846,514,1801,13504
17846,514,1853,13550
17846,516,1791,13475
17846,513,1630,13347
17846,512,1688,13382
17846,513,1758,13424
17846,540,1729,13705
17846,506,1864,13473
17846,520,1753,13524
17846,508,1721,13370
17846,514,1691,13387
17846,512,1687,13385
17846,511,1680,13380
17846,537,1715,13702
17846,514,1727,13404
17846,520,1694,13470
17846,511,1906,13521
17846,513,1656,13340
17846,512,1951,13617
17846,513,1668,13370
17846,512,1858,13545
17846,538,1704,13692
17846,513,1783,13469
17846,513,1631,13326
17846,512,1734,13402
17846,504,1757,13372
17846,520,1818,13576
17846,530,1741,13654
17846,496,1642,13132
17846,535,1583,13567
17846,518,1680,13372
17846,514,1638,13350
17846,514,1655,13372
17846,510,1728,13391
17846,508,1720,13357
17852,524,1701,13537
17852,504,1721,13286
17852,537,1890,13867
17852,513,1791,13434
17852,514,1701,13423
17852,515,1874,13580
17852,504,1701,13300
17852,520,1612,13369
17852,513,1585,13290
17852,511,1578,13271
17852,538,1678,13669
17852,513,1613,13278
17852,514,1635,13350
17852,511,1629,13312
17852,514,1603,13320
17852,512,1681,13346
17852,511,1664,13353
17852,515,1648,13363
17852,534,1711,13675
17852,515,1748,13446
17852,520,1726,13504
17852,507,1709,13281
17852,521,1838,13603
17852,507,1664,13286
17852,511,1589,13269
17852,514,1798,13516
17852,536,1566,13541
17852,515,1629,13328
17852,509,1686,13361
17852,514,1598,13318
17852,510,1701,13364
17852,517,1888,13607
17852,513,1612,13282
17852,512,1719,13700
17852,540,1667,13388
17852,511,1783,13447
17852,512,1805,13495
17852,513,1660,13372
17852,513,1727,13418
17852,510,1574,13263
17602,517,1705,13436
17602,514,1722,13396
17602,537,1637,13608
17602,512,1521,13177
17602,514,1508,13212
17602,512,1583,13274
17602,509,1538,13183
17602,520,1892,13646
17602,510,1536,13208
17602,532,1542,13471
17602,510,1572,13222
17602,521,1678,13443
17602,514,1712,13427
17602,510,1675,13346
17602,508,1746,13385
17602,519,1673,13400
17602,514,1596,13318
17602,512,1724,13417
17602,532,1623,13554
17602,517,1652,13385
17363,497,1723,13241
17363,529,1776,13641
17363,511,1687,13307
17363,521,2042,13799
17363,514,1612,13314
17363,533,1687,13632
17363,514,1708,13414
17363,517,1838,13539
17363,507,1787,13381
17363,524,1962,13750
17363,510,1706,13360
17363,514,1672,13390
17363,518,1879,13626
17363,506,1649,13279
17363,533,1734,13657
17363,517,1586,13340
17363,514,1650,13357
17363,511,1636,13313
17363,509,1736,13377
17363,516,1950,13660
17118,520,1696,13510
17118,529,1816,13688
17118,512,1878,13521
17118,518,1734,13471
17118,513,1752,13454
17118,511,1825,13488
17118,514,2073,13730
17118,520,1698,13471
17118,514,1696,13420
17118,505,1679,13599
17118,540,1647,13355
17118,513,1811,13484
17118,513,1686,13398
17118,514,1697,13409
17118,517,1768,13525
17118,502,1626,13207
17118,512,1713,13406
17118,535,1703,13675
17118,509,1692,13324
17363,497,1817,13390
17363,538,1857,13752
17363,512,1839,13522
17363,510,1917,13556
17363,523,1999,13752
17363,512,1759,13439
17363,513,1776,13773
17363,530,1669,13267
17363,520,1764,13555
17363,518,1757,13463
17363,511,1812,13488
17363,504,1687,13269
17363,539,1789,13791
17363,497,1703,13187
17363,512,1710,13396
17363,532,1671,13602
17363,518,1870,13614
17363,504,1853,13443
17363,521,1737,13523
17363,504,1764,13370
17363,522,1813,13660
17363,512,1916,13549
17363,514,1820,13530
17363,531,1681,13581
17363,516,1879,13610
17363,514,1865,13578
17363,513,1780,13473
17363,503,1757,13334
17363,520,1646,13425
17363,516,1611,13340
17363,509,1607,13284
17363,529,1749,13619
17363,519,1835,13612
17363,514,1749,13450
17363,514,1667,13376
17363,504,1752,13340
17363,520,1706,13483
17363,529,1673,13576
17363,518,1662,13434
17363,509,1649,13304
17363,501,1646,13228
17363,529,1628,13486
17363,512,1581,13278
17363,517,1824,13513
17363,533,2130,13792
17363,519,1871,13624
17363,526,1510,13379
17363,513,1624,13308
17363,524,1637,13459
17363,508,1523,13170
17363,508,1730,13327
17363,522,1594,13383
17363,513,1640,13320
17363,511,1586,13261
17363,513,1607,13319
17363,531,1599,13511
17363,518,1713,13469
17363,514,1694,13405
17363,504,1670,13257
17363,514,1736,13445
17363,533,1636,13599
17363,514,1711,13410
17363,498,1587,13355
17363,531,1631,13243
17363,518,1661,13418
17363,506,1721,13318
17363,523,1732,13542
17363,506,1660,13274
17363,516,1786,13526
17363,513,1655,13366
17363,512,1574,13275
17363,538,1673,13649
17363,514,1622,13319
17363,516,1593,13331
17363,511,1606,13289
17363,506,1604,13215
17363,516,1538,13276
17363,515,1583,13310
17363,512,1479,13174
