nvml:nvidia_geforce_gtx_970_0,rapl:ram,rapl:cores,rapl:pkg
17358,753,5837,17088
17358,533,2195,14134
17358,515,2060,13758
17358,515,2005,13699
17358,515,2035,13733
17358,513,2022,13720
17358,516,1988,13715
17358,527,1955,13830
17358,519,1857,13603
17358,506,2012,13614
17358,525,2050,13852
17358,502,2005,13580
17358,526,1952,13731
17363,522,1938,13764
17363,509,2077,13641
17363,512,1897,13588
17363,535,2011,13962
17363,514,1987,13693
17363,514,1898,13601
17363,512,1998,13694
17363,510,2032,13684
17363,516,1951,13686
17363,511,1924,13610
17363,515,1977,13678
17363,535,1954,13912
17363,511,1921,13613
17363,518,2008,13759
17363,511,1964,13662
17363,509,1993,13625
17363,511,1899,13582
17363,514,1989,13704
17363,514,1932,13622
17363,535,1919,13861
17363,505,2085,13634
17363,531,1886,13759
17363,516,1912,13602
17363,512,1947,13617
17363,517,1952,13657
17363,514,1971,13684
17363,511,1968,13649
17363,516,1922,13630
17363,535,1913,13887
17363,514,1982,13691
17363,512,2002,13685
17363,512,2023,13692
17363,514,1920,13641
17363,510,1998,13655
17363,528,1801,13692
17363,499,1895,13396
17363,536,1998,13961
17363,515,1991,13682
17363,514,1945,13651
17363,509,1995,13626
17363,521,1966,13792
17363,509,2038,13634
17363,518,1973,13709
17363,511,1834,13492
17363,535,1935,13910
17363,514,1925,13627
17363,512,1957,13663
17363,504,2010,13588
17363,520,1982,13753
17363,509,1893,13529
17363,517,2008,13752
17363,521,2051,13753
17363,537,2025,14016
17363,510,1935,13592
17363,512,1911,13608
17363,515,1934,13644
17363,512,1935,13615
17363,513,1819,13524
17363,517,1974,13695
17363,509,2036,13733
17363,517,2043,13692
17363,539,2019,14032
17363,514,1980,13679
17363,513,2011,13685
17363,511,2010,13699
17363,515,1998,13709
17363,506,1913,13544
17363,516,2028,13743
17363,531,2035,13954
17363,518,1988,13744
17363,512,1972,13652
17363,513,1869,13544
17363,516,1926,13670
17363,511,1984,13629
17363,512,1848,13559
17363,531,1849,13754
17363,517,1902,13668
17363,511,2009,13652
17363,510,1840,13503
17363,521,2028,13790
17363,515,2006,13692
17363,514,1950,13644
17363,514,1958,13659
17363,514,1959,13650
17363,536,1828,13803
17363,512,2000,13686
17363,512,1945,13639
17363,514,1948,13653
17363,512,1837,13509
17363,517,1934,13679
17363,511,1652,13340
17363,515,1994,13687
17363,532,1969,13916
17363,513,1926,13632
17363,512,1945,13627
17363,514,1979,13688
17363,510,1974,13634
17363,512,1994,13683
17363,515,1979,13690
17363,518,1946,13690
17363,536,2052,13963
17363,512,1967,13660
17363,514,1971,13682
17363,505,2019,13612
17363,523,2040,13820
17363,511,1873,13549
17363,531,1904,13836
17363,497,1805,13288
17363,534,1844,13808
17363,514,1949,13663
17363,512,1855,13558
17363,504,2024,13612
17363,519,1900,13663
17363,517,1915,13667
17363,510,1865,13525
17363,531,1848,13751
17363,494,1917,13397
17363,532,1805,13737
17363,515,2045,13741
17607,503,2002,13553
17607,528,1906,13756
17607,506,1804,13425
17607,518,1820,13561
17607,520,2008,13738
17607,510,1784,13756
17607,538,1803,13497
17607,510,1809,13481
17607,521,1842,13608
17607,507,1928,13553
17607,513,1992,13680
17607,511,1855,13545
17607,514,1802,13479
17607,537,1892,13876
17607,514,1883,13591
17607,512,1870,13545
17607,517,1858,13578
17607,512,1817,13509
17607,510,1872,13540
17607,512,1804,13470
17363,525,1778,13587
17363,531,1919,13803
17363,516,1913,13624
17363,509,1870,13527
17363,518,1941,13681
17363,510,1614,13265
17363,514,1870,13578
17363,511,1859,13534
17363,515,1806,13521
17363,510,1880,13549
17363,538,1705,13705
17363,512,1716,13394
17363,507,1815,13426
17363,524,1640,13415
17363,516,1929,13663
17363,510,1853,13517
17363,515,1746,13462
17363,509,1709,13371
17363,536,1827,13814
17363,516,1874,13581
17363,517,1960,13717
17363,508,1911,13504
17363,514,1931,13642
17363,510,1928,13589
17363,518,1996,13703
17363,510,2003,13974
17363,540,1912,13616
17363,510,1957,13628
17363,518,1985,13718
17363,508,1912,13557
17363,517,2030,13766
17363,513,1967,13677
17363,506,1924,13531
17363,537,1992,13985
17363,516,1920,13644
17363,513,1990,13684
17363,511,1968,13643
17363,519,2054,13748
17363,514,1996,13701
17363,513,1980,13670
17363,523,2044,13827
17363,530,2035,13909
17363,512,1999,13696
17363,514,1945,13659
17363,510,1865,13525
17363,516,1997,13691
17363,517,1915,13647
17363,505,1977,13583
17363,522,1960,13747
17363,507,2023,13669
17363,539,2019,14013
17363,512,1966,13665
17363,512,1979,13656
17363,513,1984,13687
17363,505,2007,13602
17363,519,1895,13679
17363,511,1919,13573
17363,514,1898,13608
17363,513,1925,13632
17363,530,1967,13832
17363,526,1901,13742
17363,516,2063,13692
17363,515,2014,13717
17363,518,1905,13654
17363,510,1873,13525
17363,514,1946,13668
17363,507,1983,13632
17363,538,1984,13969
17363,513,1891,13572
17363,514,1903,13620
17363,513,1985,13658
17363,502,1742,13332
17363,521,1823,13589
17363,514,1857,13563
17363,512,1974,13965
17363,528,1940,13524
17363,524,2021,13823
17363,508,2023,13651
17363,516,1880,13623
17363,513,1859,13522
17363,523,1975,13790
17363,505,1973,13529
17363,514,1779,13502
17363,540,1877,13874
17363,513,1847,13567
17363,510,2011,13675
17363,514,2011,13707
17363,511,1865,13528
17363,512,1910,13596
17363,510,1799,13464
17363,531,1974,13884
17363,522,1902,13690
17363,512,1980,13678
17363,509,1897,13552
17363,514,1772,13473
17363,513,1730,13440
17363,512,1955,13635
17363,549,2031,13730
17363,512,1979,13661
17363,540,1965,13915
17607,502,1926,13470
17607,535,2053,13946
17607,514,1986,13668
17607,509,1989,13626
17607,518,1958,13706
17607,512,1853,13525
17607,531,1901,13798
17607,518,1999,13740
17607,518,1986,13712
17607,510,1915,13578
17607,517,1977,13707
17607,513,1962,13626
17607,514,2013,13718
17607,512,1965,13630
17607,517,1956,13665
17607,533,1962,13893
17607,520,1763,13527
17607,511,1976,13640
17607,516,1926,13638
17607,526,1939,13764
17363,511,2045,13663
17363,505,1918,13472
17363,537,1921,13883
17363,518,1974,13700
17363,512,1963,13632
17363,515,2027,13694
17363,516,2040,13740
17363,515,2030,13739
17363,518,1914,13645
17363,513,1830,13509
17363,514,1951,13940
17363,540,2013,13699
17363,517,1972,13688
17363,511,1950,13621
17363,517,2038,13770
17363,515,1959,13647
17363,512,2028,13701
17363,513,1954,13632
17363,537,1980,13942
17363,518,1989,13712
17363,497,2014,13496
17363,541,1995,13921
17363,512,2051,13706
17363,516,1959,13652
17363,514,1853,13550
17363,514,1970,13667
17363,513,1990,13660
17363,540,1983,13986
17363,512,1973,13652
17363,516,1850,13568
17363,513,1969,13654
17363,515,1938,13630
17363,512,1897,13572
17363,516,2005,13724
17363,512,2024,13691
17363,537,1975,13950
17363,515,1976,13680
17363,506,1976,13565
17363,520,1918,13676
17363,522,2053,13787
17607,523,2050,13854
17607,501,2039,13540
17607,515,1941,13652
17607,535,2045,13949
17607,523,1977,13772
17607,513,2003,13691
17607,514,2021,13703
17607,517,1959,13687
17607,509,1981,13624
17607,515,2011,13717
17607,514,2009,13697
17607,515,2016,13720
17607,537,1788,13757
17607,518,2006,13739
17607,514,2023,13709
17607,513,1974,13629
17607,534,2075,13786
17607,515,2049,13744
17607,531,1995,13892
17607,520,2022,13760
17363,500,2034,13557
17363,537,2001,13938
17363,515,2028,13723
17363,515,2025,13693
17363,514,2022,13723
17363,509,2006,13634
17363,524,1999,13790
17363,505,1964,13861
17363,545,1968,13690
17363,515,1919,13622
17363,506,1973,13548
17363,518,2036,13762
17363,516,2024,13735
17363,517,2033,13761
17363,513,2036,13728
17363,513,2030,13707
17363,515,2045,13756
17363,537,1974,13961
17363,513,1982,13667
17363,513,2005,13678
17607,522,2074,13843
17607,510,2009,13627
17607,513,1987,13694
17607,512,1984,13634
17607,511,1981,13670
17607,544,2004,14022
17607,513,1972,13663
17607,515,1980,13679
17607,512,1999,13684
17607,507,2016,13643
17607,518,2029,13776
17607,512,1910,13587
17607,511,1956,13642
17607,514,1988,13699
17607,530,1918,13813
17607,524,2029,13803
17607,513,2026,13719
17607,513,2026,13739
17607,515,1965,13648
17607,508,1964,13861
17607,528,2036,13618
17607,509,2024,13637
17607,514,1985,13676
17607,537,1933,13910
17607,512,2000,13693
17607,512,1973,13655
17607,515,1944,13649
17607,514,1902,13609
17607,508,2015,13657
17607,535,1924,13896
17607,519,2028,13753
17607,516,2027,13719
17607,512,2002,13695
17607,516,1950,13669
17607,511,1984,13652
17607,514,1848,13542
17607,510,1943,13609
17607,515,1959,13667
17607,512,1914,13598
17607,539,1981,13965
17607,513,2041,13749
17607,515,1960,13634
17607,511,1978,13651
17607,514,1958,13647
17607,512,1993,13674
17607,516,1977,13693
17607,516,1635,13374
17607,557,4092,15540
17607,572,19490,31151
17607,601,21435,33306
17607,763,19137,30698
17607,791,17108,28809
17607,622,20558,33004
17607,658,20832,32596
17607,921,16677,28355
17607,871,14484,26103
17607,688,29178,40244
17607,622,50641,62393
17607,687,27510,39864
17607,788,19164,30803
17573,650,20943,32748
17573,658,20521,32113
17573,640,20507,32251
17573,1043,17330,29727
17573,631,15399,27135
17573,678,19579,31266
17573,616,20239,31746
17573,661,20760,32715
17573,641,20123,31686
17573,1233,11363,23201
17573,670,16226,27980
17573,613,20414,32083
17573,694,20053,31649
17573,645,19981,31736
17573,656,19890,31600
17573,626,19892,32378
17573,588,21698,33312
17573,582,22417,34134
17573,592,22348,34026
17573,1519,18685,30824
18806,754,17376,29332
18806,841,19137,25832
35095,985,20133,24357
35095,994,19496,23774
43596,1019,19888,24449
43596,1011,19611,23892
46731,973,19266,23330
46731,1026,19429,23833
47704,1004,20344,24206
47704,824,19915,24274
48435,1108,19015,23086
48435,1456,15703,20106
48929,1268,18077,22305
48929,713,20885,25050
48685,1466,10483,15013
48685,587,13284,16986
48654,641,19480,23994
48654,617,20031,24165
48654,579,21432,25384
48654,616,22621,26736
48647,862,24108,27925
48647,1007,19418,23743
48654,998,21046,25171
48654,923,19414,24024
48654,1012,19591,23211
48654,1086,20424,24792
48654,999,19197,23567
48654,1001,19197,23526
48897,913,18996,23312
48897,749,20034,23926
50349,915,20164,24052
50349,914,19829,24339
49383,963,19799,23696
49383,948,19847,24174
48897,962,19493,24081
48897,789,20819,24416
58552,907,19664,23868
58552,600,20317,24223
82119,663,17252,21842
82119,678,14731,19032
100039,638,12689,16569
100039,658,9417,13613
116701,638,9997,13960
116701,666,9732,13852
134076,655,9965,13992
134076,681,9594,13940
139452,632,9737,13570
139452,653,9954,14016
142097,702,9929,14290
142097,651,9683,13810
142577,644,7924,11875
142577,655,7964,12095
141401,663,6252,10396
141401,670,5756,9862
141642,637,5864,9798
141642,670,5589,9765
139811,671,4907,9057
139811,644,4889,8802
140052,669,4851,9045
140052,643,4981,8864
138607,718,4961,9277
138607,677,5049,9162
138367,631,4880,8808
138367,679,4768,8981
138608,658,4990,9007
138608,665,4945,9054
138848,662,4909,8946
138848,666,4917,9026
140026,640,4829,8817
140026,671,4906,9026
139570,654,4804,8852
139570,690,4895,9142
138848,679,4905,8945
138848,680,4908,9116
139089,640,4370,8260
139089,677,4132,8377
137471,666,4195,8234
137471,641,9959,13798
141642,671,13440,17723
141642,659,13297,17395
143565,658,10284,14438
143565,642,4776,8734
140774,674,4604,8825
140774,665,4555,8648
140052,696,4769,8796
140052,667,4524,8622
139570,652,4581,8627
139570,661,5595,9599
141495,683,5790,10050
141495,636,5869,9787
137230,633,5680,9834
137230,955,5617,9892
98703,878,15129,19078
98703,652,20001,24138
79468,642,20540,24430
79468,731,17065,21181
107028,756,10775,15195
107028,703,3636,7762
102524,686,3532,7560
102524,699,3554,7618
102090,690,3540,7570
102090,701,3471,7588
100396,674,3435,7549
100396,652,3354,7494
111619,667,4003,8041
111619,675,4000,8117
126323,664,4038,8099
126323,658,3964,8038
131058,682,4046,8072
131058,675,4013,8104
133186,674,3874,8015
133186,651,3991,7983
134149,667,3998,8061
134149,670,4056,8318
135329,688,4052,8064
135329,663,3907,8016
135504,651,3905,7916
135504,661,4736,8718
138608,668,7053,11208
138608,661,7204,11259
141401,687,7274,11355
141401,662,7020,11075
142844,658,7282,11325
142844,670,5900,10111
141641,652,5155,9180
141641,660,5113,9222
141401,686,5129,9386
141401,661,5116,9148
140052,648,5051,9063
140052,673,4306,8448
137163,660,4022,8065
137163,676,4054,8195
136292,675,4107,8067
136292,671,3962,8082
135329,677,3706,7856
135329,662,3368,7403
132222,664,3372,7581
132222,680,3348,7295
131106,668,3397,7446
131106,680,3342,7454
129658,680,3416,7561
129658,673,3383,7453
131500,663,3827,7852
131500,666,4039,8129
134848,686,4205,8226
134848,676,4103,8274
134607,677,3875,8024
134607,668,3645,7715
133466,655,3606,7583
133466,688,3709,7862
133643,657,3619,7681
133643,670,3647,7693
132503,670,3804,7932
132503,675,4189,8288
135810,669,4135,8247
135810,644,4137,8073
136773,696,4334,8462
136773,674,4286,8404
137471,650,4217,8228
137471,666,4278,8363
138433,674,4130,8290
138433,673,4535,8468
120397,721,10018,14094
115407,705,4137,8314
115407,690,3447,7525
105648,712,3486,7716
105648,675,3525,7434
103490,700,3545,7633
103490,734,3491,7639
101122,691,3470,7539
101122,667,3417,7534
106615,674,3471,7470
106615,676,3257,7352
120880,686,3302,7449
120880,658,3289,7282
126564,678,3315,7461
126564,686,3285,7404
127069,646,3396,7351
127069,683,3953,8111
131805,672,3901,8004
131805,688,4116,8107
135088,673,4052,8183
135088,666,4015,8045
134847,677,4031,8198
134847,648,3975,8125
135570,684,3997,8000
135570,681,3940,8072
136051,661,3900,7916
136051,661,4348,8359
138126,654,4557,8620
138126,676,8338,12466
142914,652,7752,11802
142914,714,7173,11400
141401,637,4732,8733
141401,674,4128,8222
138848,676,4095,8248
138848,663,4091,8069
140507,646,6171,10153
140507,689,7599,11936
143566,627,7312,11195
143566,678,6419,10610
143325,651,6431,10412
143325,654,6496,10631
143609,675,5996,10178
143609,702,5493,9637
142887,637,5461,9477
142887,673,5529,9631
142123,644,5393,9404
142123,668,5533,9656
142363,659,5089,9246
142363,667,4587,8644
142191,649,5099,9137
142191,662,5811,9861
143085,674,5892,10122
143085,662,5874,9984
141951,658,5841,9902
141951,696,5868,9963
142673,646,5814,9800
142673,670,5702,9879
142604,651,5615,9560
142604,670,5239,9448
140292,676,3829,7990
140292,653,3740,7679
136267,685,3703,7932
136267,672,5218,9305
139811,650,5373,9352
139811,694,5428,9578
123935,713,5624,9694
123935,737,5210,9380
115408,674,3853,7805
115408,702,3890,7974
110188,721,3889,8105
110188,673,3802,7777
108791,685,3869,7903
108791,708,3888,8058
104439,668,3884,7952
104439,660,3734,7727
122087,681,3681,7916
122087,652,3883,7786
132528,670,5258,9345
132528,657,5076,9188
138674,674,5418,9553
138674,654,6385,10425
142432,684,6502,10752
142432,644,5010,9011
140119,666,4179,8262
140119,664,4136,8157
139878,663,4105,8164
139878,667,4113,8270
139397,687,4180,8347
139397,657,4034,8113
139397,631,4081,7957
139397,666,4036,8172
139089,678,4018,8234
139089,666,4095,8177
137953,657,4113,8165
137953,677,4064,8188
137977,657,4083,8117
137977,670,4083,8155
137737,656,4105,8139
137737,672,3994,8107
137737,669,3997,8122
137737,684,3602,7723
136051,649,3492,7539
136051,684,3618,7740
134671,657,3657,7678
134671,673,3571,7680
134189,664,3590,7625
134189,661,3543,7607
133426,670,3677,7737
133426,675,3666,7770
134671,687,3706,7856
134671,653,3631,7623
134101,682,3606,7789
134101,668,3658,7696
133707,664,3692,7805
133707,678,3699,7783
134607,650,3672,7711
134607,673,3725,7811
133467,657,3737,7731
133467,672,3721,7830
133466,679,3655,7820
133466,643,3577,7465
133226,689,3626,7883
133226,653,3670,7602
134606,688,3723,7901
134606,651,3577,7563
133948,674,3731,7845
133948,665,4181,8223
137404,676,4168,8367
137404,667,4209,8306
139089,650,4219,8226
139089,672,4231,8367
138674,660,4247,8279
138674,723,5252,9381
121524,700,6550,10517
121524,723,4668,8914
111786,677,3506,7483
111786,703,3453,7612
106374,686,3469,7514
106374,720,3463,7651
104005,671,3487,7444
104005,682,3336,7467
102747,681,3591,7709
102747,634,10084,13636
129612,657,16835,21092
129612,656,16393,20629
141308,657,16749,20637
141308,661,12073,16472
144885,654,9529,13627
144885,650,8931,13032
144500,652,5123,9169
144500,664,4524,8624
142363,662,4613,8633
142363,689,4541,8822
142886,657,4607,8677
142886,670,4628,8693
141710,649,4578,8665
141710,670,4587,8691
141254,654,4618,8617
141254,665,4519,8628
141710,648,4602,8622
141710,677,3858,8011
138193,666,3723,7763
138193,691,3699,7880
134607,661,3485,7566
134607,686,3313,7392
131804,651,3237,7248
131804,664,3244,7292
131603,690,3329,7459
131603,666,3262,7326
132504,662,4070,8197
132504,649,7214,11172
140773,650,7130,11127
140773,662,7213,11279
143325,672,6364,10641
143325,654,6160,10253
144046,659,6168,10226
144046,655,5216,9220
144116,662,4876,9008
144116,666,4523,8641
144596,683,4437,8616
144596,645,4389,8330
144328,654,4378,8458
144328,666,4358,8448
144327,678,4409,8606
144327,666,4463,8562
143633,659,4394,8486
143633,646,4368,8308
141708,681,4071,8285
141708,666,3988,8093
140505,659,4001,8037
140505,670,4072,8113
142162,659,3949,8023
142162,656,3876,7963
140959,655,3995,8015
140959,670,4065,8147
139303,684,4036,8238
139303,644,4068,8001
121604,671,4024,8146
121604,751,8670,12666
117800,717,4759,9021
117800,704,3592,7679
109444,675,3505,7489
109444,692,3479,7594
106354,705,3507,7701
106354,672,3548,7486
103956,711,3557,7762
103956,650,3423,7467
106786,687,3517,7604
106786,688,3355,7454
121823,665,3334,7428
121823,647,5006,8877
135785,665,8699,12905
135785,665,9194,13290
143539,634,8986,12926
143539,660,8288,12428
144741,669,6381,10559
144741,653,6193,10238
144981,658,5515,9579
144981,676,4847,9001
143325,664,4618,8745
143325,650,4600,8612
142432,680,4186,8302
142432,661,3286,7326
134124,667,3356,7434
134124,674,3851,7901
138581,656,4578,8649
138581,688,4529,8764
140747,654,4694,8791
140747,658,4576,8626
142405,651,4532,8590
142405,673,4577,8715
141951,657,4509,8547
141951,667,4537,8645
142431,648,4600,8562
142431,679,4634,8794
141228,648,4324,8350
141228,684,3670,7822
137952,683,3663,7812
137952,648,3674,7637
136051,662,3668,7719
136051,703,3672,7910
135304,648,3571,7629
135304,669,3646,7627
136051,681,3707,7835
136051,667,3606,7699
135569,651,3639,7614
135569,667,3638,7672
134847,671,3633,7779
134847,696,3659,7879
136051,673,3704,7790
136051,643,3625,7555
135088,660,3690,7752
135088,683,3610,7838
137645,640,4288,8192
137645,668,4248,8386
139545,665,4021,8140
139545,683,3354,7475
134189,660,3347,7351
134189,674,3362,7402
132744,690,3269,7491
132744,650,3252,7221
131563,686,3354,7496
131563,681,3339,7470
132021,660,3301,7387
132021,654,3355,7239
124417,673,3341,7457
124417,739,7970,12089
119433,727,8145,12326
119433,710,4510,8551
117503,695,4486,8562
117503,709,4202,8334
113717,692,4009,8066
113717,691,3993,8067
112564,678,3909,8121
112564,667,3892,7825
124394,688,3836,8030
124394,676,3836,7922
132680,672,3849,7913
132680,644,3720,7686
134390,681,3823,7989
134390,668,3814,7854
136748,662,3830,7859
136748,676,3821,7982
137470,663,4380,8455
137470,669,4389,8481
140266,667,4319,8494
140266,643,4393,8321
141642,683,4469,8702
141642,630,4425,8345
141161,672,4336,8400
141161,663,3989,8107
140266,662,4068,8165
140266,696,3990,8196
138582,647,4019,7956
138582,688,4026,8225
138367,653,4029,8043
138367,665,4101,8117
139304,657,4057,8137
139304,682,4012,8234
138582,649,4018,7967
138582,694,3998,8239
139130,663,4007,8066
139130,668,4093,8188
138673,664,4041,8101
138673,670,4152,8204
141228,629,5849,9791
141228,666,5744,9849
144019,659,5591,9732
144019,676,3816,8013
139089,674,3816,7894
139089,673,3761,7842
137405,668,3819,7927
137405,654,3800,7819
136682,661,3791,7826
136682,667,4618,8643
142604,661,7034,11092
142604,663,6854,11019
145222,650,5610,9715
145222,665,4986,9112
144260,658,4937,8974
144260,657,4993,9050
143325,655,4966,9038
143325,663,4975,9086
143566,664,4938,8995
143566,680,4813,9030
143565,660,4972,9079
143565,647,4849,8817
143298,654,4309,8380
143298,676,4200,8385
142363,671,4296,8383
142363,680,4433,8518
127708,747,14534,18571
127708,713,9111,13277
117502,669,3478,7458
117502,691,3919,7959
115649,719,4740,8848
115649,697,4065,8170
112027,706,3889,8049
112027,675,3858,7975
116856,674,3820,7837
116856,684,3638,7811
127769,656,3641,7672
127769,656,3541,7562
132021,662,3642,7708
132021,702,3672,7881
133708,640,3689,7624
133708,679,3695,7825
135785,656,3716,7710
135785,676,3665,7804
135088,686,3599,7793
135088,640,3687,7616
134365,687,3690,7883
134365,660,3752,7792
134606,660,3711,7781
134606,671,3727,7800
136051,687,3702,7880
136051,649,3592,7594
135785,664,3722,7745
135785,665,9094,12960
144233,651,13585,17755
144233,645,12791,16851
145633,681,6159,10526
145633,651,5051,9047
143325,662,4204,8344
143325,656,3627,7565
141710,670,4503,8630
141710,670,5172,9275
144260,642,5205,9242
144260,671,5227,9288
144020,681,5146,9429
144020,659,5082,9138
144501,650,5193,9275
144501,662,5190,9218
144287,643,5038,9037
144287,686,5162,9379
144741,640,5253,9265
144741,668,5241,9356
144020,648,5215,9256
144020,666,5125,9201
143325,652,5208,9278
143325,657,5144,9243
143779,672,5123,9288
143779,649,5145,9135
144501,677,5176,9407
144501,661,5140,9257
142672,643,4641,8583
142672,670,3408,7477
137229,685,3449,7630
137229,670,3444,7509
136989,654,4043,8027
136989,674,4132,8284
139330,651,4136,8135
139330,691,4393,8678
141469,641,4775,8716
141469,685,4920,9121
133226,666,4960,8963
133226,779,11218,15406
125600,703,7429,11492
125600,678,3559,7727
111136,703,3481,7506
111136,681,3491,7466
106857,706,3537,7711
106857,691,3491,7579
104923,689,3524,7601
104923,649,3505,7516
109444,680,3583,7601
109444,685,3311,7491
121546,663,3308,7335
121546,706,3320,7525
128008,657,3279,7328
128008,665,3273,7348
130358,668,3373,7385
130358,683,3344,7503
131779,647,3282,7276
131779,674,3306,7361
131118,693,3336,7528
131118,649,3283,7241
130901,691,3289,7439
130901,659,4040,7981
139130,676,6891,11146
139130,630,7089,10946
144500,662,7144,11364
144500,668,7218,11326
145660,641,7251,11229
145660,677,7233,11442
145730,643,6092,10032
145730,653,6251,10361
145943,689,6235,10516
145943,633,6012,9848
145943,679,6097,10365
145943,663,6029,10180
145463,635,6087,10026
145463,654,5992,10045
143875,680,4177,8395
143875,660,3918,7930
141710,660,3891,8017
141710,662,3826,7874
139545,666,4020,8089
139545,673,3931,8012
140359,655,4357,8393
140359,661,4584,8663
141229,656,4531,8582
141229,688,4506,8781
143608,669,4672,8735
143608,621,4600,8463
143084,683,4515,8774
143084,647,4404,8381
141710,658,4149,8203
141710,686,4128,8376
140747,663,4145,8218
140747,671,4165,8283
140506,649,4087,8099
140506,657,4114,8111
140292,677,4102,8260
140292,683,4003,8170
138849,654,3605,7683
138849,648,3686,7598
136533,695,3689,7923
136533,663,3681,7744
136507,663,3699,7712
136507,691,3804,7941
135746,645,3698,7654
135746,697,3739,7905
118489,725,7602,11611
118489,733,8218,12450
115890,678,3679,7695
115890,694,3676,7770
109686,685,3680,7738
109686,708,3626,7822
107340,669,3743,7678
107340,719,3599,7851
107340,643,3535,7483
107340,706,3530,7734
121340,647,3444,7398
121340,682,3471,7642
129395,660,3546,7569
129395,672,3508,7601
132286,687,3591,7765
132286,663,3508,7544
132704,652,3528,7648
132704,698,3451,7517
133226,659,3532,7550
133226,682,3556,7669
133708,665,3555,7604
133708,671,3553,7611
136051,649,4612,8568
136051,667,6144,10286
142672,640,6121,10372
142672,677,5321,9274
142672,678,4419,8596
142672,635,4468,8388
141951,685,4471,8697
141951,670,4449,8546
141495,652,4467,8512
141495,654,4381,8405
141908,654,4419,8476
141908,670,4396,8523
142672,675,4697,8666
142672,706,5558,9885
143806,638,5472,9492
143806,658,5421,9432
143394,660,4463,8633
143394,676,4568,8710
144768,635,9377,13143
144768,658,17739,22041
148249,644,15462,19357
148249,643,9116,13181
146424,664,4891,9135
146424,667,4331,8468
142912,677,4263,8458
142912,638,4237,8181
141710,680,4284,8482
141710,669,4247,8369
141469,643,4279,8269
141469,672,4382,8500
141229,645,4385,8393
141229,672,4260,8413
141229,668,4298,8409
141229,650,4336,8335
141469,650,4342,8340
141469,670,4363,8480
141469,681,4376,8599
141469,653,4378,8415
141228,666,4360,8486
141228,661,4333,8412
141228,645,4379,8376
141228,662,3823,7859
140574,687,3899,8066
140574,662,3936,7965
124417,733,10353,14087
124417,741,10214,14741
117985,664,3561,7592
117985,709,3462,7630
108719,667,3506,7446
108719,693,3420,7540
105629,710,3518,7687
105629,682,3558,7523
104439,686,3432,7621
104439,679,3448,7517
116110,652,3283,7258
116110,675,3266,7349
123717,666,3212,7303
123717,681,3287,7346
128251,679,3320,7433
128251,675,3387,7456
131298,688,3438,7616
131298,669,3408,7481
131957,659,3362,7420
131957,674,3398,7428
131056,659,3342,7381
131056,669,3353,7419
131322,668,3372,7574
131322,682,3281,7257
131500,672,3311,7458
131500,680,3430,7506
131081,664,3343,7393
131081,665,3301,7351
131081,670,3392,7422
131081,667,4255,8316
137978,665,4593,8714
137978,679,4081,8193
138367,673,3727,7818
138367,652,3674,7672
136292,670,3753,7831
136292,672,3744,7823
135875,696,3770,7991
135875,674,3731,7787
138218,642,5347,9265
138218,664,6543,10668
144047,634,6571,10562
144047,671,6514,10713
145703,650,6569,10549
145703,669,6628,10780
146184,673,6459,10709
146184,662,6599,10712
146184,661,5476,9576
146184,662,4661,8713
143127,644,4329,8318
143127,679,3781,7871
142672,654,6927,10899
142672,645,10436,14776
145873,678,10445,14495
145873,637,8717,12713
146835,662,7854,11952
146835,648,5753,9770
146013,690,4574,8797
146013,663,4529,8583
143084,640,4424,8401
143084,687,4456,8698
142698,646,4412,8405
142698,684,4422,8622
141736,638,4476,8425
141736,666,4079,8157
138915,690,3595,7799
136267,647,3531,7523
136267,696,3555,7697
136267,664,8292,12153
127529,774,9662,14004
127529,687,4479,8502
117985,680,3994,7995
117985,700,4050,8159
112584,697,4002,8104
111564,713,4022,8201
111564,709,3964,8093
111377,662,3905,7939
111377,691,3881,8006
123235,664,3798,7850
123235,669,3730,7773
131982,668,3749,7840
131982,653,3808,7772
135987,673,3772,7962
135987,662,3789,7782
136989,665,3746,7852
136989,691,3814,7988
138407,649,3751,7811
138407,683,3816,7923
137164,649,3837,7855
137164,673,3928,7997
137646,649,3860,7892
137646,677,3888,7983
137164,681,3799,8001
137164,672,3830,7904
137645,655,3740,7833
137645,649,3878,7780
137711,683,3815,8025
137711,663,3822,7871
138582,656,3766,7818
138582,676,3801,7902
137189,655,3785,7812
137189,674,3798,7881
137645,671,3686,7881
137645,671,4062,8145
138849,640,4423,8337
138849,670,4373,8477
140747,669,4398,8594
140747,673,4427,8576
142432,664,4500,8505
142432,664,4357,8517
142844,646,5391,9371
142844,662,5526,9584
144528,641,5382,9426
144528,703,5525,9816
144597,642,4685,8674
144597,665,4584,8672
143875,652,4604,8656
143875,648,4976,8953
143394,671,5312,9498
143394,653,4793,8822
143875,664,5013,9082
143875,660,4848,8934
144768,688,5029,9291
144768,642,4859,8865
144047,660,4852,8952
144047,680,4958,9125
144981,628,4895,8839
144981,674,4899,9079
144569,657,4835,8891
144569,658,4883,8949
142191,657,4424,8464
142191,697,3332,7482
136774,657,3517,7652
136774,614,4021,7973
118766,689,4429,8402
118766,729,11152,15299
122064,707,6601,10793
122064,696,4025,8086
114517,699,4020,8117
114517,701,3993,8065
112584,723,4079,8300
112584,659,3870,7806
104197,694,3904,8010
104197,1209,12096,16289
91506,746,19912,23913
91506,729,19777,23915
95753,716,15457,19489
95753,726,13494,17658
96479,745,13374,17759
96479,724,13515,17532
96703,711,13762,17870
96703,700,10830,14808
94590,706,9216,13269
94590,710,8659,12678
94106,700,7871,11946
94106,711,7946,12054
91719,730,7956,12260
91719,975,7437,11594
80058,1420,7616,11909
80058,1528,7206,11398
72390,1383,6581,10797
72390,1367,5828,9996
69266,1299,6808,10989
69266,1165,9003,13272
68261,1053,11593,15704
68261,1091,14310,18559
67763,996,14858,18871
70584,603,16041,20100
70584,890,11608,16812
71081,509,2652,6809
71081,513,1863,5932
69915,509,2000,6039
69915,521,1906,5971
69672,509,1993,6019
69672,515,1792,5848
69186,507,1922,5943
69186,525,1886,5968
69186,533,1883,6051
69186,515,1757,5824
69186,506,1815,5827
69186,520,1835,5912
69220,508,1816,5840
69220,518,1877,5949
69220,506,1835,5853
69220,522,1965,6027
69220,532,1958,6113
69220,522,1910,5997
69220,508,1810,5836
69220,518,1846,5909
69220,506,1832,5844
69220,517,1786,5857
69220,514,2046,6090
69220,519,1891,5942
69220,532,1866,6036
69220,518,1826,5891
69220,509,1869,5897
69220,520,1891,5961
69220,508,1818,5847
69220,515,1918,5977
69231,506,1783,5798
69231,519,1744,5818
69231,529,1785,5938
69231,517,1713,5784
68988,511,1854,5889
68988,518,1816,5880
68988,513,1867,5914
68988,514,1810,5851
68988,508,1853,5881
68988,522,1954,6026
68988,530,1804,5967
68988,518,1807,5878
68988,506,1916,5915
68988,525,1917,6011
68988,507,1857,5870
68988,520,1887,5964
68988,507,1967,5977
68988,522,1973,6053
68988,532,1847,6009
68988,518,1901,5966
68988,510,1891,5919
68988,518,1871,5935
68988,510,1867,5902
68988,513,1939,5989
61042,514,1891,5915
61042,521,1897,5968
53304,536,1817,5997
53304,518,1995,6057
50634,504,1873,5880
50634,525,1983,6073
49441,508,1778,5813
49441,515,1819,5885
48954,506,1791,5806
48954,522,1891,5968
48711,530,1819,5973
48711,517,1859,5934
48711,509,1856,5884
48711,519,1869,5926
48711,507,1895,5917
48711,518,1809,5881
48711,506,1853,5877
48711,519,1918,5995
48711,531,1936,6102
48711,517,1780,5860
48711,507,1886,5892
48711,522,1857,5931
48711,509,1869,5891
48711,523,2043,6138
48711,504,1851,5848
48711,522,1935,6006
48711,533,1940,6110
48711,517,1874,5938
48711,508,1805,5835
48711,520,1895,5962
48711,507,1895,5906
48711,520,1773,5859
48711,508,1810,5837
48711,518,1876,5934
48711,531,1747,5923
48711,516,1767,5825
48711,508,1708,5741
48711,522,1845,5911
48711,508,1789,5805
48711,521,2062,6140
48467,508,2011,6039
48467,520,1907,5969
48711,533,2008,6162
48711,518,1673,5757
48467,507,1701,5729
48467,517,1820,5882
48711,508,1855,5879
48711,515,1777,5840
48711,507,1965,5988
48711,524,1926,6000
48467,532,1884,6050
48467,517,1794,5858
48467,506,1923,5932
48467,490,2578,11995
33449,531,1789,13743
33449,504,1869,13442
26386,521,1843,13646
26386,526,1865,13659
23707,506,1832,13481
23707,525,1873,13694
22485,522,1849,13653
22485,509,1877,13452
22241,523,1887,13716
22241,504,2038,13542
21996,522,1925,13768
21996,526,1915,13692
21996,502,1809,13401
21996,528,1832,13690
21996,498,1825,13385
21996,533,1897,13771
21996,520,1806,13593
21996,502,1719,13285
21996,524,1792,13639
21996,526,1764,13553
21996,522,1963,13544
21996,532,1892,13752
21996,498,1872,13433
21996,530,1883,13717
21996,516,1867,13623
21996,510,1858,13506
21996,516,1848,13605
21996,534,1923,13815
21996,514,1956,13620
21996,518,1916,13640
21996,496,1836,13639
21996,533,2019,13595
21996,503,1986,13591
21996,524,1954,13742
21996,518,1876,13670
21996,511,1949,13842
21758,519,1882,13394
21758,530,1961,13840
21752,497,1870,13667
21752,528,1900,13410
21752,517,1864,13650
21752,511,1916,13537
21996,519,1831,13656
21996,534,1917,13788
22241,532,2079,13681
22241,523,2082,13851
21996,502,2004,13557
21996,533,1984,13847
21996,516,1979,13710
21996,511,2064,13683
21996,524,1926,13756
21996,506,1945,13830
21263,538,2038,13700
21263,515,1943,13618
21263,516,1880,13607
21263,518,1914,13636
21263,511,1930,13572
21263,513,1943,13622
21263,515,1842,13542
21263,532,1902,13804
21263,519,1822,13581
21263,516,1911,13639
21263,511,1865,13528
21263,515,1908,13620
21263,511,1882,13551
21263,513,1923,13621
21263,514,1889,13604
21263,533,1961,13853
21263,522,1974,13732
21263,513,1938,13625
21263,514,1862,13580
21263,515,1900,13594
18097,521,1927,13722
18097,508,1885,13473
18097,518,2001,13710
18097,537,1886,13831
18097,511,1905,13566
18097,517,1849,13572
18097,512,1891,13570
18097,506,1897,13512
18097,521,1845,13619
18097,514,1759,13466
18097,511,1748,13414
18097,517,1756,13471
18097,540,1946,13940
18097,507,1935,13554
18097,514,1877,13541
18097,517,1875,13584
18097,516,1961,13628
18097,523,2029,13750
18097,541,1931,13911
18097,520,1923,13663
17852,514,1888,13587
17852,517,1860,13556
17852,510,1820,13469
17852,518,1772,13483
17852,518,1797,13539
17852,517,1851,13567
17852,513,1929,13599
17852,514,1940,13630
17852,535,1889,13839
17852,514,1851,13546
17852,511,1827,13485
17852,518,1873,13589
17852,513,1867,13544
17852,524,1897,13686
17852,506,1993,13862
17852,544,1930,13619
17852,515,1956,13665
17852,516,1915,13617
17852,511,1880,13543
17852,519,2025,13738
17852,523,1925,13738
17852,505,1885,13451
17852,513,1923,13602
17852,515,1998,13992
17852,535,1865,13525
17852,517,1873,13602
17852,513,1855,13520
17852,515,1877,13582
17852,511,1875,13541
17852,517,1781,13507
17852,513,1835,13507
17852,517,1804,13536
17852,533,1864,13790
17852,517,1853,13570
17852,511,1992,13645
17852,519,1952,13668
17852,513,1942,13628
17852,516,1993,13687
17852,515,1900,13608
17852,536,1927,13876
17846,495,1920,13426
17846,535,1900,13817
17846,506,1837,13430
17846,524,1984,13752
17846,516,1831,13519
17846,518,1921,13640
17846,515,1820,13507
17846,538,1916,13863
17846,515,1930,13647
17846,514,1964,13648
17846,515,1897,13612
17846,514,1886,13549
17846,514,1820,13516
17846,516,1911,13643
17846,514,1839,13555
17846,515,1851,13508
17846,534,1859,13792
17846,516,1843,13565
17846,512,1771,13468
17846,510,1864,13509
18096,518,1873,13631
18096,513,1809,13459
18096,527,1818,13694
18096,524,1808,13583
18096,512,1827,13516
18096,515,1746,13469
18096,505,1879,13474
18096,518,1920,13655
18096,514,1855,13573
18096,514,1844,13552
18096,511,1904,13601
18096,538,1821,13784
18096,511,1964,13632
18096,514,1790,13509
18096,517,1822,13565
18096,510,1825,13479
18096,514,1902,13604
18096,527,1852,13704
18096,499,1857,13371
18096,535,1915,13854
18096,496,1792,13333
18096,532,1927,13821
18096,513,1776,13495
18096,514,1969,13645
18096,510,1841,13503
18096,517,1847,13569
18096,513,1660,13367
18096,515,1870,13551
18096,534,1840,13791
18096,514,1820,13535
18096,511,1803,13487
18096,513,1854,13537
18096,514,1869,13579
18096,513,1807,13518
18096,515,1864,13573
18096,515,1900,13596
18096,530,1909,13810
18096,516,1788,13532
18096,511,1883,13549
18096,515,1934,13650
17852,513,1915,13613
17852,530,1967,13853
17852,496,1864,13349
17852,529,1798,13701
17852,518,1853,13601
17852,514,1810,13520
17852,514,1846,13542
17852,511,1808,13499
17852,510,1855,13515
17852,516,1836,13557
17852,517,1816,13552
17852,531,1836,13746
17852,515,1837,13578
17852,503,1903,13479
17852,520,1818,13602
17852,511,1832,13519
17852,513,1864,13535
17852,518,2050,13772
17852,515,1880,13601
17852,509,1862,13533
17363,521,1837,13620
17363,529,1806,13689
17363,506,1808,13416
17363,523,1817,13635
17363,508,1830,13463
17363,517,1893,13608
17363,516,1859,13577
17363,512,1795,13482
17363,532,1835,13750
17363,513,1878,13604
17363,513,1855,13542
17363,514,1807,13501
17363,513,1824,13543
17363,508,1789,13437
17363,530,1828,13733
17363,500,1863,13367
17363,535,1902,13852
17363,512,1840,13522
17363,508,1838,13466
17363,521,1954,13727
17607,514,1838,13574
17607,513,1803,13454
17607,510,1802,13742
17607,539,1862,13581
17607,512,1792,13473
17607,510,1900,13522
17607,514,1816,13523
17607,519,1836,13597
17607,511,1800,13487
17607,512,1862,13566
17607,530,1794,13683
17607,496,1773,13262
17607,534,1913,13871
17607,512,1817,13508
17607,506,1813,13436
17607,574,3210,14625
17607,585,3827,16053
17607,495,1865,13376
17607,619,2609,14383
17607,511,1890,13824
17363,518,1874,13390
17363,531,1897,13776
17363,508,1896,13538
17363,508,1762,13427
17363,520,1828,13603
17363,511,1806,13482
17363,535,1946,13874
17363,495,1849,13339
17363,533,1894,13840
17363,513,1810,13504
17363,511,1858,13522
17363,523,1955,13674
17363,510,1816,13484
17363,512,1856,13539
17363,535,1885,13830
17363,516,1924,13589
17363,524,1859,13662
17363,511,1885,13559
17363,513,1841,13532
17363,514,1855,13549
17607,515,1857,13625
17607,506,1814,13417
17607,530,1848,13753
17607,496,1796,13274
17607,536,1858,13839
17607,514,1937,13622
17607,506,1841,13451
17607,521,1816,13609
17607,511,1795,13468
17607,515,1855,13585
17607,529,1885,13766
17607,517,1765,13511
17607,511,1915,13587
17607,517,1774,13538
17607,500,1887,13430
17607,522,1868,13688
17607,514,1922,13602
17607,514,1847,13546
