nvml:nvidia_geforce_gtx_970_0,rapl:ram,rapl:cores,rapl:pkg
17368,715,5146,16209
17368,517,1959,13973
17368,522,1532,13048
17368,533,1545,13411
17368,521,1713,13416
17368,514,1563,13263
17368,512,1614,13277
17368,511,1629,13264
17368,540,1696,13693
17368,516,1589,13317
17368,509,1686,13328
17368,516,1612,13336
17368,514,1711,13394
17368,514,1546,13255
17368,510,1691,13335
17368,515,1638,13353
17368,543,1795,13796
17368,514,1540,13257
17368,509,1584,13220
17368,514,1523,13232
17368,517,1596,13289
17368,514,1552,13246
17363,511,1616,13316
17363,515,1601,13263
17363,519,1594,13601
17363,557,1960,13632
17363,515,1765,13465
17363,513,1689,13373
17363,519,1608,13338
17363,516,1572,13263
17363,514,1995,13686
17363,508,1831,13469
17363,518,1707,13418
17363,537,1646,13615
17363,512,1628,13316
17363,513,1482,13164
17363,515,1563,13262
17363,505,1515,13105
17363,520,1678,13445
17363,515,1572,13269
17363,540,1560,13539
17363,514,1539,13248
17363,496,1558,13056
17363,535,1671,13577
17363,511,1559,13209
17363,525,1814,13552
17363,511,1594,13270
17363,513,1441,13124
17363,532,1716,13621
17363,525,1563,13373
17363,510,1610,13265
17363,512,1572,13249
17363,510,1688,13324
17363,525,1701,13515
17363,512,1617,13286
17363,508,1711,13342
17363,519,1702,13723
17363,537,1663,13333
17363,515,1607,13317
17363,511,1647,13326
17363,517,1696,13413
17363,511,1707,13375
17368,516,1649,13405
17368,510,1742,13344
17368,521,1863,13593
17368,540,1962,13934
17368,514,1777,13457
17368,512,1650,13322
17368,516,1716,13428
17368,514,1597,13288
17368,515,1694,13399
17368,508,1621,13263
17368,518,1660,13679
17368,538,1652,13341
17368,514,1673,13349
17368,514,1764,13464
17368,518,1689,13382
17368,514,1613,13320
17368,514,1703,13408
17368,513,1775,13463
17368,517,1612,13329
17368,514,1553,13260
17368,537,1714,13680
17368,510,1717,13308
17368,518,1615,13348
17368,515,1703,13402
17368,528,1657,13534
17368,497,1658,13140
17368,516,1597,13312
17368,536,1655,13622
17368,514,1623,13330
17368,511,1648,13317
17368,516,1624,13341
17368,509,1660,13306
17368,516,1707,13441
17368,511,1584,13255
17368,515,1661,13358
17368,539,1653,13638
17368,515,1572,13297
17368,509,1603,13251
17368,515,1621,13308
17368,514,1630,13339
17363,519,1692,13432
17363,513,1624,13272
17363,517,1736,13431
17363,532,1804,13705
17363,520,1880,13613
17363,514,1594,13303
17363,516,1826,13505
17363,519,1716,13436
17363,512,1659,13349
17363,512,1651,13318
17363,540,1603,13591
17363,489,1603,13334
17363,529,1670,13238
17363,520,1600,13366
17363,516,1536,13234
17363,512,1568,13254
17363,515,1584,13295
17363,514,1597,13304
17363,514,1640,13329
17363,512,1657,13343
17368,518,1711,13460
17368,533,1612,13496
17368,515,1565,13269
17368,517,1885,13587
17368,515,1604,13318
17368,510,1718,13363
17368,520,1843,13567
17368,537,1613,13592
17368,514,1525,13235
17368,510,1588,13243
17368,515,1609,13303
17368,513,1664,13356
17368,517,1617,13344
17368,512,1632,13303
17368,513,1695,13372
17368,538,1746,13742
17368,511,1677,13338
17368,512,1597,13293
17368,517,1674,13369
17368,513,1561,13254
17374,516,1607,13358
17374,512,1754,13371
17374,514,1605,13304
17374,541,1832,13825
17374,519,1751,13464
17374,510,1768,13427
17374,517,1560,13267
17374,512,1481,13170
17374,529,1660,13543
17374,497,1535,13023
17374,515,1485,13185
17374,535,1585,13536
17374,519,1555,13313
17374,511,1541,13192
17374,511,1528,13178
17374,514,1545,13250
17374,506,1516,13136
17374,521,1556,13339
17374,514,1528,13235
17374,536,1569,13528
17374,494,1476,12972
17374,534,1460,13367
17374,516,1567,13271
17374,510,1646,13306
17374,517,1739,13455
17374,512,1714,13402
17374,520,1891,13592
17374,537,1597,13565
17374,514,1707,13405
17374,513,1639,13325
17374,517,1681,13407
17374,510,1731,13385
17374,513,1695,13389
17374,512,1661,13339
17374,534,1659,13586
17374,519,1603,13374
17374,514,1663,13375
17374,512,1636,13315
17374,515,1657,13350
17374,507,1596,13225
17368,523,1696,13523
17368,510,1752,13354
17368,511,1635,13293
17368,541,1709,13717
17368,519,1933,13624
17368,510,1637,13285
17368,520,1604,13360
17368,514,1851,13521
17368,512,1589,13268
17368,514,1885,13580
17368,519,1620,13355
17368,534,1656,13604
17368,491,1739,13473
17368,534,1800,13455
17368,516,1871,13564
17368,513,1700,13395
17368,511,1716,13375
17368,512,1670,13357
17368,515,1831,13539
17368,537,1615,13599
17613,495,1842,13587
17613,534,1666,13273
17613,517,1685,13412
17613,516,1707,13410
17613,512,1712,13401
17613,514,1592,13292
17613,515,1971,13670
17613,515,1635,13336
17613,536,1540,13502
17613,514,1571,13285
17613,518,1682,13392
17613,510,1568,13229
17613,507,1722,13350
17613,514,1699,13409
17613,516,1582,13287
17613,513,1567,13266
17613,534,1507,13456
17613,515,1526,13231
17613,516,1504,13216
17613,512,1508,13187
17619,520,1666,13419
17619,508,1668,13280
17619,516,1602,13315
17619,517,2006,13703
17619,536,1793,13757
17619,514,1723,13407
17619,515,1652,13367
17619,513,1754,13444
17619,510,1769,13423
17619,514,1677,13360
17619,518,1796,13518
17619,536,1665,13644
17619,513,1751,13416
17619,516,1701,13415
17619,515,1667,13389
17619,506,1776,13391
17619,512,1657,13328
17619,519,1803,13552
17619,514,1829,13537
17619,513,1654,13355
17374,534,1841,13799
17374,518,1763,13465
17374,504,1648,13234
17374,523,1692,13486
17374,514,1643,13337
17374,532,1625,13511
17374,496,1640,13121
17374,531,1678,13566
17374,520,1859,13639
17374,505,1660,13238
17374,522,1601,13412
17374,513,1720,13410
17374,506,1612,13224
17374,539,1695,13684
17374,493,1645,13111
17374,515,1756,13465
17374,538,1545,13544
17374,506,1720,13306
17374,521,1581,13367
17363,507,1702,13372
17363,526,1701,13439
17363,529,1714,13582
17363,497,1502,12979
17363,516,1497,13196
17363,539,1648,13638
17363,506,1516,13107
17363,514,1543,13232
17363,526,1775,13575
17363,511,1607,13270
17363,506,1573,13187
17363,521,1583,13355
17363,512,1532,13231
17363,539,1701,13697
17363,506,1637,13238
17363,522,1639,13431
17363,504,1618,13207
17363,510,1566,13232
17363,539,1667,13653
17363,495,1615,13095
17613,522,1659,13509
17613,525,1652,13399
17613,513,1591,13266
17613,523,1499,13294
17613,512,1619,13289
17613,516,1625,13343
17613,507,1547,13171
17613,523,1508,13286
17613,508,1658,13300
17613,538,1690,13686
17613,511,1578,13209
17613,520,1739,13502
17613,511,1682,13353
17613,515,1646,13360
17613,528,1686,13562
17613,497,1612,13110
17613,510,1763,13729
17613,541,1697,13413
17613,505,1690,13283
17613,518,1659,13405
17368,522,1648,13468
17368,507,1746,13318
17368,515,1708,13406
17368,515,1649,13340
17368,536,1689,13648
17368,509,1961,13583
17368,515,1602,13309
17368,520,1670,13448
17368,513,1872,13554
17368,514,1707,13422
17368,508,1620,13231
17368,522,1646,13449
17368,510,1651,13305
17368,537,1774,13735
17368,505,1793,13375
17368,522,1656,13458
17368,510,1665,13323
17368,517,1633,13361
17368,505,1631,13234
17368,519,1683,13447
17368,519,1656,13432
17368,515,2047,13988
17368,529,1665,13233
17368,524,1651,13467
17368,512,1895,13553
17368,526,1644,13502
17368,495,1714,13165
17368,524,1544,13361
17368,511,1726,13397
17368,536,1671,13630
17368,505,1619,13201
17368,521,1657,13440
17368,514,1609,13306
17368,514,1647,13361
17368,504,1585,13165
17368,536,1604,13570
17368,493,1607,13375
17368,539,1569,13273
17368,508,1625,13251
17368,519,1615,13384
17363,499,1603,13160
17363,527,1654,13459
17363,511,1631,13283
17363,524,1652,13443
17363,513,1610,13288
17363,535,1622,13553
17363,507,1691,13303
17363,554,1756,13549
17363,517,2006,13674
17363,515,1702,13409
17363,515,1773,13449
17363,515,1647,13353
17363,513,1655,13335
17363,537,1584,13555
17363,518,1770,13485
17363,505,1745,13342
17363,521,1741,13502
17363,517,1725,13459
17363,512,1768,13425
17363,516,1781,13483
17363,523,1765,13599
17363,528,1787,13619
17363,520,1661,13395
17363,511,1618,13243
17363,514,1655,13344
17363,513,1673,13351
17363,519,1678,13415
17363,513,1749,13439
17363,511,1762,13421
17363,540,1730,13727
17363,515,1606,13302
17363,515,1664,13374
17363,512,1756,13412
17363,517,1584,13306
17363,513,1609,13279
17363,515,1586,13290
17363,513,1502,13196
17363,537,1555,13518
17363,518,1569,13274
17363,516,1630,13333
17368,520,1685,13464
17368,506,1734,13287
17368,519,1662,13385
17368,513,1609,13296
17368,536,1654,13557
17368,498,1853,13624
17368,541,1609,13293
17368,515,1593,13298
17368,504,1788,13374
17368,519,1709,13470
17368,518,1703,13416
17368,513,1773,13459
17368,513,1729,13419
17368,539,1756,13725
17368,515,1605,13299
17368,513,1550,13241
17368,515,1513,13220
17368,513,1641,13313
17368,549,4621,16051
17368,608,19902,31894
17596,625,21517,33549
17596,778,19465,30786
17596,790,17432,29179
17596,605,20632,32313
17596,685,20927,32690
17596,928,16416,28076
17596,878,14809,26486
17596,713,30288,42370
17596,625,50168,61792
17596,752,27173,39243
17596,708,18962,30730
17596,670,19881,31624
17596,642,19666,31345
17596,645,19965,31592
17596,1061,16130,28438
17596,620,16206,27375
17596,655,19569,31246
17596,678,20203,32622
17596,651,21271,33008
17596,683,20489,32133
17352,1186,10725,22717
17352,641,17770,29264
17352,624,20008,31572
17352,679,19615,31408
17352,647,19665,31308
17352,664,19773,31396
17352,597,20823,32504
17352,587,22103,33879
17352,592,22017,34474
17352,614,22019,33578
17352,1766,17941,30206
17352,733,15973,27744
27084,865,19197,25858
27084,934,21258,25620
40430,936,20213,24232
40430,979,19404,23582
45521,1123,19392,23642
45521,988,18975,23140
47225,994,18981,23515
47225,995,20055,23897
48192,807,19328,23927
48192,1189,18226,22524
48442,1646,15383,19642
48442,1304,16696,21118
48710,932,12958,17309
48710,672,19074,22859
48442,1236,13347,17773
48442,810,8717,12511
48467,622,17759,21699
48467,606,18773,22900
48435,601,20956,25345
48435,578,22449,26104
48410,881,21783,26127
48410,1012,19071,23446
48435,929,19312,23291
48435,941,19355,23625
48442,1178,18879,23444
48442,882,19753,23570
48442,1021,20138,24728
48442,979,19901,23725
48678,811,18493,22595
48678,887,19390,23856
49895,880,20610,24660
49895,934,20661,24765
49173,984,19344,23517
49173,976,19250,23578
56646,837,18627,22803
56646,990,20261,24395
64129,764,19843,23955
64129,649,20830,25072
96041,609,20128,23705
96041,671,18809,23317
111732,647,19892,23867
111732,655,20293,24660
132680,639,19429,23407
132680,630,19476,23210
140225,668,18652,23320
140225,659,16561,20614
143256,637,20353,24242
143256,663,20204,24427
145153,621,19066,22869
145153,666,18764,23077
145874,644,19889,23912
145874,653,19957,24047
145873,637,19532,23482
145873,623,18702,22595
146354,670,19513,24132
146354,634,19255,23313
145873,652,19550,23669
145873,657,19557,23727
145873,637,20211,24139
145873,659,20022,24174
145153,637,19707,23647
145153,661,19994,24113
145873,640,20258,24245
145873,625,20425,24473
146763,630,20665,24612
146763,661,19939,24216
146595,647,19044,23127
146595,652,19342,23438
146354,640,18595,22495
146354,668,18341,23012
147528,623,20231,24142
147528,672,19157,23277
146835,653,18095,22237
146835,655,19055,23195
147075,635,18962,22869
147075,646,19115,23301
147316,644,17719,21638
147316,625,19188,23384
147938,656,20684,25005
147938,637,18667,22366
147458,651,19906,23847
147458,633,19369,23390
147529,679,18883,23577
147529,632,19333,23435
146737,656,19252,23115
146737,664,20139,24418
147048,630,20048,23948
147048,633,19838,23816
147217,615,19597,23452
147217,662,19823,24062
146327,647,19050,23167
146327,656,19046,23115
147288,642,19858,23882
147288,644,19485,23833
147938,635,20245,24492
147938,666,20007,23698
146737,658,19435,23894
146737,631,19449,23347
148009,636,19230,23347
148009,631,20646,24744
147218,652,20491,24495
147218,764,19706,23712
110820,1095,19277,23579
110820,628,19961,24042
86437,684,21637,25964
86437,708,16348,20013
109202,724,10658,15248
109202,726,3645,7720
103490,696,3494,7578
103490,727,3476,7704
101430,678,3397,7373
101430,869,5062,9138
109516,649,8126,12285
109516,650,10773,14470
130600,651,19718,23776
130600,654,17839,21877
140680,648,19737,23809
140680,649,19534,23938
145703,637,17786,21824
145703,680,16018,20238
146424,644,19457,23465
146424,749,20450,24578
147075,640,19673,23621
147075,650,18658,22854
148277,633,20089,23942
148277,621,19332,23521
148730,666,20124,24612
148730,631,19484,23099
148009,666,19332,23879
148009,632,18856,22434
148490,664,18607,23107
148490,646,20208,23877
148730,633,18533,22830
148730,654,16232,20297
147796,656,19510,23694
147796,654,19454,23474
147529,645,18954,22956
147529,639,18685,22799
148489,677,18653,23115
148489,597,19293,22838
148658,651,19493,23910
148658,660,19757,23948
148205,646,20058,24107
148205,682,20144,24255
147796,641,19741,23777
147796,625,17189,21297
148445,633,18915,22947
148445,656,19741,23785
148178,648,19813,23911
148178,651,18803,22808
148178,649,18163,22202
148178,644,19701,23759
148658,669,19704,24245
148658,610,20106,23689
148178,671,19789,24408
148178,685,19859,23958
147938,641,19551,23530
147938,619,19441,23147
148418,636,20038,24230
148418,659,20192,24337
147245,646,19849,23873
147245,654,19721,23880
147698,641,20126,24082
147698,610,19986,23997
148658,657,20586,25052
148658,639,19512,23195
147485,663,19867,24427
147485,665,19284,23282
147698,610,20015,23676
147698,659,19494,23749
147005,652,19962,24263
147005,658,19634,23772
147484,639,19029,22913
147484,659,20166,24702
148658,635,20084,24118
148658,638,19939,24093
147965,648,18926,22927
147965,728,18843,22607
132680,724,13474,17742
132680,745,3849,8179
113309,691,3545,7631
113309,686,3441,7464
106150,682,3394,7433
106150,708,3491,7645
102350,687,3500,7534
102350,693,3419,7585
100897,645,3572,7465
100897,675,7302,11386
129176,645,17117,21110
129176,651,19230,23378
141401,630,19634,23511
141401,671,19102,23285
145152,654,18865,23026
145152,651,19565,23582
146835,645,19256,23185
146835,655,18821,23242
148489,612,19217,23503
148489,659,20436,23992
148249,647,19761,23791
148249,652,19665,23811
148489,654,19795,24203
148489,627,19993,24200
148178,635,20427,24378
148178,681,20390,24436
147965,642,19644,23664
147965,647,19710,23832
148517,633,19958,23896
148517,627,19755,23870
149619,667,19957,24511
149619,635,19300,23160
148205,658,19755,24022
148205,656,19179,23272
148925,638,19243,23299
148925,623,19933,23976
149379,622,20132,23966
149379,691,20322,24646
148971,643,18876,22784
148971,632,19384,23356
149238,632,18818,22872
149238,647,19258,23452
149931,662,18458,22927
149931,634,19702,23341
149210,662,19300,23813
149210,633,19934,23905
149210,635,18579,22554
149210,636,19657,23898
149859,637,17610,21513
149859,665,19792,24003
149139,636,20173,24053
149139,622,19859,23800
149138,643,20830,24931
149138,664,20137,24611
149619,638,19066,22818
149619,655,20208,24269
148898,660,20674,25166
148898,650,20212,24374
149379,630,19798,23742
149379,616,19601,23641
150099,642,20369,24367
150099,656,20638,24771
149379,643,19563,23616
149379,654,19014,23081
149378,642,20124,24063
149378,647,19999,24505
149859,635,20023,24129
149859,656,19456,23629
149451,651,17080,21081
149451,652,19762,23905
149166,637,19890,23873
149166,616,19689,23365
150099,674,19293,23911
150099,737,18212,22128
132920,704,11412,15602
132920,706,3628,7863
113309,684,3481,7488
113309,704,3464,7616
106392,698,3452,7576
106392,702,3414,7521
102350,692,3396,7475
102350,652,3451,7477
113737,686,7579,11710
113737,639,18383,22119
135504,645,19023,23015
135504,639,19452,23570
144431,641,19448,23354
144431,631,19834,24002
147485,658,19624,24100
147485,644,19341,23061
148205,650,19920,24303
148205,646,19449,23597
149379,627,19392,23315
149379,638,19374,23500
149379,644,19447,23350
149379,658,19931,24229
149619,641,19959,23859
149619,670,19897,24514
149859,639,19054,23095
149859,602,19881,23473
149859,656,19317,23704
149859,647,19746,23514
148898,657,19741,24159
148898,655,18759,22935
149647,638,18612,22586
149647,620,19113,23262
150340,633,18311,22178
150340,663,19673,23949
150412,645,18458,22455
150412,653,19982,24049
150412,641,18896,22819
150412,667,19552,24156
150100,623,20309,24186
150100,654,20261,24545
148970,639,18747,22734
148970,657,18614,22777
149210,633,19319,23259
149210,619,18938,23050
150099,631,20124,23884
150099,662,19163,23492
151031,665,19640,24043
151031,646,19831,23960
152231,620,19762,23629
152231,654,19563,23819
151751,647,19688,23772
151751,635,19378,23000
152712,653,20003,24372
152712,636,19700,23953
153330,626,20017,23980
153330,660,19883,24040
151991,631,19594,23390
151991,639,18424,22622
153162,629,19687,23571
153162,643,20041,24152
152442,652,19880,24113
152442,652,19755,23757
152232,668,19902,24359
152232,628,19486,23466
151468,639,19126,23125
151468,653,19823,24095
149619,648,19995,24118
149619,659,19754,23925
150339,631,19966,23861
150339,615,18236,22279
150792,638,19232,23220
150792,662,19686,23828
141161,708,19737,23664
141161,746,15620,20284
126262,688,5019,9025
126262,705,3426,7596
110894,686,3442,7496
110894,675,3399,7361
106131,713,3466,7614
106131,695,3333,7488
104216,653,3381,7459
104216,667,3358,7303
111618,691,3957,8081
111618,650,9679,13860
135063,619,19153,22688
135063,652,19528,23571
144261,667,19736,24373
144261,638,19491,23526
148489,629,18157,22047
148489,628,18533,22798
150312,627,19146,22874
150312,663,19682,24065
150340,641,18844,22750
150340,651,19835,23998
149859,639,19434,23321
149859,614,19980,24122
151272,663,20261,24722
151272,654,19342,23503
149859,647,19500,23549
149859,657,20222,24361
150099,643,19529,23542
150099,615,18510,22210
151512,678,19488,24134
151512,613,20042,23604
150552,649,19969,24131
150552,653,19728,23845
150339,646,19436,23458
150339,646,19466,23724
150988,634,18308,22391
150988,643,19900,24119
149859,650,20026,24147
149859,658,20109,24284
149859,636,18652,22622
149859,611,18943,22888
151992,652,17847,21851
151992,638,19512,23682
151512,650,19662,23889
151512,644,19574,23363
151344,667,18636,23242
151344,619,18870,22680
151512,655,18878,23101
151512,632,19774,23889
151272,630,19155,22914
151272,667,18800,23230
150579,632,19141,22933
150579,634,19793,23819
151272,661,19595,24111
151272,615,18761,22405
150340,649,19603,23738
150340,653,20360,24418
149859,636,20477,24488
149859,654,20151,24851
151032,610,20376,24197
151032,667,20271,24483
150340,637,19403,23402
150340,642,18369,22456
151032,632,20273,24190
151032,628,19799,23941
151993,663,20119,24591
151993,637,19626,23343
150792,639,19825,23711
150792,666,20245,24841
151272,622,18498,22387
151272,654,19372,23725
150240,644,19688,23641
150240,668,19150,23388
140654,703,18492,22498
140654,706,13976,17953
129877,715,5724,9929
129877,697,4523,8615
117524,708,3796,7990
117524,704,3727,7836
110672,696,3674,7759
110672,666,3636,7544
109222,694,3708,7914
109222,671,3584,7662
131781,631,9968,13865
131781,675,18846,23198
143298,637,18632,22568
143298,648,18342,22349
148462,642,19007,22984
148462,618,19708,23587
150792,670,19646,24157
150792,618,18972,22615
150624,647,18804,22939
150624,649,19459,23475
150580,646,19603,23729
150580,639,19499,23747
151300,642,19922,24191
151300,658,20384,24594
149887,635,20102,23989
149887,639,19382,23401
151032,663,19997,24500
151032,607,19593,23150
151512,649,19182,23315
151512,652,20065,24143
151200,645,19571,23582
151200,635,18877,22904
150508,665,19566,24061
150508,624,19084,23217
150508,643,19869,23842
150508,665,18787,23081
151272,633,20014,23864
151272,654,19901,24031
150580,636,19595,23441
150580,626,18484,22790
151512,653,19669,23940
151512,642,20064,23755
151512,665,19087,23670
151512,614,19509,23037
151512,668,20132,24689
151512,629,19724,23845
152233,621,19813,23466
152233,669,20081,24573
151300,636,20171,24079
150820,657,18675,23027
150820,602,18968,22773
151272,660,20387,24581
151272,645,19374,23312
149451,656,20186,24562
149451,594,18208,21829
150340,681,19299,23820
150340,633,19536,23515
151032,633,20056,23735
151032,672,20038,24690
151272,639,20109,24169
151272,611,18689,22278
151752,660,19814,24206
151752,639,18917,22791
151060,662,20013,24549
151060,638,18735,22418
151752,658,20232,24670
151752,608,20263,23762
151992,670,20572,25142
151992,634,20693,24886
151920,623,20523,24213
151920,669,20441,24888
151920,640,20797,24774
151920,658,19982,24189
139237,738,18012,22072
139237,711,8821,12988
125803,707,4327,8433
125803,717,4040,8215
114221,684,3378,7415
114221,710,3352,7508
106615,687,3421,7446
106615,684,3402,7470
103299,649,3385,7395
103299,689,3303,7413
122269,674,3723,7944
122269,640,11274,15117
139263,646,18491,22413
139263,653,19921,24078
146807,637,19873,23839
146807,611,19542,23543
150072,641,18806,22904
150072,672,18651,23223
150552,628,19571,23780
150552,668,19084,22968
150552,640,18648,22717
150552,617,19155,23193
151651,631,20261,24184
151651,656,20215,24316
151272,644,19843,24007
151272,651,17360,21374
151752,650,17539,21598
151752,635,18497,22526
151992,631,19562,23534
151992,660,19475,24084
150720,654,19530,23698
150720,635,19680,23263
151440,658,18793,23259
151440,647,19560,23681
151680,615,19809,23586
151680,635,18151,22454
152232,637,18431,22307
152232,660,19435,23641
150748,644,20550,24538
150748,652,20406,24474
150579,642,19754,23735
150579,647,19183,23630
151440,617,19799,23603
151440,660,17858,22275
150820,651,18357,22484
150820,653,17938,21976
150819,639,19902,23867
150819,616,19878,24018
150580,660,19981,24391
150580,636,19764,23503
150892,644,19087,23010
150892,623,20077,23996
151272,663,20142,24673
151272,630,20004,23743
150339,654,20426,24894
150339,640,19869,23939
151272,619,19816,23673
151272,644,19638,23828
151132,648,20321,24489
151132,660,19917,24071
151272,638,20582,24488
151272,663,20147,24674
151752,618,20290,24171
151752,643,20450,24625
150748,653,20211,24436
150748,628,19653,23177
151200,659,19847,24326
151200,637,19095,23125
151992,621,19837,23717
151992,643,20019,24227
151512,648,19058,23154
151512,650,19754,23869
151992,647,19208,23202
151992,659,19283,23268
136683,759,16993,21252
136683,722,11113,15404
123029,681,3556,7656
123029,709,3353,7518
110242,682,3424,7436
110242,710,3335,7532
106132,688,3470,7490
106132,677,3307,7356
104216,679,3438,7531
104216,644,4553,8509
130359,651,17704,21490
130359,650,18629,22673
143538,664,18711,23209
143538,637,19436,23438
148418,644,20039,24167
148418,629,19433,23522
150960,641,19600,23528
150960,664,19323,23593
150792,638,19682,23576
150792,642,19808,23948
151200,620,20241,24121
151200,674,20399,25064
151032,624,20285,23812
151032,654,19544,23762
150960,666,18906,23442
150960,641,19525,23528
151440,626,19012,22887
151440,650,18536,22907
151752,629,17205,21093
151752,668,19806,24028
151992,640,19636,23590
151992,651,20061,24134
151680,642,19991,24018
151680,628,18562,22483
151920,631,19723,23766
151920,648,19359,23487
150792,647,19600,23616
150792,670,19506,24097
151512,637,18145,22167
151512,619,18155,21958
152713,645,19016,23119
152713,649,20019,24167
151032,649,19091,23339
151032,654,17562,21642
151512,645,19348,23363
151512,648,19065,23153
151992,640,18834,22775
151992,623,18452,22647
152400,639,19994,23909
152400,670,20046,24640
151752,631,20516,24180
151752,679,19979,24616
151272,635,20501,24455
151272,620,20151,24222
151752,623,19691,23604
151752,664,19693,23994
150820,637,19188,23120
150820,643,19515,23475
151512,637,19343,23414
151512,619,19848,23940
152400,667,20355,24886
152400,626,19741,23267
151300,662,19794,24374
151300,632,19628,23188
152233,658,18717,23257
152233,655,19497,23483
152713,626,19234,23151
152713,636,19640,23796
152472,643,18307,22252
152472,660,18644,22943
151584,641,20269,24096
151584,648,20068,24270
151752,626,20374,24222
151752,773,18320,22799
134099,723,11451,15860
134099,678,4149,8280
119008,718,3895,7931
119008,708,3843,7940
113572,690,3892,7905
113572,711,3849,8021
111860,643,3722,7720
111860,659,4725,8769
130295,664,17466,21655
130295,641,19118,22869
143298,640,19607,24085
143298,670,19442,23534
148659,635,19316,23301
148659,633,19633,23789
150312,636,19955,23905
150312,654,19804,23915
150792,644,19543,23597
150792,629,19108,23116
151752,642,19883,23823
151752,633,19918,24008
152640,655,20024,24443
152640,639,19679,23339
151200,666,19680,24307
151200,649,19548,23643
151752,638,19181,23268
151752,622,19387,23382
150960,635,20066,24018
150960,655,19463,23597
151200,638,19678,23628
151200,639,17567,21733
152160,619,18897,22632
152160,662,18690,23050
151920,649,18041,22067
151920,650,19612,23647
150960,665,19669,24260
150960,585,18747,22213
152232,657,19891,24144
152232,653,19892,24213
151540,644,19564,23621
151540,657,19553,23758
151060,635,19586,23409
151060,624,19702,23994
152233,631,19003,22852
152233,660,19991,24212
151512,640,19882,23814
151512,653,19535,23711
151512,637,19744,23697
151512,616,19626,23771
151920,651,20532,24896
151920,646,19738,24122
151512,656,19483,23343
151512,660,19956,24160
151540,627,18721,22634
151540,631,19924,24059
151920,656,19805,24127
151920,640,18852,22678
152020,640,18489,22415
152020,655,19890,24002
152020,642,19906,23787
152020,649,19767,24266
152713,634,20197,24200
152713,639,19387,23518
151540,652,20525,24720
151540,651,19791,23809
151512,642,20494,24477
151512,629,19795,23708
151992,661,20031,24555
151992,624,20098,23816
151060,646,20316,24394
151060,652,19959,24037
151708,647,19793,23829
151708,739,18818,23323
136923,700,15004,19128
136923,720,5595,9795
122087,683,3917,7975
122087,695,3879,7957
113793,694,3973,8046
113793,695,3835,7913
112121,669,3777,7770
112121,702,3867,8052
124477,655,6045,10123
124477,644,14099,17735
141228,661,19204,23740
141228,593,19936,23469
148729,667,19691,24261
148729,656,20309,24534
149931,635,19973,23834
149931,657,19214,23399
151300,637,19215,23213
151300,649,18258,22369
151920,653,19675,23948
151920,609,19773,23302
151300,654,18608,22824
151300,657,18461,22630
150988,661,19834,24314
150988,637,19968,23983
151920,631,19239,23196
151920,646,18657,22967
151680,633,20236,23992
151680,672,19679,24040
151920,634,20100,23975
151920,632,20053,24031
152232,630,19347,23277
152232,643,18758,23016
151300,645,20206,24131
151300,655,19631,23879
151272,661,19630,24126
151272,631,19467,23303
152472,641,20014,24217
152472,637,20322,24433
152472,637,19405,23310
152472,661,20048,24307
151752,637,20274,24171
151752,619,20125,23993
152232,658,20086,24535
152232,638,18956,22711
151440,651,19965,24125
151440,650,19859,23872
152160,664,19700,24277
152160,658,19757,23946
152188,622,18075,21837
152188,634,19692,23920
152713,634,19120,22982
152713,665,19728,24045
152233,635,19436,23268
152233,624,19686,23703
152233,658,17822,22146
152233,651,19618,24003
150988,645,18934,23019
150988,634,19934,23520
151752,648,19743,24023
151752,637,19526,23580
152473,630,20050,23993
152473,653,19849,24220
152400,658,19975,24334
152400,637,20413,24193
152712,638,20379,24309
152712,654,20283,24424
152952,667,19694,24198
152952,642,18474,22526
152952,619,19575,23357
152952,650,19630,23985
152880,636,20047,23964
152880,664,19061,23275
138997,747,18169,22166
138997,737,12666,16980
124900,681,4139,8181
124900,737,4409,8486
116132,721,4221,8298
116132,713,4102,8243
111397,689,4186,8179
111397,673,3969,8059
119270,679,4387,8486
119270,651,16174,20441
139089,651,19437,23189
139089,628,19823,24042
147768,631,20020,23901
147768,659,19361,23576
149931,642,19880,23795
149931,656,19342,23561
150580,636,19473,23390
150580,620,19318,23487
152472,665,19134,23584
152472,629,20161,23787
151512,663,19286,23830
151512,635,19616,23569
151752,616,19206,23041
151752,651,19743,23893
150820,647,19930,24132
150820,652,18312,22471
151992,641,18669,22567
151992,635,20107,24135
152712,682,17894,22502
152712,583,18233,21701
153360,662,19831,24106
153360,658,19936,24363
151680,641,19464,23496
151680,658,20216,24470
151300,619,19843,23525
151300,634,19179,23528
152640,624,20664,24382
152640,662,19981,24339
152160,640,18986,22985
152160,654,19757,23865
152473,641,19400,23385
152473,624,17599,21549
152684,660,19943,24399
152684,650,19877,24114
151512,637,19672,23670
151512,670,20264,24587
151920,626,19557,23294
151920,625,18922,23127
152400,632,19647,23480
152400,665,19423,23732
151440,640,19205,23149
151440,656,16527,20748
151992,645,19057,22987
151992,605,19894,23892
152443,648,20115,24396
152443,678,19646,24148
151680,640,19914,23922
151680,645,18646,22737
151920,604,19567,23224
151920,653,20096,24321
151680,651,17910,22067
151680,656,19943,24034
152473,640,19071,22976
152473,660,19757,24314
152160,629,20510,24425
152160,624,19472,23836
151060,667,20464,24503
151060,655,19682,23823
151993,646,19730,23737
151993,641,18469,22498
152473,623,18971,22890
152473,638,20019,24158
141616,735,19654,23678
141616,727,15859,20062
131058,709,7757,11967
131058,702,3394,7548
114220,676,3424,7475
114220,690,3397,7448
106634,707,3475,7630
106634,677,3267,7319
104992,661,3259,7439
104992,700,3289,7283
123052,651,10683,14574
123052,656,18539,22610
140988,640,18616,22602
140988,624,19952,23801
148249,674,18987,23646
148249,613,19550,23131
150792,665,18975,23528
150792,659,19258,23387
150792,637,19552,23493
150792,635,19763,23748
151992,630,18358,22356
151992,650,17574,21776
152472,646,18108,22164
152472,665,17623,21861
152880,643,20057,23950
152880,655,20101,24213
152232,642,20207,24217
152232,620,19462,23348
152712,649,17972,22100
152712,668,19430,24112
153913,639,18469,22500
153913,636,20262,24167
152232,661,19728,24031
152232,645,18733,22671
152712,642,19468,23454
152712,650,20207,24359
152472,640,19697,23697
152472,616,19538,23612
153120,661,20642,25116
153120,636,19319,22973
151992,663,19851,24316
151992,631,19974,23588
151992,655,20075,24497
151992,635,20314,24580
151891,623,20331,23990
151891,669,19488,23923
151920,636,18905,22758
151920,658,18608,22830
152880,638,19011,22927
152880,626,19921,23888
153091,632,20339,24327
153091,652,19530,23755
152640,667,19603,24214
152640,655,20128,24224
152131,631,18466,22364
152131,634,19791,23828
152443,617,20075,23828
152443,662,20056,24484
151272,660,20103,24410
151272,640,20252,24085
151680,641,19702,23618
151680,611,19909,23975
152371,644,19647,23799
152371,661,19860,23940
151512,661,19362,23822
151512,646,19877,23929
152160,631,19511,23473
152160,628,19521,23721
153091,628,19348,23222
153091,667,19975,24248
151752,633,20018,23872
151752,635,20036,23989
152472,651,20266,24884
152472,616,20342,23945
137313,775,17197,21748
137313,711,6488,10607
118283,678,3279,7294
118283,696,3296,7393
108307,709,3388,7562
108307,685,3311,7343
105476,687,3363,7424
105476,681,3283,7310
104750,661,3242,7312
104750,801,3335,7533
82469,1109,14731,18828
82469,717,19847,24002
92716,713,20060,23707
92716,733,11431,16025
90355,694,5303,9405
90355,710,5335,9524
88233,673,5377,9323
88233,719,5422,9603
87748,678,5363,9353
87748,708,5453,9593
86779,672,5411,9365
86779,700,5361,9508
86536,683,5322,9349
86536,697,5433,9515
86551,700,5375,9545
86551,680,5339,9295
86294,715,5360,9669
86294,682,5434,9458
84612,784,5211,9202
84612,1415,6375,10472
73848,1565,7750,12255
73848,1287,6178,10385
69278,1399,6290,10390
69278,1443,6895,11231
67852,1167,9016,13116
67852,1151,13992,18234
67321,1102,16860,21220
67321,1016,17121,20981
69902,607,16234,20359
69902,606,6983,8366
69902,512,2509,6835
69463,517,2022,6119
69463,520,1864,5938
68988,515,1899,5924
68988,517,1612,5663
68745,532,1704,5874
68745,519,1655,5715
68745,515,1756,5802
68745,516,1604,5661
68745,509,1541,5568
68745,520,1652,5729
68745,509,1653,5676
68745,518,1521,5589
68745,533,1503,5672
68745,518,1676,5740
68745,507,1589,5604
68745,519,1506,5584
68260,506,1603,5630
68260,519,1738,5794
68260,510,1560,5582
68260,520,1552,5628
68260,535,1824,5991
68260,518,1532,5608
68260,506,1569,5577
68260,521,1477,5554
68260,507,1427,5452
68260,519,1444,5521
68260,508,1516,5519
68260,524,1494,5596
68260,529,1461,5602
68260,528,1535,5610
68260,511,1533,5553
68260,522,1462,5548
68260,504,1416,5421
68260,522,1398,5490
68260,510,1524,5542
68260,521,1403,5466
68260,535,1530,5710
68260,516,1555,5610
68260,513,1574,5604
68260,519,1469,5537
68293,508,1485,5510
68293,519,1445,5517
68293,511,1460,5495
68293,517,1493,5556
68293,531,1483,5641
68293,519,1458,5534
68293,507,1482,5495
68293,521,1539,5625
68293,506,1443,5465
68293,520,1460,5534
68293,512,1615,5645
68293,517,1628,5677
68293,534,1567,5749
68293,517,1556,5625
68062,502,1784,5754
68062,534,1683,5824
56224,509,1607,5633
56224,518,1533,5598
51390,508,1709,5719
51390,521,1617,5692
49685,533,1687,5852
49685,518,1747,5817
48962,512,1696,5723
48962,516,1460,5524
48718,508,1473,5489
48718,520,1473,5553
48499,512,1531,5557
48499,515,1502,5551
48474,533,1487,5662
48474,518,1524,5584
48499,514,1650,5692
48499,515,1465,5515
48499,507,1525,5557
48499,522,1530,5601
48499,510,1717,5734
48499,518,1627,5694
48499,533,1779,5938
48499,520,1742,5820
48474,510,1829,5849
48474,518,1779,5846
48474,509,1577,5607
48474,518,1594,5656
48474,510,1818,5847
48474,513,1703,5742
48474,539,1681,5882
48474,491,1699,5763
48467,534,1768,5792
48467,517,1613,5676
48467,509,1754,5787
48467,516,1517,5578
48467,511,1719,5745
48467,519,1722,5792
48474,528,1616,5760
48474,520,1652,5732
48224,512,1744,5778
48224,516,1705,5766
48224,508,1794,5815
48224,522,1737,5822
48224,509,1756,5767
48224,520,1614,5694
48224,533,1851,6013
48224,518,1680,5737
48224,510,1724,5758
48224,516,1756,5814
48224,512,1578,5620
48224,514,1588,5645
48224,514,1759,5798
48224,516,1619,5668
41695,497,2366,11133
41695,537,1677,13650
29067,502,1792,13339
29067,528,1698,13528
24441,522,1605,13432
24441,503,1581,13136
22730,524,1811,13628
22730,528,1577,13425
22002,497,1702,13214
22002,535,1893,13800
22002,518,1833,13572
22002,513,1694,13347
21758,513,1628,13350
21758,511,1660,13302
21766,524,1681,13466
21766,507,1697,13296
21766,520,1629,13426
21766,522,1701,13480
21766,506,1565,13168
21766,530,1588,13436
21766,517,1421,13179
21766,512,1462,13105
21766,524,1753,13556
21766,529,1408,13262
21766,495,1439,12948
21766,534,1541,13442
21766,498,1622,13145
21766,528,1483,13333
21766,517,1592,13357
21766,501,1561,13107
21766,533,1710,13614
21766,502,1585,13134
21766,522,1563,13383
21766,527,1641,13477
21522,503,1731,13301
21522,526,1540,13373
21277,522,1573,13408
21277,500,1607,13127
21521,521,1663,13449
21521,524,1525,13375
21521,523,1568,13330
21277,506,1496,13162
21277,516,1667,13315
21521,518,1624,13412
21521,512,1562,13193
21521,515,1626,13403
21521,511,1795,13400
21521,519,1605,13410
21521,533,1839,13703
21521,502,1708,13301
21521,527,1602,13383
21521,497,1623,13182
21521,567,1902,13776
21521,518,2045,13683
21521,519,1972,13679
21521,536,1836,13778
21521,517,1808,13529
21521,511,1822,13472
21521,514,1816,13477
21521,522,2076,13819
21521,515,1824,13528
21521,511,1862,13534
21521,519,1700,13420
21521,538,1653,13624
21521,517,1737,13463
21521,513,1793,13486
21521,516,1718,13388
21521,512,1706,13374
21521,513,1810,13462
21521,520,1796,13564
21521,530,1789,13647
17852,519,1794,13554
17852,520,1858,13569
17852,515,1688,13394
17852,517,1864,13546
17852,515,1805,13501
17852,516,1721,13432
17852,511,1634,13291
17852,517,1829,13528
17852,517,1746,13476
17852,538,1684,13660
17852,514,1655,13345
17852,511,1708,13366
17852,516,1728,13428
17852,515,1849,13553
17852,515,1780,13479
17852,515,1837,13516
17852,537,1782,13727
17852,494,1941,13690
17852,539,1943,13575
17852,516,1764,13455
18096,524,1810,13648
18096,506,1837,13385
18096,510,1737,13383
18096,520,1963,13674
18096,536,1818,13769
18096,517,1741,13464
18096,514,1686,13364
18096,512,1700,13345
18096,521,1690,13432
18096,517,1916,13635
18096,513,1779,13447
18096,538,1649,13620
18096,518,1651,13371
18096,514,1803,13486
18096,515,1887,13591
18096,521,1739,13452
18096,517,1576,13292
18096,512,1632,13286
18096,514,1590,13277
18096,537,1628,13572
17368,503,1684,13259
17368,533,1704,13576
17368,513,1604,13277
17368,519,1811,13519
17368,514,1517,13196
17368,512,1555,13229
17368,516,1550,13258
17368,518,1570,13274
17368,535,1566,13504
17368,515,1580,13273
17368,507,1513,13121
17368,520,1564,13304
17368,517,1484,13208
17368,507,1471,13091
17368,523,1528,13316
17368,513,1515,13183
17368,539,1487,13478
17368,518,1566,13275
17368,516,1589,13273
17368,512,1858,13520
17613,505,1746,13330
17613,523,1898,13665
17613,519,1619,13377
17613,516,2002,13662
17613,540,1913,13906
17613,514,1812,13489
17613,517,1716,13434
17613,517,1764,13438
17613,506,1681,13288
17613,523,1940,13710
17613,516,1736,13441
17613,517,1804,13498
17613,537,1557,13527
17613,515,1589,13299
17613,516,1629,13339
17613,514,1855,13512
17613,513,1687,13380
17613,516,1924,13612
17613,512,1739,13396
17613,521,1660,13392
17363,535,1925,13876
17363,520,1885,13595
17363,512,1655,13352
17363,516,1799,13503
17363,514,1657,13357
17363,517,1609,13335
17363,507,1501,13136
17363,515,1532,13221
17363,514,1680,13379
17363,537,1665,13649
17363,513,1571,13260
17363,514,1500,13188
17363,510,1762,13434
17363,509,1748,13388
17363,520,1664,13427
17363,513,1850,13525
17363,540,1630,13602
17363,516,1894,13598
17363,518,1751,13472
17363,515,1855,13525
17363,513,1634,13340
17363,515,1682,13358
17363,514,1461,13175
17363,513,1731,13400
17363,515,1501,13498
17363,536,1680,13345
17363,515,1477,13190
17363,515,1514,13199
17363,512,1463,13144
17363,518,1711,13437
17363,515,1600,13310
17363,511,1489,13150
17363,534,1439,13394
17363,512,1503,13182
17363,515,1564,13259
17363,519,1663,13397
17363,508,1527,13166
17363,516,1600,13323
17363,514,1523,13202
17363,513,1530,13234
17368,512,1602,13307
17368,541,1659,13642
17368,513,1643,13302
17368,514,1681,13374
17368,514,1537,13244
17368,512,1572,13236
17368,514,1517,13216
17368,512,1592,13280
17368,538,1617,13601
17368,513,1658,13338
17368,514,1603,13308
17368,513,1643,13320
17368,514,1544,13253
17368,514,1583,13296
17368,512,1581,13265
17368,512,1740,13410
17368,536,1729,13703
17368,516,1792,13497
17368,510,1879,13501
17368,519,1682,13448
17363,513,1638,13371
17363,511,1615,13253
17363,530,1628,13520
17363,497,1909,13379
17363,539,1657,13658
17363,511,1617,13271
17363,519,1792,13536
17363,511,1602,13252
17363,514,1587,13291
17363,515,1640,13336
17363,533,1561,13472
17363,492,1529,12978
17363,517,1519,13263
17363,530,1482,13385
17363,515,1610,13303
17363,517,1871,13599
17363,515,1711,13418
17363,513,1770,13444
17363,532,1570,13470
17363,495,1626,13090
17363,519,1823,13600
17363,533,1669,13566
17363,507,1582,13193
17363,520,1676,13442
17363,515,1534,13257
17363,504,1592,13188
17363,517,1842,13862
17363,516,1638,13085
17363,538,1675,13655
17363,517,1719,13447
17363,504,1595,13183
17363,518,1554,13300
17363,517,1610,13342
17363,511,1533,13213
17363,528,1597,13457
17363,496,1589,13375
17363,540,1598,13311
17363,614,5059,16678
17363,512,1761,13427
17363,521,1662,13461
17607,515,1767,13502
17607,514,1710,13359
17607,530,1641,13525
17607,497,1690,13177
17607,518,1644,13380
17607,513,1502,13193
17607,526,1685,13521
17607,583,4346,16034
17607,521,1630,13419
17607,516,1535,13233
17607,533,1529,13441
17607,492,1682,13119
17607,539,1567,13557
17607,505,1589,13191
17607,516,1529,13233
17607,517,1600,13330
17607,517,1433,13168
17607,517,1570,13255
17607,531,1542,13431
17607,498,1519,13028
17368,520,1681,13450
17368,525,1594,13400
17368,515,1687,13398
17368,517,1720,13461
17368,513,1505,13199
17368,512,1453,13143
17368,531,1534,13440
17368,495,1690,13444
17368,535,1602,13215
17368,527,1878,13661
17368,497,1705,13215
17368,528,1691,13556
17368,514,1707,13391
17368,506,1602,13227
17368,539,1660,13661
17368,492,1525,12982
17368,539,1635,13629
17368,518,1782,13502
