nvml:nvidia_geforce_gtx_970_0,rapl:ram,rapl:cores,rapl:pkg
17363,726,5462,17504
17363,536,2052,13974
17363,511,1751,13427
17363,514,1618,13312
17363,513,1829,13505
17363,515,1728,13434
17363,515,1571,13261
17363,528,1710,13591
17363,519,1628,13363
17363,521,1697,13439
17363,504,1725,13318
17363,520,1474,13254
17363,514,1544,13248
17363,509,1573,13235
17363,513,1502,13212
17363,538,1603,13600
17363,513,1478,13165
17363,510,1505,13177
17363,514,1426,13132
17368,508,1542,13197
17368,522,1703,13458
17368,511,1613,13286
17368,510,1529,13203
17368,535,1524,13497
17368,515,1793,13489
17368,510,1611,13278
17368,514,1660,13365
17368,518,1568,13282
17368,512,1964,13619
17368,513,1520,13229
17368,512,1507,13186
17368,538,1803,13801
17368,515,1624,13324
17368,512,1621,13311
17368,511,1525,13214
17368,503,1669,13260
17368,522,1543,13337
17368,511,1463,13134
17368,512,1472,13172
17363,521,1528,13330
17363,531,1506,13375
17363,510,1436,13109
17363,515,1474,13191
17363,506,1437,13066
17363,521,1456,13248
17363,505,1717,13319
17363,518,1553,13286
17363,538,1513,13512
17363,512,1655,13331
17363,513,1598,13293
17363,514,1497,13209
17363,511,1508,13185
17363,513,1477,13158
17363,509,1420,13092
17363,514,1430,13132
17363,537,1434,13423
17363,514,1538,13237
17363,511,1491,13163
17363,510,1421,13098
17363,519,1458,13228
17363,515,1480,13154
17363,512,1501,13180
17363,508,1514,13163
17363,536,1445,13427
17363,516,1457,13168
17363,515,1462,13164
17363,509,1455,13115
17363,513,1402,13089
17363,530,1570,13458
17363,497,1472,12959
17363,527,1555,13249
17363,536,1582,13549
17363,515,1695,13384
17363,515,1564,13234
17363,515,1566,13281
17363,521,1745,13469
17363,514,1477,13177
17363,510,1547,13207
17363,533,1423,13375
17363,500,1641,13169
17363,536,1610,13508
17363,510,1610,13282
17363,514,1520,13222
17363,509,1462,13131
17363,515,1437,13139
17363,509,1429,13085
17363,516,1528,13528
17363,536,1654,13334
17363,515,1735,13443
17363,512,1657,13323
17363,515,1632,13346
17363,510,1513,13189
17363,515,1457,13151
17363,514,1456,13181
17363,532,1513,13447
17363,491,1528,12972
17363,527,1468,13321
17363,521,1470,13265
17363,510,1514,13174
17363,521,1521,13346
17363,509,1444,13027
17363,510,1449,13104
17363,514,1511,13212
17363,537,1446,13444
17363,504,1412,13002
17363,518,1518,13269
17363,517,1467,13204
17363,508,1549,13193
17363,518,1824,13544
17363,510,1468,13146
17363,514,1480,13202
17363,534,1560,13502
17363,515,1441,13156
17363,512,1413,13105
17363,511,1387,13085
17363,508,1412,13063
17363,517,1390,13132
17363,509,1537,13187
17363,517,1446,13187
17363,517,1505,13260
17363,532,1436,13329
17363,512,1402,13075
17363,510,1449,13124
17363,514,1407,13125
17363,511,1701,13371
17363,512,1639,13326
17363,515,1499,13196
17363,536,1493,13476
17363,521,1797,13512
17363,512,1576,13274
17363,512,1526,13210
17363,509,1422,13080
17363,515,1418,13127
17363,512,1429,13118
17363,534,1494,13462
17363,512,1539,13229
17363,515,1525,13218
17363,512,1519,13198
17363,514,1450,13159
17363,515,1609,13349
17363,511,1602,13239
17363,512,1576,13254
17363,535,1674,13660
17363,514,1590,13309
17363,513,1613,13297
17363,515,1558,13258
17363,513,1617,13320
17363,510,1615,13279
17363,520,1604,13314
17363,512,1451,13142
17363,511,1462,13147
17363,512,1564,13251
17363,537,1556,13516
17363,509,1497,13147
17363,512,1509,13201
17363,513,1489,13201
17363,512,1500,13165
17363,513,1468,13171
17363,513,1497,13202
17368,521,1530,13327
17368,529,1433,13293
17368,513,1407,13109
17368,512,1402,13091
17368,511,1390,13073
17368,512,1476,13153
17368,510,1444,13121
17368,514,1424,13132
17368,539,1524,13508
17368,512,1429,13088
17368,514,1694,13394
17368,514,1540,13250
17368,502,1548,13135
17368,521,1464,13230
17368,513,1456,13158
17368,515,1409,13139
17368,537,1441,13429
17368,513,1579,13259
17368,511,1649,13329
17368,510,1465,13136
17368,516,1626,13358
17368,513,1581,13222
17368,509,1511,13186
17368,514,1546,13258
17368,536,1444,13429
17368,513,1516,13209
17368,510,1416,13085
17368,514,1583,13280
17368,513,1570,13281
17368,514,1674,13332
17368,513,1433,13142
17368,511,1518,13206
17368,538,1652,13637
17368,511,1567,13237
17368,514,1430,13146
17368,511,1547,13237
17368,510,1514,13196
17368,512,1578,13252
17368,511,1548,13228
17368,532,1552,13484
17363,508,1641,13277
17363,531,1577,13452
17363,505,1550,13156
17363,516,1625,13359
17363,511,1503,13182
17363,515,1443,13161
17363,507,1528,13171
17363,513,1502,13212
17363,540,1535,13521
17363,504,1655,13248
17363,524,1684,13466
17363,514,1457,13177
17363,510,1478,13141
17363,516,1872,13570
17363,509,1528,13196
17363,514,1453,13161
17363,536,1620,13603
17363,515,1731,13421
17363,511,1691,13363
17363,512,1582,13270
17363,520,1681,13487
17363,505,1595,13164
17363,511,1533,13211
17363,513,1571,13271
17363,538,1495,13487
17363,516,1523,13238
17363,513,1436,13128
17363,505,1486,13090
17363,517,1487,13215
17363,529,1496,13384
17363,498,1589,13076
17363,537,1436,13424
17363,514,1457,13152
17363,513,1454,13149
17363,510,1465,13113
17363,515,1416,13140
17363,503,1457,13050
17363,519,1402,13178
17363,510,1469,13137
17363,537,1497,13495
17368,514,1721,13422
17368,514,1554,13234
17368,511,1635,13302
17368,516,1450,13177
17368,502,1455,13033
17368,520,1426,13209
17368,509,1511,13167
17368,537,1400,13411
17368,517,1499,13196
17368,514,1472,13187
17368,513,1745,13417
17368,508,1574,13220
17368,514,1435,13145
17368,513,1433,13128
17368,511,1408,13104
17368,536,1448,13421
17368,514,1561,13261
17368,512,1437,13129
17368,511,1515,13195
17368,510,1455,13126
17124,508,1475,13135
17124,520,1511,13247
17124,510,1435,13103
17124,537,1452,13438
17124,513,1485,13184
17124,505,1510,13121
17124,520,1521,13303
17124,514,1508,13221
17124,509,1503,13124
17124,511,1490,13170
17124,513,1481,13184
17124,514,1437,13458
17124,536,1518,13171
17124,514,1427,13137
17124,513,1392,13102
17124,509,1402,13059
17124,515,1460,13180
17124,508,1471,13118
17124,514,1428,13146
17124,533,1390,13330
17363,515,1512,13229
17363,514,1504,13177
17363,517,1409,13162
17363,506,1486,13097
17363,514,1418,13136
17363,512,1443,13140
17363,512,1420,13112
17363,536,1440,13412
17363,515,1575,13279
17363,509,1428,13080
17363,517,1475,13219
17363,510,1533,13184
17363,514,1409,13122
17363,507,1443,13096
17363,514,1437,13148
17363,528,1520,13395
17363,513,1486,13180
17363,521,1576,13360
17363,512,1494,13171
17363,506,1480,13095
17363,525,1503,13353
17363,508,1676,13288
17363,512,1694,13375
17363,537,1505,13497
17363,512,1578,13260
17363,512,1623,13311
17363,515,1586,13281
17363,513,1523,13225
17363,514,1503,13196
17363,509,1724,13378
17363,513,1502,13215
17363,538,1483,13469
17363,508,1491,13137
17363,514,1553,13258
17363,514,1504,13216
17363,504,1480,13068
17363,535,1567,13542
17363,494,1571,13040
17363,533,1592,13545
17363,518,1654,13410
17368,508,1732,13374
17368,516,1746,13445
17368,516,1671,13413
17368,505,1645,13255
17368,518,1543,13296
17368,512,1460,13148
17368,510,1510,13177
17368,513,1487,13195
17368,539,1821,13787
17368,512,1571,13251
17368,516,1641,13370
17368,513,1562,13243
17368,514,1737,13425
17368,510,1546,13229
17368,512,1502,13193
17368,513,1500,13219
17368,534,1645,13593
17368,514,1647,13354
17368,511,1566,13255
17368,512,1696,13392
17368,513,1563,13275
17368,511,1735,13376
17368,514,1474,13192
17368,512,1480,13158
17368,537,1502,13494
17368,513,1557,13262
17368,511,1531,13204
17368,512,1548,13230
17368,516,1568,13296
17368,510,1526,13181
17368,512,1693,13386
17368,515,1536,13250
17368,514,1631,13345
17368,537,1661,13636
17368,511,1517,13214
17368,513,1421,13124
17368,512,1405,13091
17368,509,1436,13105
17368,512,1486,13187
17368,528,1526,13410
17363,521,1591,13360
17363,511,1687,13329
17363,513,1541,13255
17363,512,1496,13175
17363,512,1539,13209
17363,513,1540,13241
17363,513,1596,13292
17363,511,1526,13508
17363,540,1731,13434
17363,511,1777,13443
17363,514,1734,13440
17363,514,1601,13315
17363,511,1648,13300
17363,512,1767,13458
17363,510,1537,13224
17363,513,1517,13213
17363,532,1600,13522
17363,517,1640,13381
17363,514,1767,13468
17363,503,1642,13228
17363,523,1629,13438
17363,512,1704,13357
17363,515,1480,13212
17363,528,1641,13524
17363,512,1479,13174
17363,513,1612,13305
17363,517,1634,13359
17363,504,1505,13114
17363,521,1460,13221
17363,513,1473,13158
17363,513,1384,13083
17363,512,1404,13402
17363,536,1408,13092
17363,512,1491,13160
17363,513,1524,13244
17363,510,1423,13092
17363,524,1523,13355
17363,501,1484,13042
17363,509,1425,13389
17363,516,1433,12860
17363,555,4831,16475
17363,597,16512,27852
17363,593,22075,33754
17363,770,21269,33697
17363,812,17214,29065
17363,587,20295,31944
17363,641,21145,32836
17363,871,15520,27258
17363,838,10659,22247
17363,729,20584,32500
17363,578,49880,60764
17363,655,35310,47634
17363,804,18337,29975
17363,681,19609,32006
17363,617,19749,30824
17363,690,19787,32125
17363,869,19783,31481
17363,762,14471,26240
17363,675,19137,30774
17363,627,19342,30847
17340,637,21174,33085
17340,661,20285,31852
17340,1269,12453,24890
17340,638,14797,26002
17340,635,19459,31826
17340,690,19594,31244
17340,643,19733,31485
17340,649,20028,31772
17340,600,20858,32599
17340,566,21134,32486
17340,586,21203,32928
17340,589,21198,32883
17340,1611,21172,33895
17340,1083,10964,22286
22471,806,19444,29711
22471,875,21556,24987
38019,1086,19810,24412
38019,1056,19139,23427
44570,965,18931,22990
44570,1018,19021,23393
46982,959,19125,23110
47468,998,19365,23877
47468,949,18737,22649
47468,868,18574,22669
48198,1228,19804,24408
48198,1801,13086,17228
48710,1304,16391,21123
48710,1197,17887,21654
48685,741,19871,24375
48685,1452,9666,13910
48441,595,14169,18190
48441,620,19195,23315
48410,608,21084,24893
48410,599,21974,26208
48403,604,22985,26932
48403,821,23082,27127
48410,944,19796,24219
48410,944,19641,24177
48410,988,18985,22924
48410,1126,19113,23472
48434,1001,19566,23425
48434,989,20101,24676
48434,968,19927,23930
48678,875,18840,23066
48678,847,19527,23425
49869,897,21356,25680
49869,897,21442,25438
48896,949,19217,23660
48896,987,20818,25173
53727,923,19060,23271
53727,932,20873,24953
62186,814,19412,23154
62186,627,19667,24223
83087,638,17561,21625
83087,633,12164,16222
93639,672,9579,13820
93639,633,9617,13404
103422,637,7400,11586
103422,668,5813,10127
118730,682,5600,9675
118730,638,5657,9497
131805,683,5879,10103
131805,681,5714,9872
135635,644,5355,9295
135635,654,4660,8720
137737,695,4772,9057
137737,657,4642,8717
137496,641,5348,9238
137496,657,6063,10173
138915,681,5877,10113
138915,672,5778,9885
140359,616,5988,9840
140359,688,5646,9910
139182,660,5140,9158
139182,680,5119,9242
139156,656,5343,9476
139156,665,6324,10422
138459,642,5019,8961
138459,689,3955,8174
135635,654,3982,7981
135635,687,4626,8799
138193,628,4728,8646
138193,684,4710,8969
137255,649,4695,8679
137255,674,4660,8827
137977,661,4789,8794
137977,675,4761,8850
137977,688,4191,8401
137977,662,3603,7668
133491,650,3678,7686
133491,678,3705,7817
133732,673,3731,7856
133732,642,3686,7639
132069,663,3745,7802
132069,674,3741,7838
132768,676,3647,7887
132768,657,8413,12507
137885,642,16627,20556
137885,680,17380,21506
142603,633,16177,20208
142603,663,15715,19843
143325,646,16241,20276
143325,640,12815,16849
142363,661,5808,10006
142363,661,5328,9379
141470,673,5429,9690
141470,640,4832,8957
138218,685,4143,8129
138218,677,4001,8081
136839,663,4152,8145
136839,680,3999,8196
137014,644,6602,10296
137014,680,15435,19829
141496,640,15125,19188
141496,649,13587,17679
142603,672,8474,12711
142603,655,7519,11625
142458,638,7353,11320
142458,657,7326,11458
142913,648,7360,11316
142913,657,7372,11510
142458,654,7282,11391
142458,675,7410,11438
141976,659,7286,11412
141976,677,6919,11135
142457,669,6489,10601
142457,651,6167,10194
142217,633,6193,10192
142217,690,6236,10468
140774,645,6217,10232
140774,636,6032,10036
139089,672,4455,8584
139089,673,4488,8643
139397,643,5321,9285
139397,678,7075,11144
140051,658,7046,11165
140051,663,7034,11110
141254,680,6992,11252
141254,635,6989,10807
140773,659,4897,9141
140773,678,4306,8482
138434,613,4211,8236
138434,700,12504,16283
105890,1095,18397,22505
105890,642,19534,24014
84313,659,20074,23862
84313,796,16198,20783
106131,695,7033,11053
106131,699,3729,7771
105908,722,3781,7990
105908,694,3673,7754
104992,693,3705,7779
104992,671,3647,7604
104750,646,3456,7620
104750,688,3531,7630
118361,649,3413,7412
118361,687,3473,7604
126671,663,3433,7455
126671,702,3389,7513
129479,661,3459,7463
129479,668,3418,7492
130204,668,3385,7470
130204,687,3400,7551
131867,674,3449,7519
131867,685,3401,7573
130445,664,3485,7550
130445,662,3406,7463
130904,651,3376,7495
130904,685,3393,7347
132109,683,3465,7576
132109,700,3468,7596
130926,667,3474,7533
130926,663,3483,7460
131627,691,3502,7713
131627,645,3607,7505
134454,689,4972,9249
134454,666,5012,9116
137496,648,5112,9135
137496,653,4981,9033
139182,669,5150,9247
139182,651,6891,10879
141976,682,7124,11374
141976,659,6738,10575
142698,671,6800,11090
142698,645,5851,9812
141015,680,4729,8941
141015,661,4715,8783
140533,669,4887,8983
140533,662,4768,8859
139904,658,4725,8728
139904,682,4273,8454
136292,660,3789,7837
136292,667,3769,7794
134606,647,3702,7739
134606,711,3829,7985
133490,659,3754,7826
133490,666,3799,7800
134189,658,3745,7827
134189,681,3690,7821
133772,686,3721,7908
133772,676,3732,7811
133731,646,3707,7734
133731,672,3703,7751
133249,661,3665,7722
133249,687,3688,7822
135153,682,3743,7878
135153,676,3764,7755
133490,656,3715,7748
133490,676,3735,7816
134213,655,3672,7688
134213,674,3651,7946
133491,693,3690,7755
133491,670,3712,7773
134936,653,4236,8228
134936,679,6384,10597
140627,638,6758,10778
140627,664,6648,10752
142218,639,6729,10701
142218,691,6795,10833
141040,671,5811,10059
141040,669,3588,7662
137322,675,3743,7815
137322,639,3627,7581
134936,679,3687,7870
134936,670,3674,7739
135002,661,3739,7767
135002,660,3673,7721
135219,663,3667,7753
135219,686,3714,7870
134519,667,3694,7752
134519,682,4254,8278
136623,678,4223,8418
136623,650,4210,8193
137346,680,4326,8546
137346,643,4237,8342
137280,674,4233,8227
137280,668,4235,8351
139182,649,5286,9217
139182,686,5061,9343
137737,659,3792,7815
137737,669,3460,7501
134037,668,3433,7561
134037,670,3517,7567
133731,653,3551,7550
133731,686,3469,7640
132374,656,3577,7597
132374,663,3479,7560
132350,690,3469,7657
132350,665,3457,7422
133249,674,3528,7703
133249,698,4879,8829
118546,740,6705,10963
118546,699,4132,8227
112585,699,3879,7950
112585,709,3934,8045
109033,682,3850,7827
109033,705,3808,7940
108549,687,3814,7833
108549,688,3743,7951
115912,674,3740,7812
115912,642,3676,7623
126889,665,3696,7918
126889,672,3748,7642
131627,663,3885,7988
131627,677,5042,9230
137321,651,5570,9589
137321,654,5389,9469
139638,681,4740,8928
139638,663,4490,8573
139971,657,4611,8630
139971,664,4429,8519
140842,648,4363,8375
140842,679,4587,8760
141804,649,8449,12445
141804,645,8125,12215
143635,647,7395,11399
143635,651,7336,11402
144116,658,7315,11457
144116,679,6560,10824
143876,657,6371,10418
143876,649,4781,8784
141083,680,4427,8641
141083,642,5843,9787
141977,668,5111,9266
141977,642,5013,9181
141082,674,4957,8964
141082,672,5109,9217
141563,637,5024,9009
141563,656,5016,9036
140145,683,4242,8503
140145,669,4204,8304
139422,652,4276,8285
139422,673,4213,8352
138285,650,4238,8244
138285,667,4279,8360
138219,653,4217,8252
138219,660,4162,8227
139638,670,4223,8396
139638,677,4129,8317
139182,663,4229,8277
139182,648,3948,7901
136839,662,3303,7435
136839,681,3314,7422
134278,649,3288,7292
134278,686,3288,7445
133314,663,3338,7354
133314,690,3285,7513
131867,663,3343,7370
131867,675,3269,7370
131410,666,3340,7402
131410,660,3283,7322
130686,665,3346,7355
130686,687,3297,7456
130926,655,3313,7314
130926,665,3494,7737
133339,672,3885,7828
133339,680,3399,7563
134037,660,3441,7457
134037,672,3397,7494
133009,659,3431,7464
133009,665,3444,7469
132768,687,3362,7627
132768,656,3451,7404
133490,673,3450,7557
133490,677,3503,7645
133555,655,3445,7432
133555,668,3411,7500
133073,676,3520,7598
133073,683,3532,7659
134213,656,3448,7430
134213,676,3385,7509
132374,680,3471,7642
132374,666,3432,7538
132615,663,3418,7456
132615,661,3391,7376
133249,662,3436,7530
133249,677,3480,7590
133073,657,3469,7468
133073,672,3452,7557
132768,663,3441,7506
132768,667,3482,7557
132590,668,3426,7495
132590,673,3448,7531
134213,692,3519,7730
134213,666,3403,7481
133072,657,3511,7531
133072,685,3493,7636
132768,652,3465,7505
132768,666,3447,7452
133466,656,3439,7479
133466,687,3478,7644
133009,658,3467,7458
133009,672,3397,7540
133249,683,3457,7605
133249,681,3340,7458
116636,620,3539,7445
116636,773,9447,13655
118788,708,6651,10683
118788,693,3435,7524
110189,702,3525,7634
110189,697,3529,7602
105667,695,3551,7624
105667,705,3544,7685
105406,672,3539,7576
105406,683,3522,7613
116429,685,3382,7536
116429,648,3289,7219
125683,689,3360,7568
125683,666,3261,7305
129216,666,3295,7367
129216,678,3239,7382
129940,659,3298,7300
129940,675,3321,7370
130904,670,3288,7357
130904,690,3301,7497
130359,673,3352,7436
130359,668,3428,7478
136774,624,6392,10247
136774,694,7249,11592
142363,618,7794,11561
142363,667,9362,13611
145079,652,7570,11718
145079,658,6722,10798
144116,653,6727,10750
144116,674,6825,10971
143420,659,5802,9941
143420,654,4701,8746
142458,650,4673,8710
142458,660,4673,8707
141281,662,4687,8774
141281,666,4617,8709
140800,675,4645,8863
140800,649,4719,8708
141348,686,4837,9076
141348,636,4734,8630
140559,684,4756,8990
140559,658,4746,8806
141763,663,4801,8839
141763,663,4719,8859
141281,651,4777,8806
141281,662,4777,8862
141255,642,4720,8714
141255,659,4678,8803
142484,666,6035,10172
142484,676,6153,10300
143661,638,6065,10029
143661,681,5402,9648
142285,641,4745,8710
142285,654,4292,8302
140385,668,4349,8474
140385,673,4410,8546
140841,641,4285,8277
140841,668,4336,8450
142044,682,4364,8558
142044,671,4223,8358
142498,653,4251,8264
142498,665,3927,7969
142111,663,3861,7929
142111,669,3781,7945
142431,649,4257,8272
142431,673,4520,8577
143153,651,4478,8542
143153,665,4479,8580
143393,663,4355,8481
143393,673,4061,8152
141496,660,4001,8040
141496,686,3871,8056
140840,656,3957,7991
140840,656,4040,8020
141081,679,4061,8278
141081,656,3757,7755
137802,674,3555,7707
137802,664,3535,7546
135152,671,3591,7684
135152,679,3549,7687
134671,652,3525,7475
134671,665,3921,7961
138700,661,6824,10923
138700,655,4811,8844
141564,689,4943,9210
141564,649,4666,8702
141736,661,4703,8779
141736,668,4788,8885
141014,662,4266,8403
141014,675,3756,7821
137737,662,3816,7887
137737,673,3768,7852
137737,649,3789,7815
137737,662,3737,7808
137496,652,5334,9132
137496,656,16342,20410
144768,638,16668,20627
144768,661,16824,21197
146622,672,15300,19617
146622,640,6861,10799
146211,641,6856,10803
146211,676,5397,9679
127972,706,5619,9602
127972,733,6994,11223
120639,694,4318,8366
120639,707,4157,8250
116395,717,4215,8406
116395,691,4116,8185
113551,706,4126,8247
113551,674,4049,8123
117822,680,4170,8206
117822,663,3870,8007
131081,654,3911,7948
131081,675,5043,9209
139156,646,5975,9974
139156,672,5964,10119
142767,657,6188,10211
142767,653,6021,10063
145078,647,5933,10019
145078,660,5273,9302
143249,668,4518,8695
143249,656,3870,7915
140119,671,3876,7986
140119,673,3869,7947
139422,664,3886,7951
139422,664,3746,7896
137496,653,3896,7860
137496,677,3921,8030
137978,679,3818,8018
137978,643,3867,7790
137080,689,3794,8012
137080,657,3634,7612
134695,668,3281,7370
134695,680,3345,7402
132768,661,3253,7321
132768,692,3291,7482
135900,644,3919,7937
135900,663,3915,7983
137255,671,3983,8154
137255,658,3968,7956
137737,656,4009,8021
137737,673,4003,8111
138526,687,3965,8195
138526,669,3991,8081
138460,656,3924,7959
138460,667,3944,8037
138460,654,3972,8029
138460,663,3958,8046
139181,648,3930,8079
139181,681,3987,7965
139397,658,3959,7971
139397,670,3983,8125
139638,672,4020,8146
139638,659,3723,7696
137737,649,3720,7766
137737,667,4155,8288
139570,653,4087,8138
139570,663,4168,8243
139811,693,4210,8454
139811,644,4104,8110
140052,671,4175,8280
140052,661,4142,8194
140144,663,4088,8169
140144,661,4091,8121
140601,665,4153,8247
140601,665,4094,8216
139878,660,3772,7821
139878,664,3722,7770
137978,655,3625,7725
137978,698,3612,7875
137014,659,3611,7643
137014,680,3627,7746
137471,648,3674,7662
137471,660,3902,7989
139396,647,4226,8233
139396,678,4162,8360
140118,662,4219,8274
140118,669,4176,8293
142191,648,6309,10294
142191,672,15423,19526
145462,643,16465,20640
145462,657,15689,19815
147555,627,7891,11713
147555,663,7576,11754
146905,665,5768,9977
146905,669,4123,8276
143153,660,4227,8239
143153,662,4095,8167
141562,656,4088,8140
141562,665,4162,8209
140841,657,4113,8375
140841,672,4185,8116
140841,678,4137,8306
140841,650,4013,8157
138218,688,3722,7739
138218,657,3611,7686
137080,701,3798,7849
137080,686,3662,7799
136839,659,3674,7705
136839,654,3687,7744
135810,660,3733,7797
135810,677,3684,7773
135835,666,3719,7774
135835,691,3645,7833
119995,661,4025,8094
119995,746,10327,14363
119512,693,6012,10050
119512,709,3383,7578
107824,688,3349,7439
107824,680,3414,7365
105476,717,3352,7575
105476,680,3306,7346
103076,683,3417,7473
103076,658,3387,7450
108549,674,3314,7379
108549,673,3265,7337
121385,687,3291,7448
121385,663,5174,9171
134429,652,4475,8558
134429,665,4178,8294
138285,649,4138,8142
138285,668,4152,8280
138700,673,4157,8253
138700,652,4140,8140
139156,679,4200,8400
139156,652,3911,7888
137953,678,3638,7803
137953,678,3650,7751
137737,645,3641,7677
137737,681,3726,7854
137737,654,4248,8285
137737,676,4248,8357
139811,645,4206,8182
139811,687,4275,8531
141254,636,4204,8119
141254,661,4220,8333
140774,686,4297,8495
140774,647,4255,8219
141495,679,4310,8511
141495,666,4259,8370
140840,648,4390,8383
140840,668,4278,8362
141014,651,4218,8247
141014,671,4211,8349
141736,650,4296,8269
141736,666,4354,8453
140774,688,4359,8644
140774,646,4326,8272
141015,673,4276,8452
141015,676,4315,8457
141322,647,4352,8347
141322,671,4264,8356
141229,649,4340,8357
141229,659,4291,8333
141710,662,4335,8461
141710,662,4261,8360
141736,661,4389,8393
141736,664,4254,8352
141496,655,4183,8265
141496,686,4256,8466
139115,656,3822,7871
139115,685,3826,7986
138459,656,3893,7931
138459,665,3769,7889
137736,648,3831,7803
137736,695,3747,7956
137736,642,3777,7728
137736,665,3751,7854
137802,682,3853,8035
137802,637,3826,7684
138940,698,3877,8164
138940,650,3769,7832
137977,654,3862,7890
137977,683,3872,7987
137496,651,3879,7912
137496,677,3911,8051
137040,652,3798,7800
137040,660,5349,9399
136533,666,3240,7360
133491,670,3266,7289
133491,683,3246,7365
132590,686,3263,7419
132590,657,3251,7238
130383,688,3291,7467
130383,673,3872,7943
130383,662,3881,7935
136116,660,3807,7846
136116,676,3831,7907
138219,677,3841,7994
138219,641,3814,7782
138700,678,3810,7995
138459,651,3855,7875
138459,693,3856,8019
136623,637,3828,7794
136623,690,3843,8002
137562,659,3927,7980
137562,653,3775,7821
137255,667,3916,8014
137255,672,3894,7965
137562,653,3823,7884
137562,686,3822,7987
137496,652,3849,7840
137496,681,3742,7959
137978,636,3854,7773
137978,698,3846,8091
136773,635,3760,7682
136773,676,3848,7971
136799,669,3867,7969
136799,672,3800,7919
131106,655,3812,7801
131106,732,6774,10902
120178,722,6236,10456
120178,668,3351,7451
108549,704,3402,7428
108549,703,3344,7476
105667,680,3369,7396
105667,702,3371,7511
103057,671,3456,7397
103057,702,3406,7582
101364,654,3374,7409
101364,687,4350,8513
125404,644,5745,9711
125404,651,5694,9751
137014,672,5749,9906
137014,664,5570,9666
142217,645,7054,11116
142217,670,6869,11042
144527,653,6338,10444
144527,641,6119,9989
144356,679,5822,10081
144356,637,5924,9848
144838,683,5964,10271
144838,664,5874,9935
143154,647,4256,8322
143154,668,4198,8301
142217,649,4232,8266
142217,656,4183,8260
141563,664,4275,8297
141563,678,4286,8447
141496,645,4165,8168
141496,665,4151,8270
140842,654,4282,8295
140842,673,4258,8364
141015,674,4208,8426
141015,666,4172,8285
142045,667,4297,8333
142045,666,4070,8209
140385,655,3842,7903
140385,662,3823,7867
138940,656,4359,8411
138940,655,4371,8412
140841,651,4500,8552
140841,677,4296,8462
140841,662,4128,8146
140841,669,3981,8155
140626,651,4054,8049
140626,664,4063,8190
140360,651,4095,8094
140360,670,4014,8154
139181,671,3978,8122
139181,686,4456,8623
141564,662,5585,9637
141564,661,5034,9163
142217,646,4945,8955
142217,671,5064,9176
143489,640,5117,9139
143489,687,4844,8998
141281,666,3911,8009
141281,663,3810,7919
139663,649,3840,7849
139663,678,3822,7953
138044,659,3904,7918
138044,677,3821,7935
138285,652,3780,7808
138285,671,3879,7972
138526,658,3807,7836
138526,660,3785,7908
139181,678,3839,8030
139181,643,3774,7681
137321,688,3827,8054
137321,643,3714,7623
137978,663,3746,7837
137978,690,3794,8010
138043,648,3843,7812
138043,674,4286,8394
140118,650,4460,8546
140118,667,4360,8440
140600,666,4138,8262
140600,673,3599,7690
138284,685,3551,7707
138284,650,3542,7527
135177,681,3601,7758
135177,820,4603,8585
137978,667,4214,8340
137978,655,4122,8146
140533,676,5943,10119
140533,647,4992,8955
141254,660,4360,8422
141254,678,4923,9132
142939,661,5685,9744
142939,660,5577,9664
144287,639,5646,9657
144287,793,7220,11452
144768,640,7044,11003
144768,677,6565,10750
142913,659,3811,7862
142913,660,3760,7866
140292,652,3878,7903
140292,676,3892,7981
138193,671,3793,7918
138193,685,3901,8016
138193,674,3897,8032
138193,649,4178,8049
124235,765,13488,17589
124235,725,8123,12320
117581,685,3550,7617
117581,692,3575,7663
109274,704,3602,7777
109274,692,3589,7636
106857,678,3617,7606
106857,698,3506,7735
109464,666,3505,7486
109464,668,3287,7396
123994,679,3348,7471
123994,653,3325,7329
129216,662,3305,7320
129216,690,3920,8110
135634,658,3983,8055
135634,668,3975,8059
136357,657,3538,7542
136357,699,3190,7405
134189,666,3230,7283
134189,669,3192,7276
131805,655,3232,7228
131805,685,3181,7275
130904,658,3147,7178
130904,673,3247,7372
130864,663,3203,7219
130864,668,3136,7210
131207,706,3264,7487
131207,670,3210,7264
133072,666,3686,7719
133072,666,3789,7916
137080,640,3866,7779
137080,685,3848,8035
136598,683,4220,8276
136598,668,4400,8498
139490,664,4557,8593
139490,664,4478,8549
140867,657,4072,8174
140867,667,3950,8022
139423,664,4031,8112
139423,677,3955,8035
138700,661,3865,7963
138700,684,3904,8042
138700,658,3941,7980
138700,672,3932,8025
139181,659,3935,8009
139181,682,3995,8179
139181,653,3943,7944
139181,674,4003,8154
139422,647,4063,8053
139422,676,3998,8157
138941,650,4040,8059
138941,673,4096,8179
138551,678,4078,8250
138551,673,4140,8239
139489,656,4107,8140
139489,672,4038,8135
139971,659,4105,8158
139971,674,4136,8241
139637,649,3968,7971
139637,663,4090,8156
140119,663,4062,8124
140119,680,3914,8148
140119,664,4087,8112
140119,646,4061,8085
140119,678,4064,8260
140119,666,3768,7839
136774,667,3581,7632
136774,655,3517,7521
134847,678,3627,7761
134847,673,3463,7551
135810,651,3557,7517
135810,699,3547,7809
137255,651,4960,8975
137255,644,5145,9126
140052,676,4434,8573
140052,663,3917,8060
138848,653,3908,7921
138848,680,3863,7985
137952,657,3854,7878
137952,667,3917,8004
138192,658,3853,7896
138192,670,3889,7966
138218,680,3819,8025
138218,661,3788,7875
139156,643,3874,7793
139156,683,3811,8042
137496,669,3779,7901
137496,673,3883,7949
137952,647,3880,7864
137952,675,3839,7986
137737,682,3821,7990
137737,656,3550,7519
135153,666,3377,7473
135153,685,3394,7502
133707,649,3278,7282
133707,681,3341,7434
133009,660,3309,7372
133009,679,3343,7429
133466,671,3265,7426
133466,668,3345,7331
132704,682,3243,7433
132704,678,3391,7473
132286,658,3261,7311
132286,666,3364,7374
133491,658,3371,7394
133491,692,3330,7484
122145,675,3710,7777
122145,745,13240,16847
119490,721,6252,10763
119490,694,3394,7531
111188,681,3728,7665
111188,700,4016,8122
111619,708,4034,8234
111619,707,4142,8239
111860,658,4001,8062
111860,697,4054,8147
126346,651,3930,7960
126346,655,4528,8587
135113,664,4460,8580
135113,667,4527,8612
139182,651,4476,8474
139182,670,4533,8642
140988,671,4605,8843
140988,635,4506,8389
140841,676,4335,8463
140841,695,4053,8277
140359,657,4027,8090
140359,671,3959,8027
140118,640,4003,8016
140118,672,4149,8337
141254,639,5982,9881
141254,657,6028,10068
144597,675,6363,10572
144597,658,5501,9630
143420,649,5204,9195
143420,657,5128,9215
143875,686,5187,9436
143875,631,4986,8913
142939,682,5088,9314
142939,631,5096,8991
143661,686,5157,9401
143661,663,5027,9129
142698,656,4969,8995
142698,663,5011,9124
143421,653,5094,9113
143421,662,5085,9172
143420,652,5065,9091
143420,657,5005,9098
143154,668,5057,9135
143154,662,4999,9103
142363,665,5011,9130
142363,676,5016,9236
143179,655,5158,9172
143179,667,5122,9245
142939,649,5074,9092
142939,647,4783,8788
142191,658,4002,8082
142191,684,3749,7913
139156,681,3838,8006
139156,668,3815,7890
138193,648,3791,7796
138193,678,3891,8010
138433,654,3833,7847
138433,660,3779,7846
138848,661,3922,8017
138848,674,3828,7904
137711,665,3835,7897
137711,669,3865,7936
138193,686,3903,8145
138193,666,3887,7978
138434,660,3851,7874
138434,673,3857,7906
139397,655,3834,7871
139397,662,3769,7912
138459,657,3830,7838
138459,668,4801,8811
142217,650,8955,13077
142217,656,8756,12802
145009,657,11003,15105
145009,642,14483,18554
146905,672,7391,11614
146905,662,5642,9762
144356,660,4375,8498
144356,650,4356,8352
142259,662,4393,8412
142259,671,4387,8515
141977,646,4343,8363
141977,662,5784,9805
144838,687,6803,11146
144838,627,6581,10463
145079,657,6691,10830
145079,682,6742,10930
143875,647,4894,8918
143875,663,3700,7745
139879,663,3725,7804
139879,672,3699,7800
137496,682,3699,7893
137496,670,3752,7834
137737,655,3692,7699
137737,668,3650,7775
137014,665,3915,7985
137014,667,4265,8345
139355,654,4277,8357
139355,661,4228,8276
141255,651,4229,8304
141255,667,4281,8396
139879,655,4218,8228
139879,738,5487,9584
123051,722,6034,10249
123051,673,3394,7392
110914,691,3340,7422
110914,694,3319,7402
105667,703,3301,7464
105667,680,3395,7385
103299,693,3322,7458
103299,696,3394,7518
99736,667,3390,7513
99736,655,3205,7183
117041,675,3201,7295
117041,674,3232,7349
127069,657,3804,7746
127069,671,3821,7943
133491,670,3826,7938
133491,655,3859,7848
136813,685,3827,8029
136813,653,3792,7852
137711,645,3867,7844
137711,696,3898,8100
137014,660,3908,7926
137014,673,3855,7959
137952,657,3834,7855
137952,667,3831,7919
137496,667,3853,7929
137496,665,3876,7907
139156,693,3854,8104
139156,634,3868,7803
140052,673,4076,8247
140052,666,4517,8633
140533,650,4515,8491
140533,682,4569,8760
141496,651,4540,8511
141496,673,4525,8672
142191,642,4560,8554
142191,667,4590,8733
141469,675,4566,8735
141469,651,4585,8572
141976,677,4535,8741
141976,674,4456,8569
142191,643,4504,8543
142191,661,4407,8495
142698,662,4461,8490
142698,654,4429,8450
141950,663,4453,8606
141950,679,4458,8642
141804,660,4423,8459
141804,667,5559,9659
143875,653,5677,9688
143875,658,5534,9660
144116,659,5626,9671
144116,651,5608,9669
143394,666,4250,8309
143394,673,4165,8267
141254,661,4129,8216
141254,666,6281,10329
144982,652,10312,14325
144982,668,10153,14416
146141,644,10396,14443
146141,656,10303,14332
147102,652,10191,14211
147102,651,10160,14321
146622,660,10050,13978
146622,651,10397,14547
147146,669,6348,10597
147146,657,6018,10140
146281,648,5945,9940
146281,660,6079,10172
145490,687,6044,10332
145490,653,5238,9278
144356,651,5100,9112
144356,658,5100,9205
144116,659,5049,9111
144116,677,4037,8174
140600,669,3830,7922
140600,683,3852,7947
140119,652,3801,7841
140119,658,3658,7710
138044,671,3797,7893
138044,670,3800,7876
138193,655,3865,7905
138193,670,3802,7921
137737,658,3788,7807
137737,702,3818,8060
139596,627,5221,9108
139596,681,4076,8276
138218,655,3674,7671
138218,668,3701,7818
140292,653,5399,9353
140292,668,6487,10681
142844,653,5563,9665
142844,666,4715,8846
141950,675,4724,8883
141950,646,4688,8671
142190,652,4713,8701
142190,675,4405,8582
141255,654,4175,8230
141255,659,4105,8122
140532,682,4175,8451
140532,655,4222,8134
140841,687,4202,8411
140841,714,8190,11925
126262,719,11124,15419
126262,729,4439,8667
118247,680,4204,8229
118247,700,3950,7998
112826,708,3729,7878
112826,707,3693,7849
110410,666,3681,7743
110410,682,3660,7663
120639,666,3507,7621
120639,678,3467,7550
130358,669,3573,7614
130358,675,3469,7592
132985,656,3572,7584
132985,664,3541,7598
134125,666,3496,7578
134125,670,3606,7680
135088,687,3679,7857
135088,652,3517,7513
135811,689,3959,8157
135811,641,4157,8101
138915,680,4184,8384
138915,663,4120,8220
139089,650,4192,8198
139089,674,4156,8304
139878,634,4094,8193
139878,685,4146,8159
140051,651,4195,8218
140051,667,4166,8271
140360,651,4228,8229
140360,672,4183,8293
140359,680,4239,8455
140359,671,4177,8290
139877,646,4204,8200
139877,676,4141,8262
139878,658,4275,8344
139878,673,4196,8293
140119,650,4236,8255
140119,676,4268,8390
140119,655,4241,8260
140119,685,4165,8366
140119,646,4229,8174
140119,676,3918,8050
138982,677,3740,7910
138982,647,3707,7639
138741,687,3768,7977
138741,664,3666,7747
137321,664,3683,7742
137321,673,3765,7861
138018,656,3768,7786
138018,656,3707,7741
136382,667,3779,7881
136382,679,3754,7866
137014,678,3713,7879
137014,637,3683,7615
136051,692,3780,8015
136051,648,3806,7740
136382,691,3747,7938
136382,659,3729,7814
136357,661,3805,7841
136357,661,3675,7669
136598,685,3701,7904
136598,653,3971,7983
141323,669,6852,10998
141323,650,8411,12468
144838,644,8351,12365
144838,658,8374,12431
146184,647,7484,11559
146184,667,5675,9822
141976,667,3918,7989
141976,663,3894,7948
139156,664,3908,8004
139156,683,3905,8067
138915,680,3856,7996
138915,655,3919,7990
139637,649,3932,7953
139637,663,6194,10182
142912,651,6952,11003
142912,653,7044,11186
144837,654,7055,11026
144837,656,7135,11298
145730,653,7212,11302
145730,680,6214,10456
146183,654,6285,10296
146183,660,6015,10167
145730,658,5871,10002
145730,637,4778,8716
143394,676,4384,8469
143394,672,4459,8580
141976,655,4323,8393
141976,659,4342,8439
141563,652,4418,8423
141563,666,4395,8518
139637,678,3952,8152
139637,659,3395,7448
136091,663,3460,7505
136091,669,3410,7544
133467,660,3427,7428
133467,673,3376,7509
133772,658,3396,7377
133772,674,3349,7492
133250,690,3446,7627
133250,662,3311,7367
117361,655,3310,7287
117361,751,6985,10874
117822,723,6158,10429
117822,726,4252,8481
115243,675,4246,8149
115243,724,4013,8243
111135,689,3812,7890
111135,724,3900,8000
109033,649,3745,7751
109033,677,3786,7825
122328,676,3641,7761
122328,655,6450,10430
137255,664,7043,11277
137255,661,6277,10344
140841,643,5141,9082
140841,687,4758,9052
143179,647,5803,9705
143179,668,6028,10156
144865,643,6061,10069
144865,680,5490,9696
143875,657,5117,9204
143875,675,5140,9292
144116,635,5068,9067
144116,675,5209,9309
143420,646,5007,9035
143420,665,5116,9202
143661,648,5076,9137
143661,660,5160,9469
143420,691,5071,9113
143420,666,5142,9253
144115,643,5255,9295
144115,658,5206,9218
144115,653,5068,9137
144115,664,4878,8919
143153,666,4339,8506
143153,672,4380,8527
143007,651,4294,8311
143007,670,4331,8484
141322,653,4355,8353
141322,675,4374,8515
141322,644,4339,8317
141322,668,4314,8408
141322,659,4310,8376
141322,672,4314,8427
142044,669,4327,8508
142044,670,4311,8422
142045,665,4360,8393
142045,672,4262,8388
139904,647,3682,7664
139904,677,3346,7456
135635,666,3355,7414
135635,672,3263,7356
134430,677,3324,7454
134430,644,3954,7910
137470,683,4023,8258
137470,657,4001,7991
138192,658,4020,8055
138192,669,4011,8087
138915,658,4104,8167
138915,668,4026,8102
139089,682,4162,8388
139089,664,4096,8150
139397,656,4087,8162
139397,667,4073,8170
139422,653,4122,8128
139422,667,4105,8178
139422,694,4205,8326
139422,666,4131,8182
138915,661,4097,8158
138915,684,4033,8199
139156,670,4031,8168
139156,671,4077,8137
140118,658,3975,8035
140118,668,4108,8163
139877,659,3957,8027
139877,660,3985,8094
139878,652,3980,7950
139878,674,3475,7607
137230,674,3647,7780
137230,657,4185,8221
139156,675,4156,8322
139156,647,5713,9698
143875,642,6496,10446
143875,670,6193,10414
143179,658,5434,9536
143179,659,4551,8619
143875,648,4586,8557
143875,683,4141,8368
141736,655,4577,8583
141736,669,4498,8627
141255,660,4209,8314
141255,670,4215,8332
141081,665,4613,8746
141081,639,5052,8947
143153,676,5089,9330
143153,667,5091,9198
143393,649,5067,9108
143393,677,5083,9221
143875,636,5085,9098
143875,668,5121,9208
142699,646,4451,8594
126188,659,3480,7588
126188,748,10467,14251
122328,720,8284,12608
122328,690,4477,8464
117339,700,4043,8200
117339,718,4142,8261
113310,671,3991,8013
113310,710,4102,8217
106444,685,4073,8198
106444,1172,8094,12355
106444,725,18392,22405
94849,721,18565,22598
93684,727,8236,12532
93684,686,6716,10648
90840,689,6585,10811
90840,706,6669,10501
89628,692,6490,10561
89628,708,6699,11051
88917,725,6628,10674
88917,708,6708,10788
89159,671,6657,10776
89159,728,6699,10695
89401,709,6633,10760
89401,685,6491,10468
89401,693,6678,10678
89401,717,6585,10790
86024,918,6260,10484
86024,1291,7568,11490
74333,1585,7533,11868
74333,1324,6162,10541
69520,1397,5927,10023
69520,1398,6574,10873
67819,1158,8771,12831
67819,1114,12335,16638
67564,1060,15362,19335
67564,1092,15508,19892
67045,891,18052,22247
70111,544,15465,19544
70111,611,7144,8582
70111,502,2542,6817
69672,521,1691,5820
69672,516,1617,5679
68988,519,2073,6100
68988,520,1748,5831
68745,528,1624,5769
68745,520,1811,5888
68745,511,1972,5994
68745,517,1855,5918
68745,507,1810,5839
68745,518,1918,5988
68745,509,1958,5978
68745,516,1919,5972
68502,531,1901,6058
68502,518,1882,5958
68502,510,1799,5832
68502,515,1620,5678
68502,506,1841,5860
68502,520,1822,5893
68502,512,1806,5837
68502,515,1801,5855
68502,531,1909,6072
68502,519,1990,6065
68502,508,1997,6009
68502,518,1945,6025
68502,508,1981,6000
68502,518,1979,6054
68502,510,1937,5967
68502,514,1880,5923
68502,532,1754,5929
68502,523,1826,5893
68502,510,1950,5971
68502,518,1906,5973
68259,506,1659,5686
68259,518,1715,5783
68259,509,1951,5966
68259,522,1949,6040
68259,529,1895,6040
68259,519,1969,6043
68259,508,1708,5720
68259,519,1887,5970
68259,507,1581,5598
68259,517,1594,5667
68259,509,1962,5977
68259,518,1841,5907
68259,533,2008,6188
68259,515,1678,5731
68259,515,1767,5790
68259,520,1758,5834
68259,507,1640,5666
68259,520,1789,5862
68259,507,1630,5647
68259,518,1585,5655
66846,526,1855,5988
66846,530,1623,5720
55738,510,1765,5789
55738,517,1639,5710
51146,505,1723,5744
51146,518,1792,5866
49441,512,1719,5757
49441,513,1847,5896
48961,533,1790,5967
48961,515,1940,5993
48717,509,1808,5826
48717,522,1753,5839
48717,510,1897,5920
48717,515,1858,5910
48717,510,1698,5708
48717,520,1797,5879
48467,527,1837,5982
48467,521,1991,6084
48467,509,1900,5918
48467,519,1868,5937
48467,506,1961,5978
48467,518,1962,6032
48467,512,1946,5968
48467,518,1764,5838
48223,539,1896,6072
48223,514,1826,5871
48467,512,1835,5867
48467,517,1915,5986
48223,508,1779,5819
48223,518,1842,5906
48223,513,1990,6014
48223,516,1730,5791
48223,535,1763,5940
48223,517,1966,6028
48223,509,1738,5763
48223,516,1864,5926
48223,506,1852,5872
48223,517,1970,6039
48223,511,1855,5888
48223,516,1777,5836
48230,532,1973,6131
48230,516,1909,5974
48230,513,2048,6083
48230,517,1855,5922
48230,506,1933,5951
48230,518,1861,5924
48223,508,1771,5788
48223,520,1914,5998
48223,529,1791,5951
48223,518,1946,6017
48223,508,1863,5872
48223,524,1854,5928
48254,509,1906,5935
48254,518,1866,5941
40728,489,2650,12168
40728,525,1960,13757
28584,521,1858,13677
28584,526,1829,13664
24441,500,1893,13407
24441,525,1851,13688
22735,520,2002,13806
22735,505,1818,13397
22246,519,1884,13621
22246,509,1848,13481
22002,523,1720,13564
22002,518,1866,13607
21757,528,1889,13761
21757,506,1812,13414
21766,521,1848,13673
21766,501,1857,13392
21766,526,1850,13656
21766,504,1970,13537
21522,519,1766,13571
21522,530,1716,13582
21522,500,1852,13371
21522,532,1939,13824
21522,520,1957,13763
21522,504,1839,13410
21513,515,1827,13553
21513,510,1902,13540
21522,518,1810,13573
21522,537,1826,13784
21513,493,1929,13379
21513,530,1839,13711
21522,522,1801,13620
21522,504,1866,13421
21522,525,1691,13518
21522,500,1787,13628
21513,523,1850,13405
21513,525,1660,13477
21522,500,2043,13597
21522,528,1940,13784
21513,522,1720,13553
21513,503,1810,13365
21513,522,1763,13572
21513,501,1818,13361
21513,520,1953,13759
21513,531,1832,13723
21522,499,2001,13537
21522,525,1880,13710
21513,524,2007,13854
21513,502,1817,13372
21513,525,1849,13690
21513,503,1892,13423
21513,523,1818,13672
21513,524,1888,13679
21513,496,1838,13361
21513,540,2021,13933
21513,508,1794,13443
21513,515,1850,13561
21513,516,1757,13440
21513,535,1746,13710
21513,521,2017,13716
21513,513,1651,13363
21513,513,1902,13594
21513,509,1702,13340
21513,514,1887,13600
21513,513,1568,13286
21513,514,1886,13565
21513,533,1907,13866
21513,512,1963,13637
21513,513,1763,13467
21513,517,1903,13611
21513,508,1817,13467
21513,515,1959,13678
21513,512,1904,13605
17852,516,1900,13628
17852,513,1788,13456
17852,534,1698,13649
17852,513,1872,13577
17852,527,1963,13672
17852,516,1775,13483
17852,512,1753,13441
17852,522,1771,13594
17852,502,1716,13237
17852,535,1798,13768
17852,511,1817,13489
17852,513,1862,13578
17852,514,1614,13307
17852,513,1657,13352
17852,512,1701,13379
17852,511,1855,13540
17852,517,1855,13572
17852,513,1845,13524
17852,535,1801,13778
17852,514,1790,13497
17613,498,1932,13705
17613,532,1966,13543
17613,512,1966,13664
17613,528,2001,13889
17613,504,2026,13520
17613,513,1964,13644
17613,534,1789,13753
17613,515,1879,13590
17613,516,1646,13352
17613,511,1663,13348
17613,517,1676,13404
17613,507,1818,13468
17613,517,1849,13549
17613,512,1828,13526
17613,537,1913,13879
17613,514,1866,13572
17613,513,1924,13607
17613,509,1969,13636
17613,511,2021,13699
17613,514,1979,13697
17613,518,1966,13720
17613,530,1988,13871
17613,513,1755,13452
17613,515,1914,13633
17613,514,2038,13724
17613,513,2006,13712
17613,510,1969,13634
17613,514,1879,13591
17613,514,2002,13668
17613,534,1880,13846
17613,491,1981,13413
17613,534,1908,13861
17613,518,1862,13572
17613,510,1964,13641
17613,514,1771,13464
17613,510,1905,13575
17613,518,1874,13599
17613,514,2025,13717
17613,536,1869,13845
17613,507,1761,13394
17363,520,1904,13684
17363,508,1776,13387
17363,509,1744,13404
17363,516,1706,13420
17363,534,1945,13870
17363,493,1832,13598
17363,517,1863,13589
17363,534,1957,13629
17363,514,1956,13660
17363,511,1635,13315
17363,512,1741,13412
17363,510,1988,13654
17363,518,1913,13631
17363,510,1884,13554
17363,538,1886,13899
17363,508,1949,13595
17363,517,1991,13704
17363,511,1970,13653
17363,514,1797,13499
17363,510,1872,13556
17363,527,1970,13794
17363,525,1868,13697
17363,506,1914,13533
17363,520,1913,13698
17363,515,1961,13663
17363,513,1976,13624
17363,516,1911,13645
17363,511,1887,13555
17363,511,1935,13609
17363,513,1896,13593
17363,538,1767,13768
17363,510,1833,13501
17363,517,1989,13698
17363,510,1870,13533
17363,516,1923,13654
17363,510,1843,13499
17363,513,1847,13552
17363,536,1745,13697
17363,515,1726,13455
17363,515,1771,13485
17368,494,1823,13339
17368,527,1661,13511
17368,511,1750,13413
17368,508,1853,13505
17368,521,1708,13468
17368,516,1781,13478
17368,515,1720,13440
17368,537,1724,13667
17368,510,1797,13453
17368,516,1950,13691
17368,511,1759,13430
17368,514,1873,13579
17368,510,1771,13445
17368,512,1926,13621
17368,513,1964,13671
17368,531,1757,13649
17368,516,1746,13501
17368,512,1952,13644
17368,519,1836,13548
17368,505,1927,13531
17374,527,1928,13801
17374,504,1831,13402
17374,536,1749,13734
17374,507,1624,13228
17374,520,1982,13754
17374,512,1990,13656
17374,515,1740,13475
17374,504,1895,13480
17374,518,1651,13410
17374,516,1732,13475
17374,510,1917,13882
17374,536,1845,13526
17374,517,1744,13464
17374,512,1780,13469
17374,514,1762,13475
17374,512,1880,13566
17374,510,1732,13387
17374,513,1718,13430
17374,516,1854,13556
17374,536,1556,13539
17363,508,1852,13521
17363,512,1989,13650
17363,512,1862,13553
17363,519,1728,13461
17363,506,1878,13505
17363,516,1756,13480
17363,512,1771,13473
17363,538,1911,13907
17363,513,1882,13569
17363,509,1786,13447
17363,514,1879,13600
17363,511,1714,13384
17363,513,1855,13549
17363,510,1895,13569
17363,512,1901,13589
17363,539,1977,13963
17363,511,1999,13687
17363,510,1779,13454
17363,514,1882,13602
17363,512,1813,13491
17363,520,1795,13604
17363,502,1866,13418
17363,513,1892,13615
17363,517,1909,13621
17363,540,1875,13885
17363,507,2042,13643
17363,514,1824,13550
17363,513,1915,13608
17363,514,1821,13522
17363,508,1915,13565
17363,514,1864,13588
17363,536,1821,13793
17363,513,1934,13612
17363,512,1839,13537
17363,505,1914,13517
17363,524,1754,13556
17363,511,1730,13407
17363,509,1835,13497
17363,517,2015,13738
17363,529,1937,13825
17368,502,1755,13336
17368,530,1945,13839
17368,504,1838,13438
17368,523,1978,13753
17368,529,2044,13911
17368,498,1996,13489
17368,515,1981,13711
17368,514,2006,13712
17368,538,1906,13908
17368,506,1937,13540
17368,515,1841,13563
17368,506,1815,13435
17368,513,1875,13573
17368,518,1858,13615
17368,509,1693,13366
17368,538,1564,13533
17368,517,1708,13461
17368,508,1827,13477
17368,513,1746,13439
17368,522,1834,13680
17368,505,1921,13426
17368,511,1691,13375
17368,513,1803,13500
17368,537,1727,13694
17368,514,1812,13522
17368,512,1715,13395
17368,515,1798,13483
17368,514,1999,13702
17368,510,1940,13620
17368,512,1871,13568
17368,513,1716,13413
17368,536,1834,13790
17368,516,1830,13553
17368,515,1752,13470
17368,511,1676,13354
17368,517,1787,13518
17368,509,1803,13442
17368,511,1758,13438
17368,537,1861,13814
