nvml:nvidia_geforce_gtx_970_0,rapl:ram,rapl:cores,rapl:pkg
17847,848,6840,20517
17847,530,2035,13808
17847,514,1823,13509
17847,515,1812,13516
17847,517,1866,13608
17363,520,1842,13648
17363,525,1830,13628
17363,514,1790,13506
17363,505,1834,13427
17363,521,1879,13649
17363,517,1846,13575
17363,512,1884,13567
17363,536,1955,13636
17363,538,1909,13872
17363,514,1817,13510
17363,514,1834,13543
17363,515,1907,13619
17363,511,1864,13525
17363,513,1911,13609
17363,516,1852,13575
17363,517,1921,13649
17363,536,1732,13693
17363,513,1839,13526
17363,512,1818,13508
17363,537,1988,13677
17847,520,1821,13607
17847,524,1679,13465
17847,513,1814,13508
17847,500,1810,13322
17847,536,1832,13788
17847,506,1849,13449
17847,525,1832,13657
17847,504,1886,13466
17847,523,1850,13648
17847,506,1828,13445
17847,514,1869,13569
17847,560,1971,13937
17847,520,1785,13549
17847,510,2014,13600
17847,528,1942,13736
17847,515,1862,13560
17847,514,1865,13566
17847,527,1880,13741
17847,497,1923,13414
17847,514,1854,13545
17363,523,1918,13726
17363,527,1873,13695
17363,518,1903,13648
17363,538,1994,13708
17363,512,1849,13529
17363,528,1752,13635
17363,503,1793,13330
17363,515,1721,13436
17363,529,1896,13793
17363,508,1889,13516
17363,522,1968,13757
17363,513,1837,13531
17363,608,5192,16748
17363,519,1981,13716
17363,518,1888,13647
17363,538,2125,14091
17363,540,1897,13633
17363,505,1943,13514
17363,520,1877,13655
17363,516,1858,13578
17363,522,1872,13688
17363,496,1878,13348
17363,523,1860,13659
17363,514,1898,13594
17363,514,1898,13603
17363,527,1875,13730
17363,523,1897,13688
17363,537,1992,13690
17363,513,1856,13540
17363,506,1867,13479
17363,520,1873,13638
17363,513,1901,13596
17363,534,2041,13957
17363,524,2064,13833
17363,518,1853,13565
17363,514,1866,13583
17363,510,1851,13515
17363,520,1881,13657
17363,510,1925,13564
17363,534,1967,13637
18091,520,1813,13575
18091,521,1997,13757
18091,527,1854,13690
18091,513,1851,13540
18091,512,1796,13470
18091,529,1792,13670
18091,497,1843,13317
18091,536,1746,13718
18091,517,1846,13591
18091,505,1834,13436
18091,521,1783,13567
18091,534,2001,13661
18091,518,1875,13609
18091,532,1929,13818
18091,497,1809,13298
18091,513,1946,13628
18091,517,1846,13567
18091,533,1930,13846
18091,519,1853,13618
18091,512,1824,13505
17363,525,1913,13746
17363,495,1890,13344
17363,521,1820,13586
17363,537,1928,13623
17363,538,1867,13845
17363,505,1867,13465
17363,524,1824,13627
17363,513,1845,13547
17363,513,1906,13586
17363,505,1832,13431
17363,522,1838,13637
17363,513,1784,13466
17363,514,1714,13424
17363,538,1728,13685
17363,516,1617,13325
17363,535,1853,13517
17363,516,1718,13435
17363,509,1735,13381
17363,516,1686,13397
17363,517,1669,13389
17363,522,1573,13392
17363,520,1774,13523
17363,525,1649,13479
17363,515,1833,13536
17363,509,1808,13447
17363,515,1822,13520
17363,513,1769,13458
17363,538,1867,13570
17363,514,1829,13532
17363,536,1844,13799
17363,515,1794,13503
17363,515,1925,13620
17363,513,1862,13537
17363,515,1864,13569
17363,513,1926,13599
17363,513,1827,13491
17363,539,1856,13861
17363,515,1853,13562
17363,513,1988,13668
17363,536,1981,13652
17608,523,1875,13678
17608,508,1882,13479
17608,515,1787,13495
17608,515,1853,13528
17608,513,1794,13497
17608,539,1773,13754
17608,507,1786,13392
17608,523,1904,13690
17608,514,1727,13425
17608,512,1790,13459
17608,515,1814,13523
17608,540,1950,13641
17608,539,2041,14025
17608,514,1910,13567
17608,519,1821,13578
17608,540,5902,16981
17608,626,20581,32812
17608,611,21331,33282
17608,708,14919,26556
17363,780,6662,18421
17363,608,3381,15334
17363,563,9550,20983
17363,617,3897,15936
17363,598,2471,14086
17363,619,2505,14237
17363,647,2758,14468
17363,668,6994,18908
17363,582,6091,17782
17363,641,3684,15407
17363,623,7162,18755
17363,566,4931,16682
17363,580,3074,14777
17363,560,3883,15735
17363,555,12621,23935
17363,606,17416,29074
17363,653,12376,24644
17363,622,6561,18270
17363,622,5029,16923
17363,584,2516,14046
17619,613,2436,14299
17619,608,2773,14588
17619,604,2307,13981
17619,577,2240,14010
17619,567,2850,14544
17619,609,5000,16861
17619,597,29310,40271
17619,585,48136,59997
17619,641,8068,20232
17619,629,7211,18985
17619,596,14672,26346
17619,589,16107,27824
17619,729,14972,26618
17619,611,7551,19278
17619,575,14531,26120
17619,614,13577,25374
17619,618,3696,15657
17619,583,5029,16828
17619,628,3279,15173
17619,573,3068,14701
18353,600,8024,19636
18353,611,15038,26778
18353,589,17076,28665
18353,723,7643,19802
18353,774,2914,14590
18353,833,3489,15372
18353,755,10709,21893
18353,717,7278,19106
25908,657,13149,19749
25908,792,11539,15628
40016,873,15028,19073
40016,933,16025,20221
45337,714,9717,13805
45337,791,6850,10961
47287,761,6602,10976
47287,724,6733,10864
48018,712,8216,12067
48018,742,8342,12687
48255,822,10835,14853
48255,937,14977,19191
48499,856,12541,16528
48499,740,9688,14076
48499,716,10440,14446
48499,706,10283,14310
48499,1038,13727,18211
48499,869,8679,12529
48499,806,11851,16300
48499,885,13471,17667
48499,803,12445,16525
48499,868,13899,17837
48474,967,16127,20208
48474,876,11817,16055
48474,909,14600,18701
48474,912,9857,14408
48474,792,9632,13406
48474,821,11667,16217
48474,738,10968,14981
48474,1039,15507,19675
48474,809,12867,17024
48474,783,11816,15779
48474,915,13883,18187
48474,784,12142,16188
48474,759,12056,16396
48474,982,15910,20113
48474,736,6304,10461
48474,987,13156,17234
48474,800,12167,16281
48474,835,15003,19101
48474,1128,17451,21929
48474,789,7937,11733
48474,882,13713,17726
48474,802,12740,17114
48474,648,11678,15985
48474,648,2647,6748
48474,675,4895,8888
48474,656,6533,10609
48499,649,6168,10192
48499,638,5972,10099
48499,661,5718,9987
48499,647,4029,8194
48499,692,3923,7800
48499,777,5517,9814
53094,612,4168,8173
53094,592,6523,10574
66559,574,18839,22914
66559,576,19580,23675
77095,543,19870,23730
77095,577,20534,24749
100263,558,20716,24606
100263,555,20533,24719
107127,572,21098,25028
107127,576,20287,24391
108836,556,20314,24238
108836,575,20620,24785
113084,611,20695,25251
113084,569,19344,23416
110968,568,19908,23921
110968,559,20090,24158
111692,553,21159,25034
111692,575,21015,25197
114049,556,21017,24903
114049,580,21319,25541
111397,567,20647,24591
111397,557,20296,24379
112415,565,21163,25094
112415,570,21007,25156
113994,610,21291,25874
113994,551,20543,24683
110452,590,20601,24513
110452,561,20652,24763
112602,549,20907,24820
112602,576,20751,24939
115013,543,20964,24822
115013,581,20862,25069
110747,608,20727,24541
110747,577,20459,24664
114049,563,21173,25156
114049,551,21171,25283
112120,617,21540,26139
112120,580,21015,25097
111712,541,21255,25098
111712,584,21157,25390
114531,546,21223,25088
114531,566,21125,25374
113085,581,21733,25458
113085,573,20725,24954
112415,554,21288,25248
112415,574,21166,25355
114992,561,21423,25352
114992,557,21323,25404
112361,590,21811,25827
112361,602,21203,25902
111899,545,21397,25376
111899,576,21168,25346
115013,550,21069,24982
115013,557,20926,25013
113084,563,21138,25075
113084,579,21074,25197
111899,544,21054,24964
111899,575,21024,25199
114772,556,21234,25101
114772,557,20990,25212
113084,591,21435,25384
113084,570,21465,25542
112361,582,21493,26077
112361,573,21291,25431
114937,556,21440,25394
114937,549,21358,25397
113567,562,21432,25381
113567,574,21369,25447
111879,548,21472,25447
111879,570,21245,25394
114717,561,21426,25351
114717,557,21278,25404
112602,592,21665,25638
112602,556,21288,25367
112602,587,21438,26077
112602,538,21221,24669
115495,591,21378,25976
115495,559,21339,25380
113085,568,21436,25448
113085,568,21373,25424
112381,542,21435,25421
112381,576,21112,25240
115013,554,21413,25356
115013,556,21226,25337
113084,586,21582,25506
113084,568,20864,24974
112898,555,20932,24907
112898,567,20800,24947
115495,585,20961,25518
115495,553,20867,24989
113271,555,21113,24944
113271,585,21016,25235
112140,534,20972,24734
112140,583,20795,25112
115254,552,21289,25127
115254,554,21405,25592
113084,590,21630,25591
113084,571,21304,25413
112415,551,21497,25434
112415,566,21286,25368
115254,590,21272,25932
115254,519,21197,24685
114269,592,20987,25531
114269,576,20979,25098
112361,542,20970,24783
112361,579,20725,24977
115495,548,20942,24807
115495,552,21087,25230
112843,590,21469,25438
112843,573,20973,25067
112381,549,20977,24962
112381,568,20779,24897
115495,559,21012,24993
115495,550,20866,24969
113567,591,21026,25574
113567,571,20882,24915
112656,546,20905,24845
112656,576,20767,24958
115254,550,20861,24834
115254,551,20805,24851
113326,590,21272,25262
113326,571,21153,25223
112602,551,21437,25449
112602,566,21119,25201
115736,559,21231,25220
115736,562,21020,25132
113084,592,21260,25810
113084,573,21218,25314
112843,547,21382,25378
112843,569,20936,25058
115419,551,21155,25051
115419,563,21150,25234
112843,589,21528,25527
112843,561,21247,25298
113084,551,21279,25273
113084,569,21165,25184
115660,561,21266,25311
115660,558,21154,25294
113271,595,21463,26044
113271,544,21351,25437
112361,568,21310,25143
112361,581,21164,25490
115440,544,21267,25074
115440,556,21279,25435
113271,582,21474,25353
113271,574,21229,25367
112602,547,21407,25342
112602,570,21238,25416
115178,558,21369,25291
115178,557,21417,25563
112361,665,22897,26934
112361,553,20714,24778
112843,590,21409,25960
112843,543,21207,24750
116142,574,21421,25854
116142,582,21292,25572
112120,574,21565,25430
112120,563,21329,25482
114510,552,21473,25374
114510,569,21332,25483
116623,550,21462,25330
116623,581,21454,25633
112843,567,21527,25525
112843,553,21317,25393
114269,561,21390,25990
114269,566,21398,24844
114696,610,24134,28631
114696,569,19098,23377
95978,551,22185,25983
95978,566,21866,26077
91158,548,22105,25978
91158,647,25028,28886
87831,671,33253,37255
87831,775,32388,36633
86848,667,33814,37725
86848,611,21718,26083
85896,553,22232,26209
85896,568,21940,26138
87589,584,22346,26864
87589,525,22088,25593
86379,585,22350,26868
86379,568,22006,26204
87589,545,22024,25924
87589,554,22102,26216
86379,534,22214,26085
86379,589,21535,25708
97622,546,23195,27058
97622,584,21641,25875
104975,566,21742,25672
104975,558,21461,25595
111471,700,26763,31194
111471,735,29836,33995
110988,920,30787,34744
110988,1041,26144,30368
113567,561,31162,35095
113567,944,29140,33332
109728,991,27431,31333
109728,1200,25491,29688
109299,1302,18834,23399
109299,1226,16656,20928
106252,1048,18688,22107
106252,1012,27849,32152
112436,981,25310,30031
112436,554,30976,34314
110505,1003,28843,33434
110505,1023,26993,31364
111397,1022,28076,31900
111397,755,29961,34237
112381,766,31102,34916
112381,901,30190,34477
111879,738,30921,34725
111879,910,30422,34689
113807,894,29048,33111
113807,791,31133,35304
110747,738,31547,36144
110747,713,31606,35022
114531,772,31088,35834
114531,754,27108,30643
111229,593,20362,24895
111229,569,21268,25446
115013,552,21584,25493
115013,564,21464,25514
114937,562,21726,25645
114937,583,21665,25846
112361,561,21615,25545
112361,565,21384,25475
115233,564,21402,25357
115233,564,21221,25342
115419,572,21195,25216
115419,577,21281,25382
113084,730,22413,26957
113084,547,20334,23880
116142,581,21201,25717
116142,554,21227,25340
114455,564,21471,25422
114455,583,21404,25545
112843,543,21421,25257
112843,580,21230,25498
116383,650,21905,25864
116383,561,21362,25415
113973,571,21566,25562
113973,572,21485,25621
113030,582,21574,26122
113030,540,21270,24809
115901,588,21452,26045
115901,549,21322,25345
114937,555,21532,25367
114937,589,21539,25764
113084,538,21441,25210
113084,576,21343,25641
115660,699,27113,30738
115660,724,29408,33716
111712,721,27945,32538
111712,896,29958,34100
115474,715,31208,35088
115474,801,24043,27896
112174,577,20357,24885
112174,576,21003,25176
115736,548,21190,25027
115736,554,21041,25192
113994,563,21154,25102
113994,575,21129,25211
112843,545,21294,25121
112843,576,21072,25313
115736,557,21290,25155
115736,552,21063,25175
114992,598,21088,25750
114992,577,21118,25200
113325,545,21132,24954
113325,569,20940,25073
115736,575,21180,25130
115736,553,20893,24995
114992,572,21129,25118
114992,575,21030,25098
113325,545,20969,24872
113325,576,20810,24976
115977,561,20988,25583
115977,550,20907,24984
114772,594,21115,25055
114772,582,20942,25108
113160,543,21092,24922
113160,573,20793,24931
116219,557,21037,24972
116219,553,20935,25039
114717,573,21181,25143
114717,576,21192,25307
113325,578,21122,25535
113325,542,21025,24614
115978,583,21072,25647
115978,555,21147,25266
114772,563,21110,24979
114772,582,21088,25203
113566,542,21007,24948
113566,569,20951,25034
116438,558,21028,24953
116438,553,20775,24854
114028,592,21246,25708
114028,544,21349,24950
113566,580,21446,26015
113566,573,21329,25450
116624,552,21400,25324
116624,555,21301,25386
114696,565,21490,25466
114696,572,21459,25510
113808,549,21424,25369
113808,571,21232,25347
116383,557,21380,25370
116383,552,21332,25389
114717,595,21618,26194
114717,550,21463,24976
113325,573,21502,25978
113325,572,21213,25322
116142,555,21471,25443
116142,552,21233,25313
115178,571,21550,25504
115178,575,21281,25370
113566,549,21405,25300
113566,570,21181,25344
116623,559,21501,25460
116623,549,21280,25369
114937,591,21417,25966
114937,579,21472,25624
113808,540,21090,24912
113808,567,20834,24968
116142,556,21019,25025
116142,558,20933,25051
115660,567,21219,25139
115660,573,21137,25222
113326,559,21152,25129
113326,559,20911,24998
115440,591,21101,25735
115440,563,20958,24975
116864,539,21040,24864
116864,588,20946,25261
113325,556,21022,24892
113325,553,20886,24949
115736,561,21037,24997
115736,566,21335,25472
117105,549,21443,25294
117105,580,21405,25611
113753,592,21438,26003
113753,527,20856,24342
114531,583,21068,25586
114531,568,20781,24931
117105,542,20888,24751
117105,575,20989,25110
113753,561,21012,24976
113753,549,20945,24928
114531,557,20978,24936
114531,568,20913,25083
117403,557,20949,24886
117403,572,20973,25092
113567,613,23714,28316
113567,560,21478,25561
99780,544,21605,25569
99780,538,21514,25477
91642,534,21751,25709
91642,559,21561,25751
90192,549,21626,25575
90192,544,21578,25586
87831,544,21647,25675
87831,559,21534,25644
88799,577,21706,26236
88799,541,21642,25723
87589,543,21693,25667
87589,560,21414,25569
88315,534,21634,25568
88315,538,21667,25709
88740,547,21610,25505
88740,554,21376,25550
87831,545,21708,25625
87831,576,24107,28119
100214,561,20985,25019
100214,566,20848,24993
111417,579,21054,25577
111417,549,20898,24973
112120,564,21169,25140
112120,576,21282,25372
112843,539,21590,25460
112843,571,21382,25598
116701,557,21519,25381
116701,557,21309,25402
114049,569,21172,25214
114049,563,20936,25019
113808,574,20996,25422
113808,579,20892,25184
116864,543,20993,24828
116864,553,20786,24909
114772,564,21123,25111
114772,574,20891,25015
113808,543,21009,24897
113808,570,20890,25055
116864,560,20960,24849
116864,553,20874,24934
114476,570,21114,25187
114476,568,21085,25162
114290,573,21112,25650
114290,560,20947,24948
116623,553,21028,25031
116623,548,20901,24950
114937,572,21151,25168
114937,574,21022,25105
114049,544,21064,24943
114049,570,20870,24965
116624,561,21075,25121
116624,549,20886,24996
114455,589,21188,25707
114455,569,20982,25029
113566,549,21030,25071
113566,567,20876,24956
116383,548,20994,24845
116383,552,20880,24993
115419,573,21062,25058
115419,571,21040,25072
113807,551,21004,24972
113807,566,20777,24906
116679,590,20879,25499
116679,551,21010,24918
115901,562,21323,25357
115901,572,21429,25503
113807,551,21426,25357
113807,567,21202,25364
116383,554,21420,25348
116383,548,21263,25248
115178,574,21574,25645
115178,573,21352,25436
113807,573,21389,25872
113807,541,21250,24836
116624,582,21515,26042
116624,552,21341,25491
114049,662,22025,25872
114049,559,20492,24561
114531,556,21059,25024
114531,566,20873,25053
117105,556,20998,24833
117105,572,20858,25059
114772,568,21093,25049
114772,587,20949,25641
115254,546,21016,24961
115254,571,21019,25183
117105,545,21213,25100
117105,566,21042,25091
114772,566,21098,25105
114772,550,21157,25113
114772,562,21089,25173
114772,566,20903,24968
117346,586,21019,25559
117346,541,20996,24559
114531,589,21159,25676
114531,556,21013,25056
114772,549,21079,25041
114772,577,21264,25430
117346,546,21465,25398
117346,570,21287,25371
114992,564,21162,25074
114992,558,21075,25178
114751,556,20994,24958
114751,566,20927,25042
117346,557,21549,25497
117346,566,21404,25534
114476,588,21538,26101
114476,562,21407,25459
114772,535,21065,24928
114772,581,20868,25128
117105,545,21109,24929
117105,564,20957,25145
114476,565,21101,25063
114476,557,20906,24910
114531,556,21045,25064
114531,565,20926,25044
117347,585,21101,25673
117347,555,20999,25007
114937,567,21257,25296
114937,579,21046,25212
114235,533,21049,24928
114235,566,20898,24990
117105,555,21063,25007
117105,551,20939,25060
116142,567,21094,25027
116142,571,20992,25081
114531,584,21038,25610
114531,536,20860,24372
116865,582,21065,25556
116865,547,20866,24891
115660,566,21139,25161
115660,572,20999,25075
114751,542,21066,24954
114751,570,20821,24936
116864,559,21084,25033
116864,552,20856,25000
115901,570,21043,25024
115901,571,20920,24990
114531,576,20982,25542
114531,569,20842,25012
117105,550,21050,24931
117105,547,20851,24864
115660,566,21052,25060
115660,576,20951,25096
114049,544,21391,25275
114049,566,21313,25385
117105,560,21481,25446
117105,549,21244,25396
115660,572,21447,25428
115660,597,21368,26043
113807,548,21042,24967
113807,569,20835,24983
116864,546,20940,24845
116864,556,20862,24942
115956,566,21146,25060
115956,573,20899,25102
114290,544,20987,24810
114290,574,20855,24985
116679,586,21044,25678
116679,558,20887,24964
115901,560,21027,24981
115901,576,21003,25121
114049,545,21018,24820
114049,567,20948,25153
116921,554,21014,24972
116921,557,20847,24939
116623,567,21129,25041
116623,574,21050,25214
113808,590,21284,25809
113808,526,20851,24940
116460,588,21057,25083
116460,559,20989,25060
116383,557,21243,25175
116383,567,21116,25135
114049,557,21538,25508
114049,562,21315,25362
116382,563,21475,25527
116382,551,21274,25253
115901,576,21474,25587
115901,570,21339,25408
114290,574,21427,25858
114290,571,21306,25493
114958,585,24202,28164
114958,552,21690,25847
98330,531,21971,25821
98330,558,21466,25570
93318,553,21593,25545
93318,546,21583,25680
89708,548,21613,25608
89708,555,21396,25479
89708,575,21628,26132
89708,516,21485,25025
88257,571,21546,26096
88257,561,21416,25540
89224,532,21829,25718
89224,549,21598,25716
89224,544,21553,25468
89224,561,21446,25550
88982,542,21681,25584
88982,546,21634,25785
88498,556,21635,25633
88498,596,23965,28091
100680,585,21003,25451
100680,566,21055,25271
110673,547,21269,25134
110673,574,20942,25150
115660,535,21063,24881
115660,581,21117,25356
113030,559,21234,25153
113030,550,21093,25152
115660,562,21215,25193
115660,565,21026,25078
117587,546,21172,25157
117587,579,21036,25181
114455,590,21179,25695
114049,542,21281,25009
114049,591,20992,25457
117105,541,21284,25047
117105,564,20975,25253
116142,561,21172,25095
116142,573,21148,25229
114476,545,21191,25125
114476,575,20892,25042
117587,560,21238,25367
117587,553,21302,25236
115660,570,21650,25756
115660,593,21488,26044
115013,530,21499,25186
115013,582,21296,25701
117587,544,21383,25082
117587,558,20973,25247
115901,568,21122,25057
115901,571,21034,25173
115013,548,20955,24900
115013,568,20784,24934
117828,587,21006,25605
117828,520,20848,24334
115419,584,21078,25518
115419,579,21039,25205
114772,536,21124,25015
114772,565,20791,24809
117346,560,20935,24977
117346,553,20770,24820
116142,568,21064,25083
116142,566,20983,25063
115013,584,21090,25647
115013,534,20962,24461
117346,578,21484,25986
117346,558,21072,25191
115474,562,21196,25165
115474,573,20989,25061
115013,537,21014,24815
115013,572,20932,25100
117587,560,21016,25011
117587,551,20909,25052
116142,574,21130,25123
116142,573,21049,25081
115013,571,21430,25872
115013,579,21192,25466
119733,548,20969,24881
119733,546,20943,24917
119251,561,21100,25052
119251,580,21180,25386
118047,542,21102,24890
118047,574,21059,25285
120914,559,21503,25411
120914,550,21366,25553
118714,592,21554,26128
118714,573,21500,25583
118047,537,21596,25373
118047,580,21315,25608
120455,548,21534,25427
120455,544,21280,25302
119492,572,21173,25198
119492,574,21170,25276
117083,547,21212,25064
117083,573,21029,25187
119010,559,21110,25107
119010,585,21067,25789
117106,558,21179,25168
117106,572,21147,25197
115178,540,21120,24962
115178,574,21120,25329
118288,553,21162,25074
118288,548,21019,25034
116383,571,21279,25318
116383,571,21108,25217
115419,578,21169,25710
115419,535,20971,24432
118288,583,21135,25714
118288,553,21087,25196
116142,563,21345,25353
116142,566,21196,25172
115901,540,21189,25006
115901,575,21081,25355
117828,557,21087,25055
117828,552,20893,24974
117105,571,21097,25044
117105,574,20986,25145
115178,570,21071,25448
115178,578,20834,25106
118288,545,21150,25016
118288,551,20895,24961
116864,562,21123,25074
116864,577,20970,25131
115233,541,21530,25336
115233,577,21367,25594
118069,557,21539,25472
118069,549,21351,25409
117106,598,21546,26197
117106,546,21506,24970
115419,578,21490,26003
115419,564,21331,25473
117828,549,21444,25335
117828,556,21280,25420
116865,561,21445,25394
116865,575,20984,25120
115255,550,21120,24948
115255,572,20957,25123
118069,558,20995,24963
118069,547,21000,25067
117106,593,21030,25631
117106,577,21210,25350
115014,548,21046,24903
115014,561,20918,24979
118069,552,21062,25002
118069,550,21040,25091
116624,575,21220,25324
116624,576,21254,25306
115737,545,21315,25181
115737,571,21076,25279
118310,585,21138,25681
118310,553,20886,25014
116142,556,21141,25019
116142,579,21127,25290
115715,550,21158,25124
115715,567,21030,25115
118551,551,21128,25013
118551,553,20940,25152
116864,567,21289,25167
116864,573,21116,25236
115254,577,21211,25634
115254,540,20834,24468
117828,586,21103,25673
117828,551,20878,24892
116624,565,21417,25406
116624,574,21013,25139
115255,538,21120,24942
115255,573,21015,25211
118069,553,21122,24992
118069,551,21056,25169
116865,571,21187,25202
116865,573,21140,25262
115199,572,21191,25633
115199,544,20829,24470
118310,582,21225,25742
118310,551,20953,25036
116865,562,21094,25028
116865,579,21045,25159
115419,539,21218,25065
115419,570,20999,25230
118551,556,21186,25045
118551,551,21053,25189
116383,571,21123,25160
116383,573,21082,25164
115199,565,21064,25417
115199,611,23883,28187
104956,531,21729,25572
104956,556,21718,25865
96397,547,21680,25673
96397,545,21681,25729
91384,550,21756,25758
91384,555,21747,25826
91384,548,21890,25776
91384,543,21780,25907
89708,577,21804,26460
89708,528,21589,25069
90417,563,21870,26311
90417,548,21783,25934
89708,547,21819,25839
89708,554,21549,25584
89950,533,21782,25696
89950,542,21739,25785
90418,554,21744,25750
90418,552,21667,25767
98089,577,24135,28081
98089,569,21347,25488
108334,589,21585,26188
108334,559,21421,25437
112843,542,21569,25486
112843,574,21371,25563
117346,547,21478,25359
117346,563,21186,25301
115660,564,21400,25290
115660,561,21070,25227
115737,581,21233,25768
115737,536,20971,24463
118310,587,21236,25778
118310,567,21186,25312
115660,563,21324,25319
115660,560,21269,25300
115978,536,21234,25123
115978,577,21152,25409
118551,548,21304,25178
118551,568,21145,25242
116438,565,21392,25319
116438,552,21363,25382
116197,588,21211,25886
116197,541,21176,24661
118770,576,21294,25765
118770,563,21237,25324
116383,563,21278,25292
116383,559,21145,25162
115978,547,21227,25162
115978,568,21361,25470
118310,560,21514,25508
118310,573,21666,25725
115419,569,21692,25693
115419,551,21149,25254
115978,583,21110,25659
115978,568,21037,25161
118551,539,21121,24948
118551,584,21136,25409
115956,555,21125,25032
115956,556,21112,25211
116438,553,21079,24995
116438,569,21206,25356
118551,556,21117,24978
118551,570,20908,25088
115737,593,21167,25732
115737,560,21004,25084
116219,550,21100,25059
116219,567,20993,25103
118792,541,21292,25124
118792,578,21194,25386
115715,563,21213,25133
115715,554,21124,25236
116197,558,21422,25317
116197,568,21008,25214
118310,551,21333,25231
118310,575,21182,25335
115419,591,21312,25873
115419,564,21281,25353
116624,550,21565,25496
116624,566,21493,25602
119011,539,21525,25400
119011,582,21503,25697
115178,563,21519,25491
115178,551,21413,25460
116624,559,21525,25423
116624,565,21377,25539
118473,584,21489,26076
118473,570,21608,25688
115419,555,21661,25503
115419,562,21527,25711
116383,549,21527,25468
116383,562,21225,25266
118792,555,21289,25236
118792,573,21296,25426
115901,565,21430,25402
115901,549,21399,25343
116383,588,21301,25995
116383,534,21183,24675
118770,581,21293,25851
118770,566,21233,25309
116361,562,21330,25293
116361,561,21513,25578
116438,543,21550,25443
116438,567,21488,25635
118551,555,21366,25289
118551,563,21256,25390
116142,569,21520,25486
116142,563,21241,25313
115737,577,21427,25990
115737,573,21012,25191
118367,545,21186,25058
118367,553,21055,25171
116624,559,21272,25138
116624,577,21255,25443
115495,542,21351,25158
115495,572,21191,25421
117828,556,21365,25246
117828,551,21304,25472
117105,594,21383,25978
117105,543,21318,24801
115496,569,21440,25893
115496,572,21376,25564
118310,552,21705,25631
118310,552,21477,25587
116142,561,21696,25592
116142,574,21273,25383
115013,544,21320,25175
115013,572,20985,25185
118069,555,21207,25146
118069,551,21178,25307
116142,598,21367,25950
116142,575,21238,25324
115736,539,21298,25183
115736,565,21194,25277
117587,552,21335,25290
117587,549,21123,25240
116921,570,21317,25259
116921,573,21234,25343
115255,547,21218,25198
115255,565,21181,25276
118069,580,21235,25719
118069,562,21526,25679
115715,563,21673,25647
115715,570,21651,25717
115956,543,21542,25518
115956,568,21423,25543
118310,552,21505,25422
118310,553,21506,25601
116624,568,21598,25530
116624,571,21526,25672
115956,550,21504,25441
115956,567,21402,25522
118069,580,21525,26055
118069,557,21579,25744
116624,561,21608,25540
116624,574,21488,25604
115474,539,21528,25291
115474,572,21382,25639
118069,557,21501,25428
118069,549,21475,25498
117050,594,21541,26132
117050,550,21226,24743
115178,576,21147,25640
115178,569,20968,25167
117587,547,21116,24985
117587,560,21112,25307
116624,555,21220,25119
116624,576,21261,25354
115178,539,21357,25146
115178,576,21159,25401
118047,556,21197,25112
118047,552,21084,25252
116624,595,21440,25996
116624,547,21151,24622
115419,564,21140,25547
115419,579,20985,25261
118288,542,21020,24844
118288,552,20985,25106
116142,569,21200,25192
116142,572,21050,25089
115233,582,21057,25530
115233,536,21122,24705
117828,557,21461,25381
117828,579,21377,26105
116624,567,21589,25582
116624,608,24205,28387
105438,536,21571,25412
105438,554,21958,26114
95011,524,21899,25699
95011,565,21591,25800
92594,551,21770,25761
92594,548,21812,25904
89950,543,21837,25751
89950,558,21627,25716
90675,574,21769,26350
90675,514,21590,25731
89950,561,21646,25450
89950,570,21639,25907
89950,526,21677,25510
89950,544,21593,25697
90675,550,21685,25631
90675,554,21552,25687
89466,535,21710,25589
89466,549,21687,25791
95931,603,23970,28613
95931,536,20893,24388
110747,576,21237,25705
110747,559,21129,25291
113030,556,21210,25070
113030,579,21037,25250
114290,545,21287,25177
114290,571,21176,25328
117644,556,21285,25173
117644,557,21158,25293
115660,568,21333,25309
115660,563,21187,25244
115254,576,21427,25955
115254,545,21108,24695
118310,578,21342,25851
118310,549,21105,25221
117105,559,21358,25264
117105,574,21291,25357
115233,545,21482,25412
115233,566,21433,25570
117828,559,21617,25538
117828,551,21500,25628
117106,597,21617,26217
117106,544,21498,24983
115233,562,21612,25929
115233,583,21318,25678
118310,547,21272,25172
118310,551,21148,25203
116383,566,21323,25308
116383,577,21290,25395
115233,544,21312,25109
115233,575,21119,25394
118069,557,21127,25016
118069,550,21133,25297
116624,586,21274,25736
116624,581,21134,25381
115178,540,21377,25154
115178,574,21135,25355
117587,547,21244,25062
117587,553,21176,25337
116788,570,21333,25264
116788,577,21175,25378
115178,583,21274,25740
115178,531,21126,24650
117828,586,21258,25821
117828,556,21238,25361
117290,552,21469,25282
117290,588,21425,25701
114937,547,21357,25178
114937,568,21125,25360
117346,552,21311,25195
117346,553,21175,25186
117325,568,21428,25444
117325,574,21090,25225
114696,594,21293,25850
114696,555,21043,25121
117587,553,21225,25176
117587,562,21050,25130
117324,555,21671,25617
117324,571,21486,25556
114992,553,21636,25557
114992,566,21383,25513
118126,562,21502,25517
118126,548,21445,25397
117347,597,21648,26282
117347,549,21220,24738
114773,580,21351,25850
114773,565,21171,25274
117828,552,21434,25409
117828,559,21144,25266
116865,561,21458,25432
116865,569,21327,25347
115013,556,21421,25296
115013,565,21269,25483
117828,558,21428,25382
117828,553,21186,25196
117587,587,21400,25939
117587,554,21160,24757
114992,582,21418,25882
114992,556,21269,25309
117347,552,21235,25206
117347,564,21291,25380
118069,561,21302,25265
118069,575,21228,25318
114531,563,21181,25154
114531,561,20926,25060
117161,563,21261,25241
117161,591,21183,25902
116865,551,21433,25283
116865,579,21404,25590
114773,551,21354,25233
114773,562,21300,25476
117347,553,21369,25251
117347,559,21052,25198
117346,567,21363,25378
117346,572,21303,25336
114772,586,21409,25888
114772,532,21185,24779
117347,586,21565,26133
117347,549,21442,25436
117105,563,21490,25495
117105,572,21249,25304
115013,545,21468,25363
115013,567,21100,25223
117828,559,21363,25317
117828,548,21172,25201
116865,576,21444,25494
116865,575,21114,25206
114772,574,21244,25726
114772,575,21229,25469
117885,547,21336,25214
117885,556,21120,25267
116865,556,21419,25281
116865,575,21319,25459
115474,548,21281,25202
115474,569,21061,25197
117587,556,21205,25730
117587,552,21007,24526
117084,572,21292,25861
117084,598,21186,25266
114937,556,21289,25176
114937,564,20999,25182
117588,543,21176,25043
117588,565,21240,25346
117587,559,21344,25194
117587,577,21330,25557
114992,555,21278,25121
114992,564,21375,25467
117587,586,21320,25983
117587,563,21224,25305
117324,554,21430,25380
117324,574,21301,25416
114751,550,21437,25263
114751,570,21309,25566
117587,550,21354,25236
117587,558,21321,25407
117565,565,21472,25362
117565,576,21462,25709
114531,552,21571,25452
114531,566,21531,25586
117587,588,21620,26261
117587,561,21503,25636
116568,549,21656,25498
116568,582,21459,25656
114531,551,21457,25292
114531,558,21427,25496
117346,562,21729,25818
117346,555,21444,25361
117346,572,21733,25780
117346,571,21405,25518
114772,591,21611,26223
114772,525,21406,24853
117346,574,21607,26041
117346,567,21172,25356
117346,557,21321,25278
117346,571,21091,25203
115013,558,21286,25150
115013,560,20989,25160
117346,559,21071,24991
117346,559,20900,24983
118069,584,21246,25790
118069,552,21213,24811
114531,586,21329,25835
114531,564,21123,25296
117425,546,21383,25213
117425,593,23635,27685
102920,547,21779,25759
102920,564,21815,25962
95252,540,21887,25751
95252,544,21979,26071
91884,555,21992,26026
91884,559,21682,25765
90477,570,21888,26470
90477,550,21712,25848
90433,537,21876,25686
90433,565,21745,25967
89994,533,21939,25841
89994,552,21751,25910
89225,548,21935,25891
89225,558,22109,26136
89466,543,22057,26013
89466,548,21816,25962
90417,552,21891,25860
90417,561,21901,25967
97364,607,24035,28618
97364,562,21124,25208
109058,544,21257,25191
109058,565,21211,25257
115419,553,21409,25351
115419,572,21366,25501
114992,568,21527,25543
114992,549,21490,25430
115715,561,21381,25428
115715,565,21248,25363
118310,579,21440,25972
118310,572,21361,25492
115660,558,21355,25280
115660,558,21248,25371
115901,543,21227,25133
115901,570,21045,25220
118551,552,21341,25195
118551,569,21303,25436
116197,566,21416,25396
116197,549,21266,25276
115715,588,21335,25936
115715,538,21132,24636
118288,575,21307,25782
118288,568,21278,25403
115419,559,21514,25422
115419,561,21341,25463
115660,548,21460,25309
115660,568,21309,25578
118792,556,21486,25327
118792,570,21327,25462
115660,591,21423,26035
115660,525,21401,25486
115660,583,21416,25391
115660,568,21335,25456
118770,539,21461,25234
118770,584,21176,25500
115660,555,21490,25339
115660,552,21316,25450
116219,555,21448,25343
116219,568,21239,25379
118310,557,21405,25321
118310,572,21446,25581
115178,589,21407,25973
115178,561,21353,25491
116197,545,21372,25274
116197,570,21311,25441
118310,541,21340,25146
118310,572,21243,25401
115419,565,21347,25304
115419,553,21288,25346
116197,558,21417,25430
116197,562,21424,25476
118310,585,21391,25974
118310,541,21326,24858
115474,586,21461,25992
115474,554,21406,25480
116679,549,21354,25280
116679,570,21153,25267
118551,550,21227,25182
118551,573,21204,25303
115496,565,21527,25447
115496,556,21348,25479
116197,557,21430,25328
116197,566,21318,25451
118551,583,21476,26071
118288,548,21477,25339
118288,589,21243,25560
114531,550,21496,25283
114531,563,21251,25413
117346,559,21480,25524
117346,547,21339,25273
117346,574,21474,25674
117346,572,21097,25001
115013,557,21457,25578
115013,564,21342,25351
117828,565,21585,25775
117828,573,21464,25904
116624,551,21697,25463
116624,585,21288,25619
115233,573,21652,25902
115233,537,21294,25007
117644,559,21676,25596
117644,552,21503,25655
117162,571,21732,25682
117162,574,21417,25549
114992,574,21689,26165
114992,573,21278,25488
118069,549,21609,25513
118069,550,21448,25526
116624,557,21723,25666
116624,578,21467,25613
114992,536,21457,25238
114992,575,21131,25392
117828,556,21556,25479
117828,550,21203,25330
116142,592,21389,25947
116142,546,21081,24579
115495,573,21431,25970
115495,565,21233,25319
117828,551,21312,25240
117828,555,21234,25398
116624,559,21429,25355
116624,576,21069,25175
114772,543,21345,25173
114772,571,21181,25380
118310,556,21345,25282
118310,550,21184,25345
116142,592,21501,26022
116142,574,21067,25198
115233,538,21428,25236
115233,571,21120,25263
117828,551,21374,25350
117828,548,21326,25305
115901,572,21365,25410
115901,572,21143,25283
115474,548,21539,25434
115474,565,21469,25556
117829,560,21527,25536
117829,579,21484,26205
116142,559,21655,25564
116142,576,21415,25507
115474,536,21437,25404
115474,568,21207,25316
118069,556,21423,25370
118069,550,21270,25386
116142,567,21505,25408
116142,575,21291,25451
115255,581,21439,25911
115255,533,21261,24745
117828,585,21440,26046
117828,554,21422,25444
116624,556,21739,25654
116624,581,21433,25623
115737,538,21680,25500
115737,572,21429,25633
118126,555,21718,25556
118126,552,21406,25639
116383,569,21657,25589
116383,568,21329,25463
115737,574,21669,26198
115737,571,21208,25384
118069,550,21430,25306
118069,560,21378,25527
116624,560,21566,25472
116624,576,21347,25486
115496,541,21493,25314
115496,569,21286,25503
118367,558,21448,25378
118367,549,21344,25455
116864,569,21548,25535
116864,573,21356,25442
115254,568,21421,25847
115254,573,21223,25436
118126,549,21449,25386
118126,546,21317,25335
116197,568,21585,25598
116197,570,21440,25476
115255,548,21688,25638
115255,566,21489,25617
118069,557,21652,25589
118069,550,21607,25781
116142,594,21814,26377
116142,574,21659,25741
115233,541,21772,25635
115233,578,21567,25794
110673,571,23862,27741
110673,561,22022,26216
98572,544,22111,25956
98572,547,21857,26004
92110,547,21961,25900
92110,555,21843,25961
91143,570,22037,26626
91143,511,21866,25316
90433,566,22033,26512
90433,561,21880,26036
89708,527,22047,25911
89708,548,21887,26025
90660,545,21973,25853
90660,567,21901,26068
89225,542,22069,25971
89225,546,22007,26111
90433,563,22073,26099
90433,557,21874,26006
89752,590,22898,27363
89752,567,23053,27246
104956,553,21521,25425
104956,579,21408,25560
110914,536,21481,25361
110914,569,21314,25487
115901,557,21516,25436
115901,550,21326,25375
116142,569,21465,25489
116142,573,21394,25465
114696,570,21488,25909
114696,574,21370,25615
117346,546,21545,25376
117346,558,21489,25602
115901,566,21697,25747
115901,573,21611,25606
114751,544,21721,25562
114751,575,21433,25673
117346,558,21655,25602
117346,585,21495,26201
116624,561,21640,25657
116624,575,21642,25729
114992,548,21650,25484
114992,561,21341,25477
117587,552,21462,25410
117587,557,21301,25391
117346,569,21509,25529
117346,573,21302,25368
114772,557,21456,25363
114772,561,21380,25513
117346,586,21466,26038
117346,583,21627,25720
116864,557,21579,25546
116864,577,21596,25709
114531,547,21704,25528
114531,562,21538,25697
117346,558,21703,25627
117346,559,21559,25636
116624,571,21772,25727
116624,576,21514,25648
114531,586,21704,26211
114531,564,21506,25721
117403,551,21694,25604
117403,561,21529,25571
118529,544,21693,25590
118529,583,21694,25932
115233,559,21649,25522
115233,553,21463,25510
117403,560,21493,25484
117403,565,21278,25394
119011,579,21449,25959
119011,573,21379,25559
115956,560,21462,25378
115956,559,21458,25578
116438,549,21557,25457
116438,567,21468,25570
118792,553,21623,25541
118792,571,21568,25665
116197,569,21754,25713
116197,562,21538,25625
116219,584,21302,25864
116219,572,21152,25287
118310,546,21466,25343
118310,572,21441,25599
115956,558,21612,25495
115956,554,21455,25475
115956,559,21548,25616
115956,565,21379,25451
118310,557,21501,25469
118310,567,21411,25469
116142,592,21531,26151
116142,570,21417,25452
116197,535,21506,25423
116197,572,21317,25476
118770,549,21469,25396
118770,552,21379,25497
117325,566,21521,25458
117325,574,21418,25510
115715,584,21470,25918
115715,549,21672,25215
118367,587,21549,26137
118367,519,21501,24965
116142,590,21682,26252
116142,574,21549,25627
115233,535,21676,25453
115233,575,21395,25634
117828,560,21872,25828
117828,549,21512,25590
117106,569,21872,25855
117106,575,21410,25537
115178,584,21506,26012
115178,529,21291,24771
118070,585,21485,26083
118070,554,21444,25480
117084,561,21752,25722
117084,577,21599,25722
114992,547,21708,25556
114992,564,21408,25546
117828,559,21614,25556
117828,558,21587,25649
117750,593,21702,26285
117750,548,21503,25001
114531,585,21506,26022
114531,562,21206,25319
117346,552,21453,25411
117346,564,21477,25454
117587,563,21656,25720
117587,578,21344,25491
115233,562,21443,25393
115233,555,21255,25284
117588,559,21396,25358
117588,566,21156,25319
118770,572,21304,25737
118770,554,21346,24991
115715,590,21494,26068
115715,555,21259,25306
116920,546,21457,25347
116920,571,21212,25371
118551,548,21458,25308
118551,578,21427,25554
115956,566,21465,25493
115956,552,21379,25428
116438,584,21490,25993
116438,579,21265,24780
118551,568,21419,25890
118551,587,21401,25701
114772,553,21514,25355
114772,561,21423,25534
117161,550,21468,25387
117161,567,21353,25487
119011,551,21494,25407
119011,580,21461,25609
115233,567,21560,25570
115233,554,21366,25397
116624,589,21479,26042
116624,538,21257,24772
118792,572,21519,25996
118792,582,21480,25667
114937,574,21745,25650
114937,557,21249,25315
116383,559,21511,25495
116383,568,21365,25406
118770,544,21593,25490
118770,584,21520,25749
114696,569,21571,25487
114696,582,21340,26056
116383,552,21504,25416
116383,570,21236,25358
119011,545,21484,25393
119011,577,21385,25538
115474,565,21575,25483
115474,555,21200,25318
116646,561,21586,25497
116646,566,21317,25430
118792,585,21506,26079
118792,544,21448,24920
114937,591,21573,26181
114937,559,21297,25427
116624,547,21498,25315
116624,571,21235,25388
118551,543,21508,25355
118551,579,21466,25659
115178,566,21495,25435
115178,552,21336,25415
115901,560,21477,25409
115901,580,21935,25838
108504,598,22584,27371
108504,559,21904,26073
96881,522,22191,25958
96881,552,21888,26082
93016,545,22008,25926
93016,555,21901,26013
90659,539,22048,25999
90659,539,21865,25766
90901,563,22200,26289
90901,557,22073,26259
89467,563,22196,26700
89467,553,21792,25916
90373,546,21918,25881
90373,558,22067,26192
89450,527,22035,25969
89450,557,21874,25964
90659,548,22015,25886
90659,548,21866,26063
91581,576,24346,28288
91581,577,21479,25609
105216,577,21386,25838
105216,539,21136,24703
114290,583,21466,26030
114290,553,21280,25370
114696,556,21466,25353
114696,579,21349,25431
114531,543,21349,25322
114531,571,21141,25292
117587,557,21398,25336
117587,554,21302,25310
116438,573,21503,25553
116438,566,21261,25342
115254,582,21372,25909
115254,575,21270,25446
117828,550,21414,25326
117828,555,21245,25299
116197,565,21488,25468
116197,567,21169,25215
115496,549,21347,25284
115496,570,21213,25358
118529,559,21418,25308
118529,555,21194,25314
115901,595,21453,26088
115901,569,21330,25351
115474,538,21414,25343
115474,571,21228,25350
118069,549,21405,25342
118069,557,21237,25325
116865,571,21773,25678
116865,567,21247,25313
115496,552,21603,25578
115496,568,21410,25559
118310,590,21618,26219
118310,547,21575,25592
116142,562,21524,25457
116142,581,21136,25298
115474,539,21421,25348
115474,567,21249,25328
118069,555,21461,25422
118069,550,21312,25382
116624,571,21510,25470
116624,573,21356,25450
114992,580,21465,25969
114992,539,21315,24851
117828,579,21413,25967
117828,549,21310,25251
116865,566,21476,25576
116865,572,21243,25299
114992,555,21378,25282
114992,562,21253,25344
117346,560,21501,25514
117346,558,21209,25268
117084,570,21500,25523
117084,574,21393,25467
114455,585,21460,26009
114455,559,21280,25383
117346,552,21391,25331
117346,561,21306,25386
118472,548,21570,25435
118472,578,21425,25636
114455,566,21522,25425
114455,552,21354,25444
116865,560,21393,25355
116865,565,21290,25405
118955,579,21503,26076
118955,570,21426,25541
115901,561,21546,25476
115901,552,21337,25374
116383,554,21436,25412
116383,564,21274,25350
118714,556,21477,25396
118714,569,21286,25437
115901,567,21483,25433
115901,592,21237,25905
115901,548,21495,25486
115901,573,21206,25375
118551,549,21534,25438
118551,559,21269,25351
116383,558,21415,25341
116383,570,21268,25304
115440,548,21464,25468
115440,568,21183,25270
117828,555,21384,25276
117828,552,21231,25366
117105,594,21453,26028
117105,577,21129,25264
115233,541,21347,25226
115233,573,21195,25385
118069,544,21341,25180
118069,549,21226,25265
116865,575,21445,25525
116865,576,21291,25325
115254,579,21370,25832
115254,542,21105,24624
118069,584,21265,25875
118069,524,21187,25326
116864,586,21338,25255
116864,576,21128,25245
115254,533,21407,25171
115254,576,21025,25219
117828,560,21344,25359
117828,549,21265,25291
116624,572,21362,25335
116624,574,21136,25268
114992,577,21337,25811
114992,567,21099,25298
117588,556,21393,25378
117588,550,21230,25235
116624,560,21466,25423
116624,573,21291,25359
115014,545,21415,25317
115014,573,21236,25399
117587,558,21333,25229
117587,551,21272,25417
116624,597,21514,26115
116624,549,21185,24634
115254,568,21414,25872
115254,574,21187,25409
117587,549,21428,25362
117587,547,21385,25374
116383,570,21465,25552
116383,572,21213,25312
114992,545,21345,25105
114992,574,21096,25329
118069,558,21500,25458
118069,548,21309,25379
116383,593,21569,26195
116383,575,21207,25289
115233,537,21527,25325
115233,569,21157,25289
117588,557,21423,25468
117588,551,21356,25377
116865,571,21481,25453
116865,576,21196,25323
115178,582,21340,25846
115178,532,21274,24723
117828,587,21395,26081
117828,552,21396,25389
116788,561,21399,25396
116788,629,22520,26267
115178,565,20074,24341
115178,568,21084,25200
118069,556,21507,25367
118069,552,21400,25609
116624,568,21726,25654
116624,572,21490,25587
115233,578,21425,25932
115233,540,21075,24614
117587,580,21472,25986
117587,549,21554,25582
116624,561,21719,25746
116624,583,21589,25566
115474,639,21666,25723
115474,570,21125,25259
118070,557,21670,25534
118070,558,21646,25770
116142,592,21706,26305
116142,578,21223,25310
115419,539,21452,25393
115419,570,21317,25463
118288,541,21566,25395
118288,559,21350,25505
116142,564,21533,25495
116142,590,23673,27655
106404,547,20619,24630
106404,562,21951,26154
96881,551,21962,25873
96881,545,21948,26064
91626,572,22038,26573
91626,561,21895,26067
90961,543,21817,25733
90961,558,21842,25928
89026,540,22052,25900
89026,564,21960,26157
90192,550,22000,25873
90192,550,21721,25826
88799,555,22026,26037
88799,561,21932,26009
89752,544,22089,26087
89752,549,22101,26847
89950,570,22097,25946
89950,567,21912,26094
92835,558,24354,28264
92835,579,21138,25318
109521,548,21425,25215
109521,572,21263,25421
111879,568,21255,25239
111879,555,21162,25257
114531,560,21483,25455
114531,567,21305,25414
118069,585,21461,26062
118069,569,21389,25446
115419,555,21282,25178
115419,555,21171,25161
115956,560,21271,25335
115956,568,21381,25464
118069,558,21508,25465
118069,570,21451,25510
115419,568,21347,25399
115419,551,21241,25267
115737,579,21346,25880
115737,572,21311,25436
118529,546,21439,25328
118529,573,21439,25601
115660,564,21287,25279
115660,548,21116,25040
115901,563,21477,25565
115901,568,21334,25443
118551,558,21525,25394
118551,569,21280,25394
116142,569,21096,25192
116142,591,21042,25666
115660,539,21150,25038
115660,573,21354,25473
118529,549,21338,25274
118529,566,21231,25327
116142,568,21170,25191
116142,558,20914,24899
115660,555,21184,25194
115660,568,21138,25262
118529,586,21320,25913
118529,550,21383,25338
116362,568,21784,25863
116362,574,21385,25387
115178,539,21634,25602
115178,569,21458,25586
118288,558,21552,25472
118288,551,21426,25567
116844,572,21492,25485
116844,570,21443,25405
115715,552,21538,25584
115715,568,21464,25558
118047,582,21739,26270
118047,545,21560,25605
116865,568,21718,25757
116865,577,21503,25590
114937,538,21650,25526
114937,570,21340,25479
117828,557,21637,25556
117828,552,21562,25684
116383,569,21852,25838
116383,574,21543,25676
114751,568,21503,25872
114751,583,21228,25541
117587,544,21399,25260
117587,559,21410,25575
116624,558,21586,25496
116624,576,21176,25252
114992,545,21237,25148
114992,570,21293,25437
117829,558,21379,25306
117829,557,21338,25457
116142,598,21461,26066
116142,576,20992,25077
115474,539,21321,25272
115474,570,21236,25351
118069,543,21501,25354
118069,557,21438,25607
116142,567,21612,25529
116142,576,21189,25329
115255,545,21378,25225
115255,567,21225,25385
118310,559,21516,25472
118310,552,21336,25445
117106,592,21539,26123
117106,570,21317,25354
115255,539,21204,25024
115255,581,21034,25266
117829,552,21467,25407
117829,559,21476,25538
115901,569,21724,25672
115901,566,21179,25258
115255,555,21227,25225
115255,570,21365,25481
117828,580,21546,26073
117828,559,21363,25525
116142,565,21530,25430
116142,574,21246,25289
115496,545,21321,25327
115496,569,21277,25399
118069,557,21474,25389
118069,550,21462,25524
116383,569,21498,25463
116383,572,21164,25309
115474,576,21237,25768
115474,568,21429,25504
118069,550,21461,25391
118069,553,21347,25492
116865,562,21453,25333
116865,575,21115,25267
114937,549,21214,25072
114937,571,21231,25365
118069,563,21475,25474
118529,578,21501,26009
118529,555,21489,25128
115901,576,21364,25741
115901,569,21151,25391
116865,553,21433,25393
116865,567,21127,25205
118473,552,21573,25555
118473,573,21355,25392
113753,595,22017,26046
113753,568,20502,24453
116809,572,20981,25236
116809,601,20836,25289
113325,537,21333,24997
113325,595,21626,26098
117106,540,21778,25477
117106,563,21771,26102
116086,565,21911,25835
116086,574,21603,25740
114696,547,21540,25429
114696,569,21389,25489
118047,559,21599,25563
118047,549,21507,25630
116327,593,21622,26195
116327,579,21210,25360
115660,538,21324,25137
115660,574,21143,25330
117828,549,21395,25333
117828,551,21317,25380
116624,569,21436,25389
116624,576,21188,25352
115178,581,21385,25829
115178,535,21438,24960
118047,561,21622,26239
118047,586,21591,25620
116865,553,21662,25547
116865,582,21358,25542
115233,537,21223,25031
115233,572,21207,25429
118288,563,21693,25661
118288,552,21638,25620
116142,574,21744,25783
116142,572,21458,25593
115715,578,21556,26043
115715,568,21366,25496
118069,556,21740,25728
118069,551,21532,25643
116624,565,21689,25660
116624,570,21163,25169
115474,542,21224,25126
115474,571,21272,25434
118310,560,21449,25402
118310,548,21405,25411
116624,571,21561,25601
116624,572,21160,25278
115233,610,22941,27456
115233,566,20751,24895
100244,531,22024,25930
100244,565,22136,26353
94482,541,22098,25911
94482,553,21984,26156
90901,537,22037,25874
90901,569,21952,26198
90675,556,21866,25788
90675,547,21943,25977
89224,571,22111,26633
89224,534,22026,25599
90191,577,21835,26394
90191,547,22025,26063
89026,543,22110,26092
89026,557,21971,26048
89933,550,21995,25946
89933,547,21965,26004
88741,555,22134,26150
88741,580,24478,28538
103749,583,21281,25885
103749,569,21449,25533
108985,560,21415,25368
108985,561,21180,25330
114510,550,21548,25448
114510,561,21465,25506
117806,550,21555,25560
117806,576,21525,25603
114696,567,21482,25473
114696,551,21180,25229
116383,560,21525,25478
116383,568,21402,25525
118529,579,21564,26119
118529,572,21484,25651
114937,557,21302,25176
114937,554,21236,25316
116624,555,21465,25464
116624,564,21351,25429
118529,544,21552,25391
118529,579,21483,25677
114696,569,21404,25373
114696,552,21097,25184
116898,588,21383,25982
116898,537,21455,24899
118714,566,21646,26071
118714,581,21694,25881
115156,558,21480,25408
115156,557,21346,25465
116142,554,21696,25584
116142,564,21484,25657
118529,550,21841,25702
118529,578,21672,25868
114937,589,21532,26092
114937,526,21392,24829
116624,581,21613,26137
116624,570,21429,25587
118232,543,21613,25517
118232,582,21572,25793
114696,556,21423,25301
114696,553,21256,25361
116865,561,21673,25629
116865,565,21468,25536
118473,542,21767,25705
118473,583,21750,25892
114455,595,21285,25887
114455,560,21207,25286
116624,552,21482,25399
116624,567,21244,25365
118473,537,21491,25334
118473,575,21431,25555
114696,568,21300,25265
114696,551,21067,25120
116383,562,21451,25459
116383,564,21203,25262
118529,578,21412,25997
118529,548,21441,24961
114477,582,21209,25711
114477,558,21234,25341
116865,552,21456,25391
116865,564,21355,25438
118529,546,21557,25415
118529,579,21361,25550
115419,565,21209,25156
115419,554,21326,25400
116383,563,21623,25606
116383,564,21517,25654
118529,566,21738,26117
118529,583,21675,25901
114455,561,21649,25617
114455,551,21345,25373
116624,557,21769,25724
116624,565,21563,25639
118714,549,21706,25604
118714,579,21614,25845
114937,566,21156,25091
114937,583,21099,25795
116383,554,21500,25448
116383,567,21302,25427
118529,541,21480,25345
118529,580,21452,25633
115178,559,21334,25261
115178,552,21161,25220
116624,561,21470,25423
116624,564,21297,25403
118770,550,21390,25945
118770,582,21435,24948
115178,587,21176,25667
115178,558,20874,24986
116142,553,21395,25364
116142,565,21297,25374
118770,548,21277,25187
118770,574,21425,25541
115419,567,21135,25072
115419,551,21058,25121
116383,558,21405,25386
116383,566,21436,25558
118770,582,21431,25988
118770,565,21440,25531
115639,561,21309,25240
115639,556,21027,25109
115901,550,21429,25369
115901,570,21346,25498
118232,554,21476,25428
118232,572,21548,25594
115419,567,21675,25619
115419,556,21350,25445
116120,587,21641,26264
116120,569,21516,25605
117991,548,21703,25609
117991,573,21702,25823
115419,557,21647,25581
115419,554,21272,25345
116197,557,21608,25508
116197,567,21608,25738
118288,554,21786,25720
118288,575,21852,26033
115178,567,21572,25520
115178,550,21177,25243
116624,581,21651,26158
116624,573,21535,25749
118714,541,21690,25516
118714,576,21773,25923
115419,564,21271,25246
115419,554,21073,25183
116142,563,21383,25249
116142,573,21248,25415
118529,549,21296,25174
118529,579,21243,25460
115178,590,20979,25510
115178,559,20814,24947
116383,545,21362,25240
116383,570,21233,25351
118770,547,21418,25348
118770,575,21502,25628
115419,565,21204,25143
115419,551,20915,24939
116142,558,21399,25380
116142,565,21370,25487
118529,587,21489,26096
118529,563,21336,25363
115419,562,21095,25055
115419,557,20982,25007
115956,550,21106,25132
115956,572,21200,25280
118310,558,21823,25770
118310,573,21609,25756
115419,566,21491,25409
115419,554,21237,25336
115901,555,21497,25418
115901,564,21323,25441
118310,581,21532,26117
118310,567,21331,25373
115660,556,21321,25272
115660,554,21108,25090
116142,558,21177,25210
116142,566,21357,25469
118013,556,21492,25394
118013,571,21423,25576
115419,591,21411,25972
115419,527,21098,24570
116142,581,21511,26047
116142,566,21271,25386
118232,551,21517,25478
118232,573,21399,25521
114696,582,23946,27852
114696,550,21938,25980
101163,556,21831,25794
101163,547,21998,26139
93274,534,22050,26009
93274,556,21989,26109
92110,575,22103,26649
92110,552,21970,26110
89692,540,22093,26039
89692,554,21951,25988
90417,531,22065,26005
90417,544,21932,26039
89906,546,22025,25943
89906,557,21991,26078
89708,539,22100,26060
89708,544,21890,26011
90660,556,22069,26672
90660,581,22003,26018
89208,533,22275,26211
89208,601,24670,28848
101596,540,21611,25526
101596,573,21496,25649
112581,550,21638,25559
112581,553,21419,25532
114214,570,21630,25647
114214,570,21275,25319
113973,575,21327,25750
113973,541,21145,24685
117566,585,21494,26113
117566,551,21419,25555
116086,559,21665,25547
116086,577,21289,25433
114717,540,21378,25174
114717,567,21277,25439
117587,561,21352,25304
117587,550,21400,25431
116383,574,21542,26142
116383,575,21224,24739
114510,576,21232,25648
114510,573,21439,25731
117587,553,21359,25236
117587,558,21406,25503
116624,559,21621,25564
116624,578,21082,25217
114992,542,21089,24919
114992,573,20939,25151
117587,558,21282,25240
117587,555,21354,25439
116624,594,21490,26083
116624,548,21119,24579
114772,567,20941,25382
114772,581,21064,25331
117588,545,21445,25301
117588,554,21296,25443
116624,561,21458,25367
116624,577,21040,25134
114992,546,21054,24890
114992,574,21241,25431
117588,562,21590,25551
117588,586,21373,26100
116383,568,21732,25757
116383,577,21496,25577
114696,536,21563,25335
114696,582,21444,25726
117806,549,21712,25627
117806,547,21724,25750
115901,571,21882,25940
115901,575,21509,25564
114992,544,21565,25462
114992,571,21409,25580
117828,584,21827,26382
117828,551,21640,25688
116624,562,21944,25933
116624,576,21551,25685
114751,539,21704,25495
114751,570,21640,25832
117106,558,21769,25690
117106,553,21561,25677
117325,570,22047,25997
117325,575,21331,25472
114455,584,21251,25725
114455,540,21347,25554
117828,577,21579,25449
117828,561,21306,25458
116624,558,21643,25583
116624,574,21278,25404
114455,553,21448,25303
114455,565,21489,25591
117106,559,21644,25566
117106,556,21477,25568
117325,570,21602,25685
117325,573,21266,25407
114696,585,21323,25809
114696,558,21417,25523
117106,549,21564,25468
117106,564,21378,25453
118047,556,21653,25624
118047,574,21419,25549
114268,564,21479,25406
114268,557,21438,25518
117106,565,21626,25596
117106,591,21766,26481
116843,561,22003,26032
116843,574,21576,25651
114751,554,21790,25671
114751,562,21791,25959
117347,548,21884,25759
117347,560,21787,25882
117269,566,21960,25931
117269,574,21638,25806
114750,560,21842,25824
114750,556,21828,25859
116865,585,22113,26650
116865,571,21843,26026
118714,533,22033,25837
118714,580,21938,26099
114455,560,21348,25278
114455,552,21178,25287
116865,560,21550,25444
116865,568,21280,25421
118288,547,21532,25453
118288,583,21529,25645
114937,590,21305,25860
114937,562,21314,25489
116142,544,21472,25337
116142,565,21410,25492
118529,544,21476,25393
118529,579,21427,25581
114477,564,21228,25174
114477,553,21091,25184
116920,561,21469,25390
116920,567,21333,25503
118770,581,21583,26102
118770,545,21580,25721
115178,584,21397,25340
115178,554,21095,25132
116438,552,21573,25544
116438,567,21345,25434
118529,553,21562,25475
118529,574,21558,25632
115178,565,21377,25360
115178,555,21742,25801
116197,588,22040,26683
116197,568,21806,25886
118529,543,22092,25925
118529,578,21940,26141
115419,558,21436,25381
115419,554,21271,25331
115901,556,21629,25493
115901,569,21495,25703
118608,552,21559,25429
118608,580,21609,25779
114992,566,21319,25299
114992,550,21259,25297
116383,582,21542,26121
116383,569,21456,25608
118013,539,21689,25509
118013,577,21722,25889
115178,563,21421,25391
115178,553,21274,25345
116142,558,21675,25543
116142,572,21427,25610
118770,582,21598,26139
118770,546,21663,25156
115419,585,21492,26008
115419,560,21308,25456
116142,546,21519,25378
116142,571,21532,25688
118529,547,21635,25505
118529,572,21606,25699
115419,567,21346,25382
115419,552,21235,25250
116438,587,21427,26006
116438,535,21329,24821
118232,580,21503,26047
118232,572,21502,25634
115419,563,21365,25324
115419,546,21088,25095
115660,556,21589,25479
115660,568,21383,25586
118529,555,21638,25537
118529,576,21755,25873
115178,567,21377,25393
115178,554,21231,25288
114214,615,24129,28665
114214,547,21925,26011
100438,551,22237,26228
100438,555,22221,26230
93076,535,22192,26202
93076,557,22158,26211
91824,555,22150,26105
91824,550,22076,26251
89467,539,22350,26242
89467,563,22179,26273
90433,556,22211,26228
90433,549,22055,26164
88983,566,22060,26530
88983,557,22080,26193
89950,549,22133,26132
89950,554,22098,26176
88741,550,22081,26075
88741,556,22079,26057
89708,552,22256,26230
89708,1359,14071,18807
77095,1054,7423,11539
77095,605,4598,8791
71175,742,3398,7486
71175,873,13300,17276
68745,818,18292,22577
68745,562,10634,14453
69671,507,2261,6430
69671,538,1875,6062
69428,505,1814,5834
69428,517,1805,5880
69428,508,2021,6057
69428,521,1990,6061
69186,507,1980,6003
69186,515,1977,6028
69186,531,2042,6212
69186,521,1909,5988
68943,508,1931,5959
68943,519,1692,5760
68943,506,1697,5710
68943,524,1685,5773
68943,508,1674,5699
68943,520,1588,5659
68977,528,1584,5722
68977,524,1722,5803
68943,505,1611,5619
68943,519,1804,5878
68943,505,1624,5649
68943,519,1679,5747
68943,510,1619,5656
68943,515,1721,5774
68943,532,1601,5767
68943,520,1791,5849
68943,509,1823,5860
68943,515,1771,5826
65101,517,1922,5972
65101,519,1823,5870
56917,509,1776,5810
56917,518,1759,5819
53518,510,1648,5699
53518,544,1761,5962
52301,507,1717,5743
52301,516,1788,5846
52085,506,1693,5717
52085,524,1753,5836
51842,508,1755,5789
51842,513,1684,5746
51572,507,1655,5823
51572,547,1865,5929
51606,508,1829,5855
51606,518,1816,5897
51599,504,1746,5748
51599,525,1829,5924
51599,506,1822,5832
51599,518,1768,5835
51572,528,1735,5891
51572,503,1992,5951
51572,528,1709,5860
51572,520,1895,5956
51572,507,1739,5767
51572,520,1845,5919
51572,508,1688,5715
51572,516,1812,5875
51572,509,1770,5810
51572,541,1764,5966
51572,508,1817,5846
51572,515,1821,5873
51572,511,1760,5813
51572,518,1819,5867
51572,509,1766,5808
51572,521,1868,5931
51572,509,1809,5849
51572,538,1802,5997
51599,510,1836,5870
51599,518,1760,5829
51599,508,1777,5805
51599,520,1979,6028
51599,514,1842,5887
51599,518,1805,5873
51599,504,1839,5857
51599,518,1777,5980
51599,532,1793,5821
51599,517,1788,5861
51599,508,1851,5876
51599,517,1774,5841
51599,508,1876,5900
51599,517,1750,5828
51599,529,1812,5964
51355,502,2055,6003
51355,510,1906,5967
51355,529,1804,5962
49171,507,1829,5848
48928,505,1915,5925
48928,527,1806,5911
48685,526,1867,6009
48685,499,1904,5849
48442,515,1918,5974
48442,539,1816,6006
48442,516,1888,5951
48442,512,2035,6066
48442,523,1861,5976
48442,502,1873,5847
48442,526,1939,6073
48442,501,1930,5887
48442,532,1901,6059
48442,520,1868,5951
48442,506,1965,5976
48442,520,1839,5919
48442,510,1914,5930
48442,517,1885,5954
48442,506,1828,5989
48442,519,1831,5758
48442,535,1878,6061
48442,514,1881,5923
48442,508,1882,5913
48442,518,1820,5894
48442,514,1979,6013
48442,518,1906,5958
48442,508,1907,5930
48442,518,1837,5909
48442,535,1881,6070
48442,514,1830,5874
48442,508,1845,5872
48442,519,1801,5879
48442,506,1904,5910
48442,517,1821,5889
48442,508,1903,5930
48442,516,1812,5882
48442,533,1852,6026
48442,514,1805,5865
48442,507,1848,5871
48442,519,1794,5881
48442,510,1936,5961
48442,516,1838,5897
48442,507,1875,5888
48442,519,1803,5896
48442,531,1885,6033
48442,522,1918,6004
48442,507,1895,5905
48442,519,1899,5973
48442,507,1886,5899
48442,520,1857,5941
39725,505,2267,12707
39725,511,1769,13433
28565,522,1894,13693
28565,526,1828,13656
24670,515,1779,13524
24670,512,1825,13485
22965,526,1946,13777
22965,504,2042,13566
22241,524,1938,13764
22241,529,1819,13699
21996,502,1935,13490
21996,526,1890,13729
21987,516,1826,13595
21987,506,1903,13499
21987,527,2034,13886
21987,513,1998,13573
21987,518,1861,13658
21987,525,1869,13692
21743,502,1960,13509
21743,528,1853,13700
21996,520,1862,13679
21996,504,1815,13395
21996,519,1980,13731
21996,509,1889,13498
