nvml:nvidia_geforce_gtx_970_0,rapl:ram,rapl:cores,rapl:pkg
17363,888,4666,18329
17363,503,2120,13724
17363,513,2021,13709
17363,511,1882,13572
17363,541,1939,13928
17363,522,1955,13632
17363,515,2069,13749
17363,514,1921,13632
17363,510,1863,13519
17363,515,1835,13564
17363,511,1984,13680
17363,509,1810,13469
17363,514,1897,13619
17363,536,1820,13829
17363,514,1889,13589
17363,509,1932,13606
17363,514,1904,13598
17363,511,1948,13632
17363,527,2084,13798
17363,510,1840,13502
17363,517,1904,13651
17363,512,1820,13783
17363,532,1864,13509
17363,509,1837,13499
17363,517,1899,13634
17363,511,1884,13565
17363,511,1889,13570
17363,511,1945,13620
17363,515,1767,13481
17363,539,1927,13914
17363,511,1791,13493
17363,509,1831,13489
17363,515,1881,13595
17363,511,1815,13498
17363,511,1800,13483
17363,512,1834,13527
17363,535,1889,13861
17363,512,1830,13515
17363,511,1852,13532
17363,506,1827,13451
17363,526,1996,13850
17363,509,2011,13626
17363,509,1769,13438
17363,513,1826,13539
17363,513,2000,13685
17363,529,1908,13826
17363,522,1794,13587
17363,508,1747,13390
17363,512,1779,13459
17363,503,1727,13327
17363,520,1796,13585
17363,514,1860,13556
17363,513,1891,13581
17363,537,1811,13811
17363,510,1840,13503
17363,512,1960,13649
17363,514,1894,13587
17363,511,1970,13651
17363,513,1956,13666
17363,507,1952,13594
17363,521,1867,13685
17363,532,1707,13620
17363,513,1805,13512
17363,509,1946,13601
17363,513,1953,13635
17363,513,1906,13609
17363,512,1927,13617
17363,510,1948,13626
17363,515,1936,13636
17363,519,1945,13670
17363,526,1985,13850
17363,519,1872,13645
17363,508,1833,13475
17363,515,1741,13472
17363,511,1983,13660
17363,527,1810,13715
17363,501,1958,13417
17363,539,1994,14009
17363,511,1903,13577
17363,510,1811,13466
17363,521,1899,13705
17363,504,1877,13448
17363,513,1980,13695
17363,511,1812,13503
17363,538,1932,13898
17363,513,1983,13671
17363,512,1837,13536
17363,513,2001,13694
17363,512,1891,13590
17363,510,1879,13556
17363,513,1984,13715
17363,527,1929,13816
17363,492,1735,13192
17363,538,1704,13713
17363,510,1619,13308
17363,515,1754,13484
17363,511,1729,13388
17363,508,1927,13598
17363,511,1926,13607
17363,513,1694,13384
17363,524,1865,13688
17363,526,1713,13559
17363,511,1845,13528
17363,513,1770,13485
17363,515,2060,13721
17363,511,1912,13611
17363,515,1772,13463
17363,513,1900,13602
17363,512,1780,13752
17363,539,1808,13506
17363,513,1669,13374
17363,511,1645,13350
17363,512,1914,13586
17363,509,1910,13598
17363,511,1809,13494
17363,513,1816,13530
17363,510,1922,13587
17363,537,1752,13756
17363,510,1890,13555
17363,516,1966,13694
17363,499,1870,13397
17363,523,1792,13601
17363,513,1896,13607
17363,511,1919,13617
17363,512,2013,13703
17363,534,1869,13832
17363,515,1853,13580
17363,511,1835,13536
17363,510,1963,13622
17363,512,1858,13547
17363,513,1883,13580
17363,511,1931,13623
17363,512,1891,13577
17363,537,1839,13836
17363,514,1957,13641
17363,511,1971,13655
17363,512,2011,13698
17363,515,1863,13591
17363,505,1946,13568
17363,514,1934,13645
17363,518,1901,13686
17363,522,1931,13727
17363,523,1995,13781
17363,511,1905,13591
17363,517,1983,13675
17363,509,2016,13678
17363,513,1945,13643
17363,514,2034,13758
17363,510,1930,13596
17363,542,2058,14046
17363,512,2027,13716
17363,511,1967,13649
17363,516,1956,13678
17363,499,1994,13546
17363,521,1950,13747
17363,509,1875,13529
17363,513,1952,13678
17363,511,1897,13895
17363,535,2018,13677
17363,514,1959,13640
17363,520,2006,13811
17363,505,1914,13495
17363,509,1980,13649
17363,511,1925,13619
17363,515,2014,13718
17363,538,2048,14034
17363,514,1993,13701
17363,511,1984,13659
17363,512,1963,13655
17363,504,1985,13592
17363,518,1994,13760
17363,511,1941,13640
17363,515,1956,13673
17363,506,1986,13942
17363,538,1953,13666
17363,507,1966,13586
17363,517,1785,13532
17363,509,1935,13616
17363,511,2000,13688
17363,506,1996,13901
17363,524,1923,13484
17363,507,1834,13436
17363,535,1841,13819
17363,501,1709,13270
17363,524,1999,13819
17363,509,1902,13571
17363,514,1967,13698
17363,508,1995,13631
17363,513,1894,13614
17363,532,1951,13859
17363,517,1962,13726
17363,510,2032,13691
17363,515,1942,13690
17363,512,1925,13607
17363,513,1870,13579
17363,507,1963,13623
17363,508,1844,13489
17363,519,1897,13676
17363,532,1933,13882
17363,502,1868,13386
17363,510,2003,13690
17363,529,2026,13890
17363,511,1843,13540
17363,509,1832,13494
17363,515,1981,13690
17363,514,2044,13724
17363,537,1926,13923
17363,517,2036,13750
17363,502,1837,13415
17363,521,1874,13660
17363,511,1909,13595
17363,511,1963,13636
17363,513,2004,13723
17363,527,1941,13824
17363,496,1850,13642
17363,533,1712,13365
17363,513,1851,13557
17363,510,2006,13677
17363,512,1918,13617
17363,512,1852,13523
17118,520,1809,13624
17118,505,1899,13496
17118,512,1940,13639
17118,536,2005,13989
17118,514,1835,13555
17118,511,1896,13584
17118,511,1940,13631
17118,512,1950,13634
17118,509,1873,13540
17118,531,1966,13875
17118,502,1872,13387
17118,533,1949,13889
17118,508,2000,13644
17118,515,2009,13750
17118,509,2007,13677
17118,511,1942,13627
17118,511,2009,13695
17118,513,1963,13676
17118,511,1956,13642
17363,525,1888,13795
17363,524,1993,13741
17363,513,1873,13576
17363,512,1991,13691
17363,511,2027,13703
17363,512,1857,13529
17363,512,2025,13711
17363,513,1944,13650
17363,535,1987,13940
17363,511,1974,13659
17363,512,1979,13673
17363,513,1950,13662
17363,507,1947,13570
17363,517,1966,13728
17363,509,2022,13695
17363,513,1977,13683
17363,512,1927,13625
17363,514,1976,13993
17363,530,1983,13620
17363,512,1966,13668
17363,509,1974,13655
17363,515,1909,13593
17363,513,2027,13742
17363,511,1940,13634
17363,516,2035,13729
17363,533,2020,13969
17363,513,1983,13700
17363,511,2025,13707
17363,513,1992,13681
17363,509,2020,13692
17363,516,1935,13674
17363,510,1986,13636
17363,514,2011,13725
17363,537,1982,13984
17363,509,1998,13671
17363,513,1962,13677
17363,509,1939,13607
17363,513,1952,13662
17363,509,1934,13593
17363,513,1971,13679
17363,522,1945,13756
17363,507,1986,13595
17363,533,1848,13809
17363,514,1998,13715
17363,511,1971,13622
17363,511,1964,13649
17363,509,2015,13666
17363,513,2004,13730
17363,510,2015,13676
17363,513,2012,13714
17363,535,2002,13992
17363,513,1997,13711
17363,513,1961,13635
17363,511,2031,13721
17363,511,1953,13646
17363,511,1955,13630
17363,512,2014,13685
17363,513,1989,13706
17363,535,1992,13972
17363,503,2001,13586
17363,509,1932,13582
17363,527,1997,13839
17363,510,1940,13614
17363,512,1943,13638
17363,513,1993,13673
17363,512,2003,13700
17363,536,1973,13955
17363,512,1976,13688
17363,512,1982,13667
17363,518,2036,13768
17363,512,2042,13709
17363,511,1947,13621
17363,514,2004,13688
17363,512,2022,13731
17363,511,1853,13533
17363,537,1986,13980
17363,511,2020,13676
17363,513,1997,13717
17363,509,1996,13670
17363,515,1983,13714
17363,513,2030,13734
17363,511,1973,13628
17363,511,2030,13708
17363,535,1953,13933
17363,518,2022,13723
17363,512,2039,13748
17363,512,2043,13732
17363,509,2038,13690
17363,514,2002,13716
17363,511,2029,13711
17363,511,1948,13641
17363,535,1938,13895
17363,515,1996,13717
17363,512,2019,13706
17363,505,1860,13476
17363,520,1974,13751
17363,515,1963,13694
17363,507,1954,13580
17363,511,2011,13712
17363,535,2030,14010
17363,498,2041,13560
17363,519,1976,13760
17363,522,2024,13828
17363,509,1841,13509
17363,506,1969,13576
17363,522,2013,13812
17363,509,1887,13560
17363,535,1951,13919
17363,515,2033,13738
17363,510,1996,13656
17363,514,2000,13716
17363,514,2052,13753
17363,510,1956,13633
17363,517,1880,13633
17363,507,2000,13625
17363,535,2005,13994
17363,514,1905,13621
17363,511,1972,13665
17363,513,1879,13596
17363,508,1935,13590
17363,519,2027,13798
17363,508,1951,13568
17363,527,1995,13893
17363,494,1994,13479
17363,538,1978,13953
17363,514,1951,13642
17363,512,2004,13697
17363,501,1872,13445
17363,526,1967,13805
17363,512,2005,13705
17363,503,1889,13511
17363,514,1797,13522
17363,537,1899,13883
17363,512,1986,13682
17363,514,1992,13706
17363,510,1870,13549
17363,511,1883,13554
17363,503,1876,13479
17363,519,1934,13706
17363,513,1892,13613
17363,522,1787,13583
17363,527,1859,13715
17363,511,1678,13360
17363,503,1786,13396
17363,519,1853,13602
17363,516,1773,13507
17363,513,1877,13579
17363,511,1920,13621
17363,513,2022,13693
17363,514,1975,13692
17363,535,2038,13995
17363,511,1919,13605
17363,514,1965,13662
17363,503,2028,13626
17363,521,1992,13787
17363,527,1726,13615
17363,496,1882,13365
17363,537,1863,13853
17363,511,1949,13636
17363,511,1844,13529
17363,544,4821,16030
17363,612,19570,32001
17363,593,21406,33068
17363,759,19333,30970
17363,781,17168,28856
17363,603,20388,32120
17363,666,20133,31927
17363,925,16604,28378
17363,874,14786,26266
17363,725,29364,41522
17363,620,50902,62596
17363,686,27053,38999
17363,774,18985,30678
17363,644,20027,31782
17363,653,19788,31521
17363,637,20041,31707
17363,1028,16995,28797
17363,632,15648,27285
17363,671,19467,31174
17363,627,19802,31533
17340,656,20101,31873
17340,646,20129,31611
17340,1244,11032,23438
17340,676,16250,28144
17340,616,20064,31759
17340,687,19628,31298
17340,639,19584,31256
17340,657,19743,31383
17340,585,20129,31857
17340,590,21549,32976
17340,586,21879,33746
17340,599,21904,33632
17340,1870,20485,32974
17340,748,12296,24565
23677,808,19332,28305
23677,955,20594,24803
38968,1053,19761,23895
38968,1057,19099,23342
45057,981,19104,23152
45057,982,18927,23090
47218,1012,19343,23550
47218,947,19824,24335
47923,887,19397,23215
47923,980,18377,22628
48441,1632,18125,22879
48441,1271,14358,18709
48685,1327,17269,21535
48685,891,19498,23795
48441,1225,14924,19005
48441,844,8964,13076
48434,611,18075,22048
48434,646,19334,23474
48410,590,20818,24716
48410,612,22076,26094
48403,680,24057,28681
48403,937,20993,25143
48410,942,19677,23839
48410,949,19615,23837
48410,982,19379,23586
48410,1171,20169,24299
48434,940,19556,23505
48434,960,19601,23715
48434,986,19027,23308
48434,720,19751,23818
50600,905,21122,25685
50600,929,20021,23667
49140,955,19902,24611
49140,1034,19528,23751
48922,931,19710,23533
48922,815,19493,23988
55186,971,20039,23849
55186,667,20046,24461
77542,641,19965,23993
77542,658,17343,21470
99314,631,17815,21549
99314,658,17207,21631
116999,647,17360,21104
116999,689,14716,19434
133377,644,13556,17568
133377,630,13915,17705
139022,678,13854,18172
139022,659,11247,15333
140920,673,7742,11759
140920,646,7644,12002
140773,692,5957,10008
140773,642,4548,8437
138126,681,4228,8495
138126,654,4086,8036
136117,686,4176,8401
136117,675,4147,8250
135153,644,4112,8127
135153,660,4441,8502
136051,656,5017,9039
136051,669,4951,9043
138434,695,4919,9086
138434,672,4865,9015
138193,650,4636,8660
138193,659,3826,7849
135088,684,3843,8039
135088,653,3764,7808
132704,674,3845,7935
132704,649,3784,7732
133009,684,3846,8028
133009,658,3754,7825
131804,670,3852,7909
131804,679,3867,7894
132222,679,3885,7966
132222,670,3767,7892
131982,668,3822,7861
131982,671,3809,7895
132223,668,3855,7923
132223,684,3777,7977
132286,649,3800,7750
132286,669,3834,7915
133009,689,3779,8018
133009,661,3803,7857
133402,663,3829,7946
133402,681,3827,7850
132921,668,3768,7797
132921,677,3746,7837
133884,646,3722,7762
133884,679,3773,7898
133403,680,3745,7932
133403,639,3748,7835
133884,679,3771,7767
133884,668,3769,7866
132985,672,3727,7840
132985,671,3795,7838
134148,653,4308,8314
134148,673,4503,8526
135329,676,4433,8592
135329,669,4452,8565
136533,676,4360,8535
136533,639,4000,7912
135088,673,4023,8144
135088,667,4021,8056
135786,653,4047,8325
135786,691,3914,7973
134847,659,4017,8059
134847,679,4028,8126
134606,657,4006,8052
134606,693,4044,8182
134671,661,4052,8067
134671,659,3983,8071
135329,650,4389,8406
135329,688,5820,10026
138434,629,4896,8823
138434,664,4185,8276
137015,689,4257,8523
137015,629,4988,8843
138193,667,5177,9285
138193,671,4616,8815
139330,665,4308,8352
139330,673,4344,8398
137737,669,4468,8553
137737,672,4439,8548
140119,590,4533,8686
140119,929,16113,20078
103472,897,18583,22815
103472,625,19061,23203
86921,694,19850,23835
86921,730,16280,20515
105597,717,5503,9723
105597,678,3524,7456
103007,711,3599,7778
103007,724,3580,7668
101139,680,3457,7473
101139,714,3558,7775
104215,645,4059,7952
104215,666,4005,8126
117985,657,4025,8249
117985,684,3976,7906
128252,680,3972,8135
128252,681,4028,8121
133707,657,3873,7923
133707,659,3961,8066
134430,664,3993,8037
134430,693,4070,8157
134366,660,4008,8034
134366,682,4053,8214
136507,646,4604,8567
136507,663,4571,8654
138848,662,5715,9847
138848,679,5796,9947
139811,649,4954,8990
139811,680,3912,8066
136292,680,3757,7905
136292,640,5393,9356
139571,658,6736,10776
139571,682,6853,10964
141710,658,6812,10885
141710,664,6790,10844
143153,678,6839,11096
143153,651,6440,10514
141710,654,5861,9892
141710,654,5660,9756
141882,653,5757,9777
141882,667,5765,9871
141710,653,4963,9011
141710,690,3684,7934
137055,672,3754,7841
137055,684,3935,7959
134822,660,3765,7865
134822,681,3791,7904
133884,656,3841,7872
133884,682,3831,7948
135329,663,3767,7787
135329,656,3709,7762
134125,674,3816,7904
134125,675,3744,7855
133643,665,3779,7856
133643,658,3734,7761
133491,687,3777,7986
133491,700,3819,7921
133948,664,3798,7814
133948,671,3740,7884
133034,657,3817,7806
133034,675,3732,7845
133908,665,3757,7775
133908,676,3689,7861
132944,657,3814,7782
132944,669,3741,8004
133426,686,3745,7745
133426,669,3709,7853
132704,667,3753,7795
132704,684,3759,7779
133426,682,3745,7846
133426,673,3476,7609
131323,679,3311,7373
131323,674,3279,7374
130181,666,3265,7357
130181,666,3296,7279
128213,680,3373,7545
128213,658,4071,8057
133466,667,3965,8061
133466,671,5555,9694
138193,657,5760,9798
138193,669,5895,9938
141015,665,5845,9933
141015,678,5212,9378
140052,656,4869,8903
140052,680,4946,9128
139878,677,4347,8454
139878,666,4185,8254
138915,663,4198,8280
138915,679,4178,8295
138434,650,4239,8281
138434,671,4250,8352
138433,655,4327,8355
138433,682,4399,8480
138193,662,4408,8457
138193,665,4288,8397
138193,685,4279,8457
138193,647,4312,8258
137953,673,4282,8447
137953,716,5885,9954
122510,715,9764,13797
122510,713,5436,9588
116373,684,4125,8121
116373,715,4144,8264
112343,720,4085,8320
112343,675,4134,8070
110652,684,4073,8249
110652,702,4212,8316
123511,671,4071,8143
123511,652,3973,8044
130576,657,3977,8005
130576,675,3987,8079
133643,679,4000,8163
133643,662,4125,8183
138674,657,12060,16061
138674,670,14780,19008
144020,625,12127,16026
144020,664,10391,14382
145633,658,12719,16898
145633,647,13694,17729
146354,648,13443,17452
146354,644,13702,17854
146114,657,13470,17487
146114,682,11589,16049
147218,638,11679,15697
147218,641,14547,18244
147528,673,14224,18681
147528,630,14360,18055
147768,682,14484,18965
147768,655,16098,20198
147458,619,13751,17634
147458,674,5347,9557
141161,661,3763,7790
141161,680,3658,7783
137164,677,3930,8103
137164,653,4171,8174
137645,678,4247,8443
137645,641,4237,8167
138367,685,4239,8465
138367,663,4268,8365
138434,647,4184,8166
138434,688,3795,7977
136467,642,3809,7761
136467,677,3739,7907
135569,674,3919,8044
135569,657,5185,9170
136598,669,3641,7770
136598,645,4513,8481
139571,676,9891,14079
139571,648,8519,12440
143421,655,8272,12382
143421,667,8593,12688
144287,653,7322,11349
144287,650,7260,11280
144528,669,7155,11305
144528,682,7188,11572
144500,637,7017,10967
144500,665,5698,9856
140266,671,4096,8182
140266,664,4003,8037
138193,662,3968,8046
138193,661,3971,8027
137014,676,3994,8139
137014,652,3921,7927
138126,686,3994,8216
138126,662,3963,8044
138647,665,4050,8113
138647,649,4069,8002
142671,656,6946,11027
142671,676,7363,11543
146636,644,7212,11223
146636,688,6167,10422
146395,621,6125,9968
146395,664,6077,10160
146903,682,6255,10525
146903,658,6078,10182
147384,638,6091,10114
147384,677,6275,10394
146663,651,6997,11035
146663,643,6701,10658
147144,690,5354,9670
147144,641,5469,9355
146183,668,5496,9691
146183,672,5471,9635
143875,648,5421,9476
143875,647,6729,10663
143806,688,6935,11224
143806,659,6760,10824
131259,729,13261,17219
131259,728,12073,16281
120880,695,3821,7911
120880,702,3486,7640
109685,676,3468,7493
109685,688,3476,7499
105164,694,3458,7521
105164,711,3547,7683
104197,665,3464,7564
104197,676,3374,7415
116374,679,3325,7432
116374,679,3323,7463
123693,660,3249,7304
123693,675,3315,7326
127226,659,3277,7352
127226,673,3273,7359
128913,674,3326,7382
128913,675,3307,7419
132021,663,3940,7936
132021,662,3998,8098
136025,677,4018,8195
136025,652,4020,7960
135063,671,3661,7813
135063,669,3559,7670
133442,662,3550,7561
133442,663,3479,7551
133226,688,3555,7755
133226,638,3474,7577
132744,690,3514,7551
132744,646,3461,7433
132503,686,3419,7596
132503,639,3492,7439
137230,694,4933,9194
137230,634,4886,8781
139811,660,4767,8885
139811,675,5001,9184
140773,649,4929,8996
140773,661,4908,9013
141469,657,4994,9017
141469,663,4827,8932
141710,661,4922,8961
141710,660,4811,8866
142672,646,4888,8898
142672,691,4763,9026
141228,648,4211,8226
141228,671,4273,8414
140533,658,4236,8272
140533,665,4238,8346
139811,667,4222,8344
139811,657,4130,8155
137190,668,3769,7867
137190,653,3799,7809
135810,686,3690,7942
135810,664,3701,7670
135569,675,3741,7871
135569,656,3734,7769
134911,674,3663,7771
134911,670,3763,7798
135354,687,3790,7986
135354,638,3716,7797
136052,690,3793,7843
136052,656,3830,7755
136839,683,3803,7994
136839,668,3805,7871
136051,649,3729,7782
136051,676,3793,7884
135810,663,3834,7924
135810,657,3753,7728
136749,662,3724,7861
136749,673,3834,7905
136051,687,3790,8004
136051,654,3738,7714
136533,657,3679,7794
136533,689,3776,7899
136267,650,3723,7744
136267,683,3878,8021
137711,663,4255,8325
137711,657,4274,8287
137471,671,3531,7621
137471,675,3322,7406
134189,685,3412,7606
133225,641,3290,7241
133225,672,4552,8785
133225,673,6820,10803
140507,670,4527,8704
140507,630,4550,8451
140532,688,4589,8821
140532,666,4480,8598
141469,654,4499,8521
141469,657,4431,8531
140333,669,4474,8585
140333,666,4554,8588
142191,642,4546,8549
142191,674,4547,8693
141469,656,4603,8614
141469,675,4619,8752
132503,686,4620,8826
132503,720,8355,12230
122065,711,5186,9405
116373,699,3852,7946
116373,714,3785,7928
110893,678,3781,7788
110893,715,3768,7909
109444,667,3774,7732
109444,697,3787,7989
110411,677,3825,7859
110411,669,3592,7693
123935,659,3663,7696
123935,679,3618,7784
130358,657,3697,7651
130358,679,3594,7734
134189,676,3681,7813
134189,684,3606,7737
133707,658,3613,7668
133707,665,3695,7805
138151,638,6148,10071
138151,689,6418,10701
143084,640,6467,10382
143084,675,6225,10438
144287,630,6230,10165
144287,684,6351,10531
144287,653,6355,10393
144287,653,6485,10597
145222,648,6427,10423
145222,677,5345,9577
144768,662,5502,9630
144768,673,5357,9490
143325,643,5415,9359
143325,663,5389,9525
143085,647,4335,8378
143085,683,4006,8197
139156,657,3997,8011
139156,685,4036,8171
139156,659,3974,8019
139156,677,4010,8115
138915,668,4087,8205
138915,668,4071,8202
138915,658,4139,8192
138915,668,4117,8202
138700,648,4104,8098
138700,680,4096,8241
138675,658,4075,8119
138675,666,4060,8103
138941,658,4013,8062
138941,661,8303,12305
145463,654,16932,20809
145463,658,17026,21291
146878,639,16344,20478
146878,662,8830,13068
147386,652,7497,11514
147386,659,7665,11834
146665,642,6970,10991
146665,680,6522,10745
145944,672,6439,10566
145944,652,6352,10454
143565,647,5176,9210
143565,663,4523,8609
143875,669,4634,8710
143875,653,3627,7677
138193,673,3671,7780
138193,668,3623,7663
135328,662,3689,7771
135328,670,3681,7730
135659,679,3647,7795
135659,660,3608,7619
134911,663,3582,7654
134911,668,3579,7671
133948,679,3564,7729
133948,686,3678,7788
136813,652,4682,8688
136813,645,7448,11455
143153,645,7807,11893
143153,669,9939,14043
146878,653,10258,14322
146878,649,7136,11167
146835,686,7054,11366
146835,657,7053,11143
146834,652,7161,11225
146834,651,6999,11090
147288,641,7187,11214
147288,660,6950,11050
146834,636,7200,11179
146834,673,7251,11453
146665,638,7193,11158
146665,666,7120,11253
146424,652,7262,11289
146424,664,7133,11176
136026,674,7269,11352
136026,758,9146,13261
123693,715,4434,8742
123693,683,3369,7387
110652,700,3412,7544
110652,690,3388,7481
106373,670,3373,7495
106373,723,3437,7516
104024,669,3432,7379
104024,656,3317,7371
105598,685,3322,7430
105598,690,3222,7415
120639,663,3276,7306
120639,683,3225,7364
127069,644,3215,7155
127069,692,3146,7341
128251,660,3252,7257
128251,663,3173,7225
128975,673,3282,7325
128975,698,3317,7552
132985,659,3957,8006
132985,671,3867,7981
136116,656,3892,7912
136116,676,3942,8007
137978,646,3981,7974
137978,670,3957,8103
136292,662,4025,8066
136292,682,3981,8174
138915,646,4615,8544
138915,663,4624,8697
141536,674,4522,8779
141536,671,4581,8697
141562,659,4595,8642
141562,667,4509,8611
142044,653,4485,8478
142044,653,4463,8656
141255,688,4694,8559
141255,662,5840,9912
143393,693,5739,10066
143393,662,5736,9819
145051,655,5914,9934
145051,646,5573,9616
143875,655,4848,8853
143875,658,4883,8968
144116,697,4921,9205
144116,634,4715,8632
143394,653,4960,8979
143394,671,6002,10162
144527,648,6105,10084
144527,663,6000,10196
144741,664,6198,10404
144741,678,6153,10290
144527,634,5569,9512
144527,669,5093,9230
143806,637,5089,9111
143806,660,5074,9076
143565,666,5056,9173
143565,670,5065,9183
144287,666,4972,9166
144287,638,5091,8964
143085,681,4992,9254
143085,681,5092,9282
143325,640,5130,9135
143325,655,5155,9248
142432,678,4505,8634
142432,664,4432,8485
142431,652,4354,8382
142431,671,4392,8536
141470,655,4341,8363
141470,649,5305,9309
143153,679,5380,9585
143153,644,5439,9419
143084,670,5308,9469
143084,668,5372,9508
143325,654,5111,9115
143325,669,4460,8581
142672,652,4541,8526
142672,689,4277,8507
140840,650,4123,8110
140840,681,4720,8878
143153,643,6199,10152
143153,669,5963,10200
143325,653,6192,10205
143325,652,6050,10115
144528,660,6121,10204
144528,685,5341,9616
144527,641,5091,9119
144527,673,5158,9270
143806,643,5047,9054
143806,667,5185,9295
144261,643,5090,9142
144261,680,4502,8705
142191,662,4453,8489
142191,713,6823,10524
129130,726,12695,17070
129130,717,4748,8961
115166,679,3468,7481
115166,685,3367,7411
108530,708,3428,7612
108530,683,3452,7450
104973,690,3442,7519
104973,676,3384,7444
100395,682,3471,7687
100395,663,3288,7326
119489,673,3337,7386
119489,657,3274,7277
125140,672,3311,7437
125140,683,4550,8653
135785,646,4602,8614
135785,667,4559,8698
140118,659,4671,8674
140118,668,4544,8670
141014,681,4552,8776
141014,634,4563,8444
141014,686,4541,8818
141014,664,4521,8585
142431,654,4671,8682
142431,664,4445,8617
141495,654,4474,8484
141495,674,4441,8555
141736,644,4546,8503
141736,691,4517,8792
141322,646,4467,8450
141322,675,4055,8176
139878,653,4077,8124
139878,672,3751,7872
137230,650,3634,7630
137230,701,3577,7802
135152,664,3557,7619
135152,674,3247,7323
133226,653,3324,7327
133226,681,3362,7455
131082,661,3365,7396
131082,685,3308,7505
130359,675,3294,7367
130359,681,3280,7378
131804,664,3309,7340
131804,673,3807,7906
134848,648,3873,7899
134848,670,3868,7971
136533,679,3927,8065
136533,642,3919,7885
138126,680,3924,8129
138126,648,3924,7857
137229,672,3913,8088
137229,659,3886,7912
137952,681,3928,8059
137952,659,3801,7913
138367,648,3860,7860
138367,682,3894,8039
137736,645,3876,7863
137736,680,3906,8057
137471,684,3949,8121
137471,634,3823,7752
138367,675,3961,8136
138367,680,3836,7962
137405,660,3894,7917
137405,670,3982,8105
137885,656,3970,7977
137885,679,3944,8097
140507,634,6342,10269
140507,650,7207,11213
143566,682,6274,10599
143566,640,6017,9878
145462,674,6069,10275
145462,671,4929,9118
141469,653,3877,7864
141469,685,6781,10998
145462,636,7197,11197
145462,650,5618,9631
144047,684,5146,9377
144047,653,5075,9124
144287,665,5109,9160
144287,666,5081,9216
143325,653,5137,9166
143325,654,5031,9111
144047,662,5171,9221
144047,683,4887,9110
142699,643,4356,8282
142699,671,4229,8315
142191,674,4339,8527
142191,661,4346,8377
142191,666,4351,8505
142191,645,4304,8306
141951,690,4355,8572
141951,659,4475,8505
141255,663,4556,8690
141255,640,4451,8354
123716,705,4840,8921
123716,709,8285,12328
123452,717,6988,11212
123452,702,3644,7765
112585,686,3638,7675
112585,693,3586,7678
109013,706,3557,7736
109013,701,3610,7718
105889,653,3564,7560
105889,707,3515,7674
118766,656,3407,7406
118766,681,3355,7474
127551,659,3432,7461
127551,684,3594,7767
133948,662,4092,8147
133948,670,4082,8171
136989,656,4098,8123
136989,674,4087,8197
138192,644,4076,8085
138192,672,3914,8046
137711,672,3625,7703
137711,678,3647,7801
135328,663,3579,7628
135328,654,3589,7585
135393,685,3657,7808
135393,656,3590,7558
137711,690,4148,8391
137711,666,4188,8267
139156,654,4135,8190
139156,673,4195,8295
140118,655,4037,8081
140118,674,3329,7473
134911,671,3321,7381
134911,683,3228,7326
133554,656,3281,7290
133554,660,3209,7250
130358,663,3195,7263
130358,675,3225,7315
130574,669,3277,7304
130574,692,3191,7415
132325,663,3272,7298
132325,683,3231,7380
130116,646,3201,7170
130116,680,3267,7343
131056,802,4023,8064
131056,687,4557,8730
138193,642,4515,8481
138193,665,4514,8645
140506,675,4617,8841
140506,633,4479,8371
142191,684,4587,8793
142191,683,4478,8651
142191,638,4467,8465
142191,657,4437,8468
141709,784,5002,9228
141709,655,4538,8532
143608,649,4601,8588
143608,690,5656,9948
144020,642,5670,9710
144020,668,5663,9790
144570,633,5768,9671
144570,680,5704,9949
144527,651,5717,9726
144527,653,5731,9830
145222,659,5694,9754
145222,690,5567,9813
144768,634,4887,8889
144768,656,4794,8882
143394,671,4864,8985
143394,664,4577,8656
142431,660,4168,8242
142431,671,4163,8301
141255,652,4182,8186
141255,668,4276,8397
140774,644,4252,8264
140774,669,4232,8350
140600,645,4198,8203
140600,695,4169,8420
140292,630,4224,8308
140292,671,4232,8135
140600,686,4237,8478
140600,636,4163,8074
140773,684,4168,8412
140773,661,4209,8274
140359,651,4187,8206
140359,678,4189,8345
140533,652,4217,8231
140533,666,4224,8316
140842,674,4172,8346
140842,647,4186,8153
140292,671,4116,8251
140292,672,4167,8291
140841,668,4243,8355
140841,636,4296,8210
140600,679,4225,8415
140600,661,3911,7942
122328,751,7988,11960
122328,707,7627,11708
118546,709,4560,8804
118546,702,3702,7796
110725,687,3660,7695
110725,695,3663,7736
108066,692,3729,7789
108066,669,3554,7639
109014,699,3642,7808
109014,684,3392,7512
123534,666,3422,7468
123534,666,3380,7424
129457,669,3381,7451
129457,667,3361,7404
132262,676,3447,7546
132262,660,3375,7391
132807,670,3413,7472
132807,669,3397,7487
133948,676,3719,7854
133948,664,4104,8199
137015,685,4031,8205
137015,646,3773,7711
134607,689,3283,7483
134607,672,3284,7344
132527,670,3267,7347
132527,653,3572,7523
134670,675,3928,8053
134670,665,3941,7995
137014,686,3930,8129
137014,645,3889,8001
138432,659,4057,7881
138432,662,8038,12120
144528,671,7964,12165
144528,642,6488,10568
144287,654,5512,9519
144287,651,5527,9623
143565,679,4677,8885
143565,663,4495,8604
142672,647,4524,8514
142672,670,4513,8631
140119,659,3739,7797
140119,664,3615,7723
136051,675,3600,7709
136051,675,3666,7720
135329,674,3663,7858
135329,651,3679,7615
135088,688,3696,7916
135088,660,3614,7665
134847,665,3629,7683
134847,661,3609,7675
134188,687,3688,7732
134188,672,3632,7728
135544,662,3608,7713
135544,665,3694,7720
137471,669,5133,9217
137471,669,6598,10724
142913,658,6606,10649
142913,656,5901,10141
141951,688,4306,8348
141951,681,4176,8282
140600,648,4126,8057
140600,685,4159,8331
140600,658,4187,8214
140600,674,4162,8281
139396,662,4184,8228
139396,671,4198,8274
139904,668,4140,8219
139904,698,4164,8383
139396,661,4161,8205
139396,689,4213,8344
139878,652,4183,8177
139878,689,4171,8308
140359,659,4207,8250
140359,661,4179,8237
141014,680,5566,9706
141014,666,6075,10159
145051,650,6253,10300
145051,666,6160,10220
144768,661,6280,10322
144768,662,6241,10303
145559,657,6187,10258
145559,676,5170,9327
141950,668,4096,8191
141950,691,3907,8102
140119,645,4010,7953
140119,680,4076,8208
139397,688,3971,8173
139397,667,3964,7982
140119,656,4008,8051
140119,675,3929,8038
138433,677,4050,8145
138433,676,3992,8073
140533,673,5498,9582
140533,670,5818,9990
129698,689,6085,10101
129698,730,7328,11183
124017,737,5672,9970
124017,685,3804,7992
112584,707,3619,7586
112584,697,3658,7707
109033,719,3648,7871
109033,677,3605,7524
106373,682,3605,7698
106373,685,3598,7667
118041,703,3495,7739
118041,648,4089,8062
130116,664,4173,8217
130116,682,4176,8273
135811,665,4229,8267
135811,673,4153,8242
138192,689,4222,8428
138192,678,4183,8278
138848,653,4206,8227
138848,686,4152,8313
139330,662,4138,8159
139330,675,4215,8327
139570,664,4234,8261
139570,664,4230,8449
139811,673,4214,8147
139811,695,4196,8425
139879,665,4152,8209
139879,688,4246,8363
139879,651,4140,8146
139879,688,4197,8338
140840,659,4248,8266
140840,652,4187,8180
141055,684,4221,8358
141055,664,4125,8234
140747,658,4252,8222
140747,669,4124,8244
140773,691,4157,8403
140773,674,4240,8343
140119,661,4212,8229
140119,684,4134,8246
139396,667,4184,8238
139396,683,4175,8295
139330,659,4210,8236
139330,667,4213,8289
139637,686,4197,8386
139637,660,4225,8271
138849,656,4233,8196
138849,694,4232,8440
139329,671,4235,8317
139329,682,4226,8331
139810,654,4233,8250
139810,690,4259,8422
140118,654,4134,8135
140118,680,4251,8360
140841,661,4231,8273
140841,693,4232,8407
139638,673,4230,8322
139638,679,4174,8268
139879,661,4179,8212
139879,637,4104,8041
140600,694,4141,8340
140600,653,4027,8117
140292,668,4218,8287
140292,677,4186,8272
139878,657,4199,8204
139878,683,4215,8349
138940,664,4199,8223
138940,671,4201,8292
139396,687,4192,8422
139396,647,4182,8119
139597,691,4196,8407
139597,650,4259,8186
138941,680,4078,8245
138941,679,4173,8258
139636,667,4197,8253
139636,662,4131,8164
140600,674,4139,8231
140600,658,4106,8188
140840,661,4231,8248
140840,697,4030,8347
141469,630,4855,8708
141469,689,9110,13369
145943,652,8164,12223
145943,671,8093,12206
147556,638,8348,12215
147556,674,7927,12194
147386,650,6316,10375
147386,672,4879,8927
144527,667,4856,8975
144527,668,4891,8947
144357,666,4921,9205
144357,664,4973,8838
143875,704,4961,9209
143875,675,4881,8964
128493,756,9793,13950
128493,715,12414,16138
125382,726,6275,10669
125382,736,4692,8847
120156,703,4557,8646
120156,688,4620,8517
116835,679,4249,8350
116835,713,4125,8365
125140,657,3990,7948
125140,702,4026,8252
133707,656,4040,8045
133707,674,3959,8093
137295,663,3905,7960
137295,658,3964,7985
138915,682,3967,8142
138915,640,3853,7796
138915,663,4275,8329
138915,672,4545,8741
142431,686,4669,8850
142431,656,4520,8584
142432,649,4542,8569
142432,665,4540,8652
141496,661,4390,8502
141496,663,4108,8144
140360,659,4118,8161
140360,678,4078,8266
140292,647,4129,8127
140292,669,4082,8221
140600,656,4130,8158
140600,672,4070,8197
140533,664,4075,8151
140533,675,3987,8127
140051,642,4109,8027
140051,691,4064,8331
140292,660,4107,8167
140292,659,4046,8083
140292,664,4049,8128
140292,678,4092,8209
139638,654,4044,8074
139638,673,4174,8258
140119,659,4055,8129
140119,662,4696,8752
142432,681,4847,9052
142432,653,4453,8446
141495,655,4132,8137
141495,672,4211,8305
140292,665,4081,8217
140292,662,4273,8482
140052,683,4249,8294
140052,663,3507,7523
135810,677,3295,7462
135810,676,3320,7357
132768,680,3307,7425
132768,644,3233,7173
132527,692,3300,7493
132286,658,3289,7336
132286,690,3299,7401
131120,660,3185,7235
131120,672,3215,7259
131120,660,3220,7265
130598,686,3243,7400
130598,673,3340,7445
137927,630,11492,15177
137927,653,16737,20977
145222,668,9816,14072
145222,646,7129,11177
146905,638,6806,10823
146905,665,6769,10902
145943,674,6828,11084
145943,662,6777,10816
146183,659,6858,10981
146183,625,6697,10509
146424,681,6787,11077
146424,640,6799,10794
146665,662,6778,10904
146665,682,6036,10240
145703,642,4979,8998
145703,668,4973,9045
144768,642,5457,9462
144768,668,5283,9397
142363,657,4366,8447
141014,668,4035,8110
141014,678,4023,8174
141014,650,4590,8556
141908,675,4579,8835
142603,654,4711,8704
142603,668,4536,8709
142122,652,4610,8644
142122,669,4541,8627
141950,652,4573,8605
141950,673,4690,8832
138218,668,4667,8749
138218,770,12202,16307
127467,708,9579,13669
127467,702,4186,8242
114925,695,3499,7668
114925,694,3502,7596
107341,689,3510,7579
107341,696,3725,7811
111135,675,4652,8682
111135,687,4789,8869
127708,658,4850,8923
127708,683,5882,10128
138341,640,7104,11075
138341,637,7307,11227
143634,669,7060,11313
143634,652,6182,10188
144501,685,5207,9433
144501,654,4913,8982
143394,648,4391,8385
143394,668,4465,8553
142286,660,4472,8541
142286,664,4358,8427
142431,673,4382,8607
142431,670,4459,8596
143153,658,4533,8536
143153,659,4416,8502
141977,660,4456,8521
141977,665,4489,8569
143153,645,5237,9190
143153,666,5523,9624
144837,682,5611,9873
144837,656,4698,8749
142018,659,4118,8183
142018,659,4736,8758
142698,651,4799,8818
142698,672,4078,8230
137496,675,3229,7396
137496,685,3300,7401
132768,648,3188,7210
132768,662,3243,7247
132108,688,3353,7479
132108,670,3289,7383
132262,675,3271,7427
132262,659,3273,7229
130840,688,3281,7452
130840,673,3263,7361
130600,666,3322,7342
130600,675,3243,7328
131804,656,3313,7311
131804,678,4099,8214
138127,645,4653,8675
138127,656,4636,8711
140773,688,4569,8804
140773,658,4205,8206
140334,654,3841,7851
140334,687,5151,9358
142432,658,5159,9268
142432,666,4870,8956
138433,646,3532,7504
138433,689,3413,7633
137230,654,4061,8062
137230,666,4068,8188
139396,649,4111,8117
139396,669,4095,8204
139570,674,4029,8164
139570,653,4129,8119
139785,656,4156,8212
139785,669,4110,8224
139811,687,4178,8371
139811,665,4107,8139
140025,654,4128,8167
140025,658,4046,8135
140774,662,4149,8178
140774,656,4079,8148
140747,657,4117,8199
140747,666,4150,8241
140266,673,4059,8232
140266,660,4142,8105
139089,684,4145,8380
139089,672,4148,8233
139330,647,4106,8109
139330,673,4102,8244
140051,643,4487,8440
140051,672,4944,9096
140988,658,4432,8521
140988,674,4270,8386
140052,651,4221,8238
140052,675,4194,8321
140026,651,4259,8268
140026,668,4261,8377
140051,681,4270,8499
140051,670,4242,8327
140292,653,4293,8327
140292,649,4165,8229
136533,652,4228,8332
136533,754,13411,17240
126805,730,8887,13249
126805,688,3464,7520
112564,661,3397,7395
112564,716,3540,7710
106373,675,3471,7466
106373,700,3501,7643
105165,696,3488,7560
105165,648,3364,7538
93019,808,3996,8045
93019,1087,15508,19655
93200,684,18984,22891
93200,739,20118,24338
95074,721,13336,17529
95074,730,7976,12067
92913,695,7723,11737
92913,707,7860,11967
92232,693,7757,11784
92232,715,7964,12059
90795,726,7741,12016
90795,717,7818,11930
91566,701,7817,11901
91566,716,7859,11945
92276,691,7741,11769
92276,723,7852,11937
87991,955,7179,11417
87991,1283,7707,11804
75291,1573,7415,11635
75291,1271,5928,10119
70238,1401,5869,10193
70238,1356,6381,10485
68537,1173,8517,12690
68537,1128,12350,16639
67775,1080,15859,19938
67775,1145,17462,21802
67520,868,17574,21460
70354,551,15349,19458
70354,876,6609,11537
70354,487,2298,6272
69914,505,1847,5877
69914,516,1926,5981
69220,534,1976,6139
69220,520,1967,6052
69220,506,1738,5758
69220,516,1963,6023
68977,510,1778,5801
68977,517,1832,5896
68977,507,1786,5815
68977,518,1878,5937
68977,538,1823,6003
68977,517,1877,5942
68977,508,1964,5990
68977,518,1689,5761
68977,511,1835,5866
68977,516,1740,5801
68977,505,1631,5646
68977,518,1707,5782
68977,533,1806,5967
68977,517,1692,5764
68977,507,1795,5824
68977,515,1758,5813
68977,510,1854,5881
68977,517,1689,5760
68977,506,1761,5779
68977,515,1600,5666
68734,536,1815,5985
68734,519,1763,5824
68734,507,1810,5837
68734,518,1682,5761
68734,506,1787,5796
68734,521,1773,5864
68734,505,2744,6696
68734,518,1821,5933
68734,535,1893,6059
68734,517,1950,6014
68734,506,1706,5722
68734,517,1781,5858
68734,510,1863,5895
68734,517,1937,5995
68734,507,1755,5775
68734,518,1725,5800
68734,532,1781,5949
68734,518,1816,5878
68492,505,1697,5727
68492,517,1748,5819
68503,509,1852,5875
68503,519,1792,5865
68503,505,1727,5741
68503,522,2074,6144
68503,534,1895,6054
68503,517,1761,5836
68503,509,1744,5772
68503,523,2019,6075
56917,512,1804,5836
56917,516,1647,5711
51843,505,1900,5915
51843,517,1809,5877
49685,531,1928,6072
49685,520,1774,5860
48954,503,1830,5841
48954,519,1883,5959
48710,508,1880,5907
48710,519,1885,5961
48710,506,1833,5846
48710,519,1870,5952
48710,532,1780,5938
48710,519,1886,5962
48710,507,1773,5793
48710,517,1698,5763
48710,510,1880,5898
48710,515,1811,5876
48467,511,1887,5916
48467,516,1822,5876
48710,532,1869,6047
48710,518,1915,5975
48467,507,1776,5804
48467,517,1711,5786
48467,509,1866,5886
48467,518,1826,5894
48467,504,1809,5823
48467,517,1768,5838
48467,533,1809,5982
48467,517,1785,5855
48467,505,1718,5737
48467,521,1682,5754
48231,511,1769,5798
48231,517,1730,5784
48467,506,1717,5743
48467,518,1633,5691
48224,532,1812,5972
48224,519,1647,5715
48224,505,1910,5931
48224,518,1861,5928
48467,509,1885,5898
48467,521,1878,5961
48467,504,1731,5740
48467,518,1913,5979
48224,532,1789,5938
48224,517,1810,5885
48224,508,1775,5803
48224,517,1811,5876
48224,507,1916,5934
48224,518,1798,5870
48224,507,1883,5915
48224,516,1933,5982
43625,499,2693,9959
43625,532,1876,13791
30031,516,1854,13639
30031,510,1808,13460
24920,524,1847,13666
24920,497,1780,13281
22974,518,1879,13690
22974,523,1993,13790
22240,508,1982,13608
22240,527,1888,13732
21996,498,1708,13262
21996,525,1753,13593
21752,528,1809,13648
21752,500,1700,13224
21752,514,1748,13503
21752,536,1951,13902
21507,497,1928,13420
21507,531,1877,13768
21507,519,1896,13702
21507,504,1919,13493
21507,521,1864,13638
21507,506,1894,13484
21507,520,1724,13520
21507,528,1756,13622
21752,502,2017,13557
21752,529,1782,13653
21752,519,1732,13537
21752,506,1934,13503
21507,524,1733,13566
21507,503,1905,13424
21766,521,1777,13620
21766,528,1768,13616
21513,504,1851,13378
21513,523,1829,13638
21507,503,1687,13298
21507,527,1829,13690
21752,526,1712,13572
21752,497,1706,13210
21752,518,1774,13569
21752,529,1805,13690
21752,493,1844,13300
21752,536,1872,13803
21752,518,1730,13535
21752,504,1748,13322
21507,524,1921,13742
21507,502,1823,13366
21507,519,1867,13682
21507,529,1803,13658
21507,500,1928,13449
21507,528,2000,13800
21752,523,2052,13883
21752,504,1830,13400
21752,527,1772,13660
21752,509,1952,13531
21752,509,1719,13342
21752,538,1732,13754
21752,514,1939,13624
21752,511,1682,13360
21752,514,1648,13364
21752,504,1840,13450
21752,523,1877,13656
21752,509,1696,13336
21752,535,1657,13642
21752,506,1904,13532
21752,526,1903,13692
21752,512,1956,13629
21752,511,1602,13290
21752,516,1919,13630
21752,506,1811,13683
21752,521,1697,13198
21752,508,1608,13551
21752,539,1757,13473
17852,496,1853,13364
17852,529,1747,13613
17852,510,1818,13492
17852,515,1837,13557
17852,512,1849,13530
17852,512,1760,13437
17852,534,1723,13690
17852,514,1690,13411
17852,516,1752,13413
17852,502,1688,13258
17852,527,1812,13675
17852,505,1618,13241
17852,516,1727,13458
17852,517,1648,13395
17852,505,1754,13667
17852,536,1687,13372
17852,518,1987,13708
17852,509,1672,13321
17852,516,1779,13511
17852,507,1696,13341
17852,534,2056,13932
17852,497,1751,13233
17852,515,1648,13370
17852,536,1665,13642
17852,517,1644,13356
17852,509,1774,13433
17852,513,1788,13509
17852,511,1798,13484
17852,513,1682,13381
17852,508,1700,13343
17852,516,1716,13451
17852,534,1775,13729
17852,515,1802,13500
17852,512,1703,13387
17852,514,1623,13334
17852,514,2079,13732
17852,519,1756,13507
17852,511,1774,13451
17852,514,1766,13459
17852,535,1744,13738
17607,499,1913,13394
17607,531,1922,13829
17607,514,1801,13510
17607,511,1791,13475
17607,515,1890,13590
17607,510,1628,13316
17607,509,1623,13286
17607,534,1668,13633
17607,516,1765,13493
17607,509,1710,13354
17607,513,1655,13363
17607,509,1797,13478
17607,512,1701,13377
17607,517,1847,13548
17607,514,1865,13591
17607,536,1878,13851
17607,513,1756,13445
17607,511,1675,13354
17607,514,1768,13488
17607,508,1809,13410
17857,525,1865,13679
17857,512,1823,13466
17857,514,1779,13487
17857,537,1882,13871
17857,512,1788,13470
17857,508,1853,13505
17857,514,1803,13526
17857,514,1785,13500
17857,510,1763,13428
17857,515,1758,13454
17857,525,1875,13733
17857,520,1646,13442
17857,516,1796,13463
17857,514,1910,13615
17857,513,1815,13530
17857,513,1768,13452
17857,511,1727,13405
17857,512,1601,13292
17857,514,1799,13514
17608,519,1845,13684
17608,531,1770,13600
17608,509,1630,13290
17608,513,1624,13340
17608,514,1849,13538
17608,515,1671,13354
17608,509,1637,13304
17608,531,1708,13635
17608,519,1770,13547
17608,513,1727,13429
17608,510,1761,13414
17608,513,1858,13577
17608,513,1799,13507
17608,514,1882,13567
17608,510,1802,13469
17608,532,1713,13647
17608,517,1842,13599
17608,513,1828,13483
17608,512,1838,13536
17608,515,1778,13497
17363,518,1833,13618
17363,510,1897,13487
17363,508,1841,13489
17363,513,1877,13873
17363,537,1798,13513
17363,514,1960,13626
17363,511,1877,13571
17363,505,1861,13491
17363,519,1769,13546
17363,512,1772,13470
17363,516,1686,13374
17363,510,1730,13421
17363,536,1799,13770
17363,515,1806,13510
17363,511,1876,13538
17363,516,1823,13539
17363,512,1700,13394
17363,529,1787,13664
17363,494,1811,13272
17363,518,1738,13506
17118,521,1860,13644
17118,530,1933,13824
17118,508,1757,13403
17118,513,1592,13299
17118,513,1889,13577
17118,511,1848,13546
17118,513,1794,13509
17118,511,1731,13414
17118,535,1751,13719
17118,511,1814,13486
17118,510,1699,13379
17118,514,1819,13523
17118,513,1835,13542
17118,510,1812,13492
17118,513,1937,13610
17118,530,1895,13808
17118,522,1649,13442
17118,512,1808,13491
17118,511,1800,13483
17118,514,1805,13521
17118,513,1766,13488
17118,509,1671,13306
17118,512,1625,13321
17118,515,1709,13442
17118,511,1748,13434
17118,528,1772,13663
17118,515,1742,13463
17118,513,1786,13502
17118,512,1836,13526
17118,524,1705,13547
17118,496,1756,13257
17118,513,1698,13403
17118,537,1725,13702
17118,504,1600,13207
17118,525,1945,13762
17118,509,1592,13254
17118,506,1755,13362
17118,521,1846,13636
17118,511,1838,13517
17118,511,1870,13553
17118,535,1838,13833
17118,509,1861,13474
17118,515,1766,13486
17118,514,1631,13349
17118,513,1729,13434
17118,527,1839,13717
17118,495,1656,13145
17118,512,1745,13435
17118,537,1828,13823
17118,503,1783,13373
17118,519,1695,13471
17118,512,1644,13349
17118,511,1626,13312
17118,511,1717,13413
17118,512,1734,13418
17118,514,1727,13445
17118,512,1590,13272
17118,526,1753,13604
17118,523,1762,13580
17118,509,1805,13463
17363,513,1647,13366
17363,517,1888,13560
17363,510,1656,13316
17363,511,1734,13723
17363,539,1690,13386
17363,511,1728,13428
17363,511,1694,13373
17363,512,1606,13312
17363,512,1660,13355
17363,511,1607,13290
17363,509,1702,13385
17363,514,1601,13321
17363,536,1935,13904
17363,514,1759,13479
17363,515,1913,13613
17363,517,1934,13636
17363,505,1630,13222
17363,517,1729,13479
17363,509,1712,13367
17363,513,1860,13567
17363,524,1921,13773
17363,527,1850,13688
17363,513,1814,13512
17363,509,1854,13526
17363,514,1963,13668
17363,511,1873,13577
17363,511,1698,13377
17363,510,1679,13354
17363,538,1712,13725
17363,511,1661,13344
17363,510,1730,13398
17363,515,1655,13361
17363,512,1776,13468
17363,511,1803,13499
17363,513,2013,13703
17363,513,1728,13425
17363,528,1788,13671
17363,523,1959,13780
17363,510,1780,13455
17363,516,1834,13563
