nvml:nvidia_geforce_gtx_970_0,rapl:ram,rapl:cores,rapl:pkg
17358,725,5627,17702
17358,493,1944,13749
17358,481,1660,13369
17358,480,1547,13246
17358,480,1576,13277
17358,479,1593,13288
17358,488,1591,13391
17358,482,1564,13288
17358,480,1486,13172
17358,480,1492,13191
17358,474,1587,13213
17358,486,1448,13220
17358,481,1562,13259
17358,497,1582,13264
17358,481,1586,13294
17358,492,1498,13342
17358,479,1523,13211
17358,481,1555,13265
17358,482,1640,13350
17358,479,1664,13350
17113,484,1710,13448
17113,478,1777,13438
17113,482,1686,13396
17113,492,1610,13442
17113,480,1538,13234
17113,480,1614,13316
17113,480,1686,13388
17113,481,1501,13193
17113,480,1613,13311
17113,481,1739,13431
17363,486,1566,13338
17363,487,1614,13399
17363,481,1629,13338
17363,479,1552,13239
17363,480,1540,13239
17363,480,1480,13175
17363,481,1632,13338
17363,480,1506,13199
17363,480,1523,13221
17363,492,1556,13394
17118,473,1719,13335
17118,488,1716,13495
17118,477,1680,13338
17118,484,1569,13306
17118,480,1534,13237
17118,480,1626,13318
17118,492,1695,13535
17118,480,1598,13289
17118,481,1715,13419
17118,483,1743,13451
17113,484,1617,13356
17113,477,1648,13301
17113,480,1638,13332
17113,479,1576,13271
17113,480,1580,13278
17113,492,1541,13383
17113,480,1660,13361
17113,481,1665,13367
17113,481,1702,13402
17113,480,1673,13374
17358,486,1727,13488
17358,477,1602,13240
17358,480,1723,13413
17358,481,1704,13417
17358,490,1601,13432
17358,479,1669,13365
17358,479,1691,13381
17358,479,1536,13227
17358,479,1507,13199
17358,481,1622,13331
17363,482,1547,13281
17363,477,1432,13250
17363,489,1497,13159
17363,482,1410,13142
17363,478,1462,13130
17363,481,1477,13199
17363,480,1420,13115
17363,480,1392,13087
17363,482,1492,13191
17363,492,1547,13393
17363,473,1545,13157
17363,487,1580,13372
17363,480,1584,13271
17363,479,1524,13224
17363,479,1454,13152
17363,480,1254,12965
17363,478,1383,13069
17363,493,1475,13333
17363,480,1445,13135
17363,480,1353,13053
17358,480,1340,13058
17358,479,1404,13097
17358,479,1457,13137
17358,480,1557,13255
17358,480,1396,13102
17358,490,1373,13208
17358,481,1499,13213
17358,480,1404,13102
17358,480,1574,13269
17358,480,1453,13161
17358,485,1558,13309
17358,474,1457,13098
17358,482,1534,13241
17358,491,1533,13354
17358,480,1421,13128
17358,479,1521,13217
17358,479,1432,13125
17358,480,1330,13031
17358,481,1498,13194
17358,481,1506,13214
17363,480,1468,13171
17363,491,1480,13305
17363,517,2686,14380
17363,480,1373,13081
17363,479,1464,13163
17363,479,1455,13164
17363,480,1429,13121
17363,481,1539,13253
17363,527,2845,14510
17363,484,1483,13234
17363,479,1461,13155
17363,491,1412,13246
17363,480,1606,13295
17363,477,1429,13106
17363,480,1287,12987
17363,479,1324,13020
17363,481,1379,13095
17363,490,1355,13192
17363,481,1477,13169
17363,482,1440,13154
17358,481,1358,13088
17358,476,1369,13028
17358,480,1609,13307
17358,479,1433,13131
17358,480,1352,13060
17358,491,1323,13158
17358,479,1295,12969
17358,483,1329,13063
17358,480,1333,13026
17358,483,1407,13110
17352,485,1349,13102
17352,483,1315,13065
17352,485,1404,13120
17352,482,1371,13084
17352,480,1274,12979
17352,479,1291,12991
17352,481,1319,13025
17352,478,1311,13001
17352,478,1283,12965
17352,483,1463,13179
17363,479,1326,13025
17363,480,1353,13055
17363,491,1330,13156
17363,480,1325,13043
17363,477,1308,12984
17363,480,1231,12949
17363,479,1335,13012
17363,481,1381,13095
17363,480,1575,13261
17363,493,1336,13194
17363,480,1524,13231
17363,479,1416,13105
17363,479,1531,13213
17363,481,1402,13117
17363,478,1411,13096
17363,480,1462,13174
17363,480,1570,13261
17363,492,1459,13309
17363,476,1885,13532
17363,485,1424,13186
17358,473,1420,13029
17358,485,1525,13275
17358,483,1492,13225
17358,479,1545,13230
17358,490,1470,13291
17358,480,1352,13060
17358,480,1317,13008
17358,480,1343,13054
17358,480,1343,13032
17358,480,1255,12961
17363,482,1377,13078
17363,480,1284,12986
17363,479,1476,13161
17363,492,1550,13382
17363,481,1299,13007
17363,479,1322,13018
17363,480,1264,12957
17363,478,1252,12940
17363,480,1480,13174
17363,481,1457,13167
17363,482,1294,13026
17363,489,1333,13135
17363,481,1388,13086
17363,479,1405,13101
17363,480,1341,13047
17363,478,1316,13006
17363,480,1308,13002
17363,480,1272,12982
17363,481,1388,13099
17363,480,1398,13246
17358,520,6594,18153
17358,564,20156,31768
17358,722,18476,30162
17358,677,19865,31653
17358,806,16176,27866
17358,599,44154,56246
17358,679,19494,31198
17358,607,19809,31502
17358,794,16676,28395
17358,619,19585,31332
17329,606,20040,31861
17329,910,13509,25116
17329,614,19692,31412
17329,601,20183,31798
17329,570,20882,32610
17329,566,21984,34094
17329,917,17849,29676
35333,891,20355,25877
43567,947,19218,23360
46731,1011,19085,23246
47923,949,19888,24123
48653,1003,18775,22995
48653,828,16543,20664
48678,1010,11747,15878
48653,575,19377,23380
48621,555,22081,26118
48621,803,22531,26809
48653,936,18955,23158
48896,1025,20320,24557
48653,954,20101,24175
51052,813,19814,24039
49626,876,20329,24416
48896,926,19419,23549
57123,886,19816,24184
71518,726,19889,23919
91657,602,17131,21084
104079,604,14425,18518
123552,615,11478,15754
134125,610,6009,10097
134847,614,4415,8503
132921,625,3711,7754
131058,605,3293,7314
128734,623,3165,7278
131299,615,3633,7702
133466,608,3798,7839
134606,612,3882,7935
136227,622,4362,8431
137885,608,4418,8466
135569,592,3971,8020
104197,871,8479,12685
80436,598,20635,24646
106493,699,13939,18130
108961,655,4212,8214
108961,652,4090,8169
105165,601,3591,7676
120617,622,3481,7568
127287,607,3474,7475
131235,621,3479,7593
131058,629,3494,7556
131540,612,3448,7497
132262,610,3519,7553
131781,611,3508,7582
132022,615,3450,7527
136027,621,4054,8149
141641,607,9671,13614
144741,619,9387,13601
143539,601,6972,10961
143539,604,6002,10035
143153,628,6069,10258
130031,676,13137,17013
116373,663,5963,10172
107582,632,3323,7399
103714,623,3349,7393
108288,622,3281,7417
120880,613,3148,7208
125925,611,3170,7232
128493,621,3203,7246
133225,610,3921,7970
136748,606,4334,8380
137687,613,4124,8215
137445,606,3938,7971
136442,615,3929,8022
136533,625,4015,8058
136773,612,3997,8056
136749,609,4020,8057
141951,621,7223,11387
140507,607,5616,9649
135329,615,3489,7575
122247,689,8779,12853
115649,646,4129,8192
110652,630,3686,7741
107995,631,3767,7820
117076,626,3632,7725
127046,603,3576,7599
130094,621,3668,7713
132744,630,3599,7734
133137,611,3537,7610
133137,597,3450,7462
133161,619,3522,7586
136267,619,3953,8054
135305,615,3676,7671
136268,609,3737,7812
138583,624,4145,8287
139304,612,4226,8292
140533,614,4238,8284
140051,604,4233,8292
128975,621,4568,8578
126262,696,12186,16343
111618,629,3487,7535
105597,623,3329,7360
102765,627,3305,7380
111062,606,3236,7274
121304,628,3249,7319
125803,609,3184,7315
132680,613,3643,7642
134607,612,3802,7837
136026,623,3819,7959
135785,602,3826,7843
137230,632,3975,8055
137229,605,3876,7935
136292,617,3820,7883
137255,610,3799,7857
137255,609,3773,7832
136773,619,3715,7801
133250,630,3354,7425
131781,615,3274,7361
117743,641,5994,9967
111805,646,4399,8542
105165,630,3367,7424
103714,632,3327,7394
103472,617,3357,7415
113959,615,3220,7274
124417,611,3137,7183
127046,613,3152,7217
129636,621,3106,7215
129573,606,3064,7131
128190,611,3118,7155
128913,615,3133,7201
129814,609,3155,7178
129130,609,3126,7203
129371,619,3141,7234
129612,606,3147,7165
132439,611,3686,7787
135305,615,4186,8254
137206,605,3687,7730
136267,607,3681,7734
128431,615,3688,7755
123453,679,9952,14026
110820,642,3391,7476
105165,630,3298,7351
104439,633,3314,7413
108236,603,3320,7318
122788,612,3133,7213
136898,609,11233,15207
144645,600,14956,19004
146424,613,11200,15339
147529,612,8968,13117
145703,607,6043,10115
144982,609,5015,9099
144046,612,5174,9215
143779,608,4639,8689
142603,607,4572,8660
142603,601,4601,8629
142363,612,4664,8752
142886,614,7266,11279
124417,688,7639,11828
111786,627,3236,7300
106131,626,3278,7325
104198,635,3293,7375
105113,605,3274,7311
121282,615,3144,7218
126262,601,3134,7159
128672,614,3166,7217
129395,616,3139,7219
130816,613,3143,7205
133680,610,3164,7205
133376,615,3192,7290
133198,609,3185,7279
132895,625,3206,7257
133859,602,3240,7257
137618,604,3795,7850
139062,615,3767,7843
140479,616,3839,7935
139088,615,3777,7858
139810,607,3753,7815
127226,667,9936,13945
115386,645,4519,8654
108477,635,3330,7403
105820,624,3323,7370
104854,609,3215,7269
122005,599,3597,7618
138316,602,9148,13178
142096,617,5189,9301
142336,619,4659,8796
143779,602,4733,8714
143539,603,4581,8655
143539,604,4663,8715
143298,613,4734,8807
143538,620,4696,8857
138126,612,3871,7924
133884,608,3174,7218
132439,613,3133,7191
133467,608,3348,7405
135570,623,3768,7868
121604,644,6077,10068
111860,637,4072,8160
107098,631,3286,7349
105406,641,3347,7453
104923,602,3273,7284
121581,618,3163,7266
126744,615,3139,7232
131056,605,3179,7181
129370,610,3145,7223
131298,612,3171,7211
131539,611,3154,7216
131933,607,3155,7202
130995,621,3148,7269
135544,605,3651,7734
135785,616,3466,7486
135785,611,3259,7315
135063,620,3260,7343
134125,603,3289,7310
133098,616,3219,7292
135545,612,3741,7798
122488,659,6445,10559
118467,648,6617,10667
109685,619,3297,7342
105648,641,3343,7479
104681,615,3280,7339
116779,619,3212,7267
127467,604,3477,7523
139237,611,8111,12178
145702,608,9055,13128
147048,595,7353,11352
140747,612,3616,7693
137470,618,3439,7558
135810,609,3474,7517
136026,622,3470,7575
135785,607,3411,7455
135544,604,3322,7345
136508,615,3468,7533
145436,607,14405,18420
148250,607,14236,18374
133313,668,12497,16493
120098,655,4739,8943
108961,618,3314,7304
106131,637,3348,7438
103956,607,3301,7343
121523,627,3181,7313
126985,597,3170,7161
129913,615,3157,7207
135785,620,3697,7789
138101,609,3728,7800
138101,614,3770,7832
138822,617,3761,7848
137645,603,3660,7663
133161,610,3158,7241
132198,608,3210,7257
131476,613,3162,7225
132896,621,3197,7325
131693,606,3074,7132
131717,610,3153,7202
130752,596,3140,7195
112993,629,4304,8362
117020,653,6366,10443
110820,631,3591,7650
109391,635,3628,7687
103714,626,3616,7697
94832,876,15311,19389
95316,669,14864,18924
93155,664,8168,12346
91945,646,7640,11700
91719,646,7639,11670
90553,650,7692,11770
91748,647,7631,11662
91506,660,7646,11721
76699,1514,7500,11803
70933,1295,5809,9952
68536,1277,7499,11701
68017,1088,14698,18927
67520,998,16697,20747
70596,547,15754,19826
70596,848,6785,11423
70158,478,2044,6098
69429,494,1692,5803
68977,479,1544,5581
68988,483,1467,5516
68988,477,1384,5417
68977,483,1515,5569
68977,479,1458,5503
68977,481,1522,5560
68977,492,1502,5618
68977,481,1579,5624
68943,479,1381,5428
68943,480,1513,5558
68943,477,1390,5419
68977,480,1550,5592
68943,481,1382,5436
68943,480,1469,5511
68943,493,1506,5621
68943,480,1406,5451
68943,481,1367,5421
68943,480,1364,5397
68943,482,1418,5472
68943,479,1351,5385
68977,481,1326,5380
68943,480,1346,5455
68943,492,1332,5383
68977,483,1478,5527
68977,481,1394,5436
66559,482,1432,5468
55700,482,1348,5405
51356,479,1343,5377
49659,480,1350,5398
49198,480,1490,5529
48710,492,1400,5518
48710,481,1599,5640
48467,480,1500,5544
48467,482,1696,5734
48467,480,1584,5636
48467,478,1490,5520
48467,481,1356,5411
48467,478,1480,5516
48467,492,1532,5650
48467,480,1515,5556
48467,481,1531,5574
48467,480,1514,5556
48467,480,1505,5557
48467,480,1528,5562
48467,480,1508,5556
48442,492,1455,5557
48467,482,1424,5479
48442,479,1493,5530
48442,480,1450,5491
48442,480,1417,5460
48442,480,1460,5506
48442,481,1443,5483
39752,480,1603,8874
28566,484,1443,13173
24181,481,1386,13099
22721,489,1397,13199
21988,470,1353,12942
21744,492,1392,13226
21744,482,1496,13205
21744,478,1412,13086
21744,483,1474,13207
21744,477,1420,13082
21508,483,1284,13026
21508,481,1521,13210
21508,480,1301,13013
21508,491,1390,13217
21508,480,1433,13142
21508,480,1319,13007
21508,480,1272,12981
21508,480,1340,13035
21508,481,1268,12983
21508,477,1308,12977
21508,480,1285,12981
21508,493,1528,13376
21508,478,1366,13035
21508,481,1421,13133
21508,475,1468,13123
21508,487,1641,13391
21752,479,1529,13219
21752,492,1506,13294
21752,480,1503,13200
21752,481,1597,13301
21752,478,1444,13137
21752,483,1594,13296
21752,479,1388,13080
21752,493,1388,13225
21752,481,1441,13143
21752,481,1404,13105
18091,485,1605,13359
18091,478,1426,13081
18091,479,1421,13121
18091,480,1439,13126
18091,480,1415,13125
18091,480,1554,13395
18091,493,1572,13272
18091,481,1421,13127
18091,479,1484,13180
18091,481,1593,13280
17840,485,1593,13342
17840,477,1410,13059
17840,480,1508,13206
17840,481,1560,13406
17840,492,1556,13256
17840,481,1634,13313
17840,482,1462,13183
17840,479,1404,13071
17840,483,1359,13093
17840,480,1421,13113
17846,484,1407,13151
17846,476,1455,13107
17846,492,1304,13162
17846,480,1545,13231
17846,480,1532,13241
17846,479,1523,13203
17846,481,1417,13127
17846,479,1355,13044
17846,480,1391,13098
17846,481,1559,13390
17601,484,1610,13230
17601,487,1559,13337
17601,483,1597,13330
17601,479,1559,13231
17601,480,1528,13235
17601,480,1684,13375
17601,488,1599,13411
17601,473,1700,13294
17601,482,1534,13257
17601,498,1557,13390
18329,488,1811,13432
18329,487,1542,13323
18329,479,1405,13091
18329,480,1458,13144
18329,488,1402,13204
18329,473,1617,13216
18329,492,1464,13303
18329,481,1394,13086
18329,481,1347,13047
18329,479,1427,13115
17840,485,1470,13220
17840,479,1577,13227
17840,481,1415,13118
17840,479,1366,13058
17840,482,1369,13227
17840,493,1545,13234
17840,481,1340,13049
17840,479,1520,13205
17840,481,1517,13229
17840,479,1364,13049
17846,484,1418,13172
17846,477,1439,13081
17846,482,1398,13113
17846,491,1377,13198
17846,481,1336,13039
17846,480,1478,13169
17846,482,1260,12965
17846,480,1356,13040
17846,481,1291,13008
17846,478,1367,13047
17363,485,1461,13215
17363,489,1353,13153
17363,482,1392,13097
17363,480,1474,13167
17363,481,1472,13183
17363,484,1565,13264
17363,480,1523,13216
17363,480,1514,13214
17363,491,1456,13278
17363,481,1385,13079
17358,481,1325,13031
17358,480,1400,13084
17358,479,1258,12954
17358,481,1371,13073
17358,479,1351,13045
17358,481,1344,13051
17358,493,1329,13170
17358,481,1274,12982
17358,478,1257,12941
17358,480,1290,12997
17352,484,1493,13231
17352,478,1304,12968
17352,479,1343,13030
17352,482,1314,13020
17352,490,1299,13124
17352,481,1459,13159
17352,479,1295,12988
17352,480,1505,13205
17352,481,1492,13198
17352,480,1346,13047
17358,480,1330,13057
17358,478,1517,13186
17358,480,1354,13055
17358,491,1499,13335
17358,481,1449,13160
17358,482,1470,13164
17358,480,1375,13073
17358,479,1356,13039
17358,480,1360,13069
