nvml:nvidia_geforce_gtx_970_0,rapl:ram,rapl:cores,rapl:pkg
17107,735,5382,17441
17107,491,1979,13788
17107,480,1609,13311
17107,478,1468,13170
17107,480,1422,13118
17107,479,1358,13062
17107,491,1385,13226
17107,479,1267,12972
17107,478,1359,13051
17107,479,1457,13160
17358,480,1471,13158
17358,480,1578,13274
17358,480,1557,13254
17358,480,1530,13244
17358,491,1465,13294
17358,475,1351,13009
17358,483,1404,13148
17358,476,1431,13090
17358,483,1569,13316
17358,479,1485,13188
17358,481,1582,13284
17358,482,1655,13350
17358,480,1564,13262
17358,490,1413,13242
17358,480,1594,13312
17358,478,1423,13113
17358,480,1488,13182
17358,487,1410,13215
17358,470,1484,13081
17358,479,1498,13196
17352,483,1574,13300
17352,490,1498,13324
17352,479,1572,13266
17352,475,1498,13158
17352,483,1644,13386
17352,479,1492,13193
17352,478,1568,13256
17352,479,1474,13182
17352,491,1421,13258
17352,482,1546,13266
17358,472,1639,13242
17358,488,1730,13513
17358,480,1645,13345
17358,479,1515,13215
17358,478,1563,13245
17358,480,1612,13328
17358,492,1682,13523
17358,478,1568,13252
17358,481,1619,13318
17358,479,1568,13272
17358,481,1595,13299
17358,479,1612,13304
17358,481,1705,13421
17358,477,1565,13398
17358,494,1523,13228
17358,479,1676,13380
17358,478,1617,13318
17358,478,1453,13150
17358,479,1473,13170
17358,478,1522,13218
17113,484,1560,13314
17113,487,1648,13431
17113,482,1520,13230
17113,479,1469,13176
17113,479,1666,13365
17113,479,1454,13150
17113,480,1504,13212
17113,478,1449,13136
17113,479,1500,13199
17113,478,1513,13213
17352,482,1696,13424
17352,490,1618,13438
17352,481,1564,13269
17352,479,1571,13274
17352,478,1571,13252
17352,479,1525,13230
17352,480,1603,13308
17352,479,1584,13292
17352,480,1692,13396
17352,492,1518,13370
17107,471,1601,13193
17107,488,1521,13311
17107,479,1503,13200
17107,479,1455,13154
17107,480,1446,13150
17107,496,1700,13385
17107,492,1690,13533
17107,479,1625,13324
17107,481,1638,13343
17107,479,1625,13316
17363,483,1734,13453
17363,479,1765,13449
17363,481,1718,13425
17363,478,1523,13216
17363,480,1658,13367
17363,491,1628,13462
17363,478,1637,13326
17363,481,1518,13236
17363,479,1691,13378
17363,482,1588,13296
17363,480,1582,13290
17363,479,1778,13465
17363,480,1757,13449
17363,492,1485,13338
17363,479,1559,13253
17363,480,1542,13254
17363,479,1700,13392
17363,479,1660,13357
17363,478,1700,13384
17363,481,1635,13350
17113,480,1693,13390
17113,493,1549,13393
17113,479,1490,13168
17113,480,1385,13093
17113,479,1502,13200
17113,475,1472,13127
17113,483,1598,13339
17113,479,1645,13340
17113,491,1584,13428
17113,480,1667,13377
17107,470,1770,13496
17107,491,1759,13425
17107,479,1702,13393
17107,480,1528,13237
17107,479,1558,13252
17107,479,1433,13137
17107,491,1596,13431
17107,479,1448,13139
17107,481,1538,13250
17107,480,1635,13343
17358,482,1628,13358
17358,480,1612,13289
17358,480,1697,13394
17358,476,1546,13355
17358,483,1658,13249
17358,490,1599,13425
17358,480,1626,13341
17358,479,1602,13294
17358,480,1693,13391
17358,479,1626,13322
17363,477,1643,13323
17363,482,1630,13346
17363,493,1654,13493
17363,479,1640,13344
17363,479,1642,13327
17363,479,1620,13332
17363,479,1511,13205
17363,479,1496,13196
17363,479,1564,13262
17363,478,1431,13120
17118,485,1544,13295
17118,489,1435,13236
17118,480,1524,13231
17118,479,1500,13207
17118,478,1673,13363
17118,479,1633,13337
17118,479,1522,13216
17118,479,1490,13192
17118,493,1432,13273
17118,479,1567,13260
17107,472,1629,13234
17107,487,1635,13427
17107,480,1600,13310
17107,479,1491,13193
17107,481,1445,13150
17107,479,1379,13079
17107,479,1612,13312
17107,490,1569,13409
17107,480,1522,13234
17107,478,1459,13143
17358,472,1588,13197
17358,485,1662,13424
17358,480,1625,13328
17358,479,1658,13368
17358,479,1657,13352
17358,491,1639,13484
17358,480,1581,13277
17358,479,1488,13174
17358,479,1594,13290
17358,479,1610,13307
17358,480,1618,13335
17358,479,1772,13458
17358,481,1723,13432
17358,491,1674,13522
17358,523,2652,14375
17358,477,1544,13218
17358,479,1512,13204
17358,476,1567,13228
17358,482,1517,13240
17358,487,1487,13284
17352,524,3240,14903
17352,489,1556,13345
17352,479,1444,13133
17352,485,1513,13230
17352,479,1633,13322
17352,480,1627,13341
17352,479,1659,13354
17352,478,1567,13258
17352,480,1580,13283
17352,492,1486,13341
17346,514,7052,18623
17346,567,20976,32485
17346,738,18708,30848
17346,661,18594,30328
17346,774,13883,25535
17346,584,44084,55831
17346,677,19220,30893
17346,614,19632,31366
17346,779,16728,28432
17346,624,19245,30980
17329,608,19939,31698
17329,912,13812,25482
17329,623,19386,31096
17329,604,19660,31671
17329,591,19780,31569
17329,538,21658,33227
17329,1064,16658,28612
30952,807,20688,28360
41863,979,19263,23427
45978,919,19057,23230
47680,992,19390,23586
48403,872,20308,24495
48653,1335,16081,20390
48653,1023,18271,22693
48653,784,12835,16945
48621,556,19824,23602
48621,569,21570,25905
48621,916,20552,24720
48621,880,19425,23454
48646,1085,20593,24744
48646,926,19424,23719
50809,824,20084,24134
49351,877,19919,24263
49108,926,19578,23640
55878,868,19647,23864
76560,648,19597,23627
97364,604,12339,16533
107870,605,9640,13633
127802,624,7152,11365
133314,608,4144,8166
135389,623,4208,8248
138689,628,6897,10910
139022,619,6496,10668
133795,607,3325,7372
131629,607,3378,7424
130753,611,3280,7342
130753,611,5286,9318
141067,625,15232,19339
142467,605,9733,13795
144842,598,9699,13710
140852,623,6061,10255
136657,614,3658,7724
134783,609,3669,7720
134341,634,3703,7772
131653,609,3271,7323
129612,607,3190,7221
129612,611,3195,7259
132199,621,3712,7814
134581,603,3938,7952
134581,620,7092,11136
142054,615,7884,11990
139718,611,4165,8241
137645,624,4016,8121
137645,583,5276,9230
90734,863,19001,23099
97864,666,18985,23085
103181,646,5173,9333
102747,642,3365,7468
102506,633,3311,7358
102263,595,3226,7289
120318,619,3804,7838
129309,647,3851,7999
134316,613,3760,7821
134517,607,3769,7833
138556,600,4739,8683
142577,610,7528,11612
143925,621,7251,11439
142509,623,5448,9500
142509,618,5283,9368
141788,606,5215,9281
141307,608,5088,9106
139718,612,4212,8276
138275,607,3984,8046
137313,633,4042,8133
137313,610,3970,8017
137379,611,3991,8062
137861,621,3940,8053
139237,598,4709,8679
140439,625,4732,8890
140199,623,4652,8709
141375,605,4613,8670
139304,619,4254,8323
133618,614,3179,7221
129574,607,3133,7198
130335,610,3162,7195
130094,643,3210,7343
129789,609,3113,7169
128889,604,3148,7161
112993,628,4210,8196
116779,673,9392,13576
107511,626,3370,7418
109444,656,3952,7990
114200,632,4535,8581
130753,622,4449,8612
136442,620,4419,8494
138607,613,4438,8506
140988,606,4441,8472
139570,622,4325,8356
135720,622,3475,7602
135239,613,3580,7612
134035,607,3489,7532
133073,616,3490,7577
134517,616,3508,7559
134341,635,3444,7557
134341,609,3416,7477
134582,620,3377,7411
134100,616,3321,7410
134316,604,3453,7492
134100,621,3460,7537
133859,628,3509,7558
133618,610,3451,7507
134581,619,3496,7545
133860,611,3445,7511
134341,606,3518,7559
134582,621,3480,7556
134101,638,3485,7618
134036,608,3456,7511
134822,616,3515,7561
134060,612,3483,7549
133578,615,3509,7574
134301,617,3530,7593
133554,610,3480,7519
118388,644,5330,9366
114366,657,5968,10097
107995,640,3447,7539
106544,629,3518,7532
106354,617,3398,7474
118709,612,3272,7304
126262,625,3199,7318
130031,609,3190,7224
130995,611,3260,7285
132198,613,3222,7296
132897,614,3229,7292
133378,620,3232,7352
133860,611,3292,7346
132744,608,3317,7358
132527,616,3270,7351
131981,610,3212,7249
132920,611,3244,7290
132439,613,3211,7272
134341,617,3508,7598
140267,601,5062,9024
142191,620,5280,9444
142817,609,4959,9021
143085,607,4950,8995
143539,610,4996,9049
142577,611,4423,8519
142577,613,4220,8284
142337,613,4167,8267
141615,615,4191,8291
143059,603,4163,8173
141856,611,4146,8199
143992,609,4222,8266
143779,611,4245,8317
145433,603,4178,8233
144953,630,4299,8455
128381,675,6896,10950
120352,654,3992,8103
117721,637,3913,7964
115385,627,3918,7999
127442,622,3825,7875
133136,612,3520,7560
133161,613,3202,7273
136924,617,3821,7909
138823,611,3962,8024
139785,609,3931,7976
140026,609,3957,8012
140267,617,3906,8012
140988,608,4061,8112
143779,611,4599,8686
140199,611,3751,7803
135369,617,3128,7199
133618,606,3154,7180
132719,610,3122,7176
132655,607,3106,7162
131235,615,3169,7248
132921,607,3298,7324
135961,620,3717,7810
138101,619,3744,7833
136658,613,3474,7541
135786,604,3295,7317
143298,608,8619,12594
145393,608,6303,10430
145633,620,4903,9057
144741,601,4541,8579
145436,606,4619,8644
143711,609,4639,8728
144432,616,4604,8733
131717,617,4458,8514
127383,687,10087,14183
115572,638,3646,7718
110579,621,3653,7648
109372,625,3624,7700
123189,630,3444,7552
130970,610,3367,7436
132921,607,3289,7336
135304,610,3385,7421
135063,614,3338,7426
138341,618,3726,7806
140199,606,4053,8107
140199,602,4013,8037
141402,613,4014,8114
141642,607,4056,8094
141161,610,4082,8135
140507,622,3892,8037
135544,609,3080,7106
132680,616,3118,7207
132921,595,3156,7111
140680,611,6119,10158
144260,614,6162,10306
140025,613,3380,7488
137645,614,3269,7308
135785,609,3228,7287
135063,611,3215,7278
134341,611,3215,7266
135063,604,3196,7241
135238,610,3518,7580
142122,604,4861,8863
144912,617,5903,10100
145392,611,5964,10035
145222,616,4589,8658
143780,606,4182,8234
125780,658,6211,10219
113717,635,3423,7591
107270,643,3261,7303
104872,627,3246,7299
101054,616,3205,7292
119112,602,3115,7132
127443,608,3092,7127
130574,615,3275,7380
142962,604,12543,16571
147190,605,11361,15396
150763,601,10429,14482
150864,612,10199,14305
148462,609,7582,11705
148009,614,5975,10020
147742,601,5793,9850
146567,624,5949,10117
147048,596,5973,9935
146567,624,5860,10032
147528,612,5822,9889
146086,597,5821,9837
146354,613,5843,9945
145606,614,5675,9769
142337,607,3698,7767
140722,610,3730,7785
139785,609,3686,7714
137645,619,3379,7466
134036,603,3116,7148
133137,611,3128,7185
132262,615,3160,7230
133378,607,3118,7143
131476,609,3115,7180
131476,624,3142,7273
132021,609,3097,7126
118630,653,6852,10826
115145,649,5126,9305
107511,626,3260,7294
106355,637,3315,7399
105337,613,3235,7320
117261,624,3182,7256
126262,607,3100,7121
129573,620,3134,7231
131476,606,3115,7174
137379,605,4557,8561
137164,612,4049,8140
133402,613,3128,7201
134099,615,3151,7194
133619,605,3088,7139
140680,625,5329,9456
142989,603,4789,8802
139959,611,3847,7900
135785,611,3150,7289
133162,623,3152,7208
137579,603,3889,7923
140921,616,4142,8213
141642,596,3879,7858
141883,629,3789,7967
138996,601,3506,7549
138367,606,3412,7506
140680,616,3954,7947
141401,616,4004,8121
141683,609,4039,8090
141375,611,3999,8064
141856,607,3990,8036
140026,612,3588,7659
139852,622,3617,7727
138367,599,3560,7571
139477,610,3706,7757
126985,671,7116,11272
120077,648,6898,10968
110169,618,3259,7252
106787,633,3290,7440
105629,621,3186,7221
118226,620,3157,7224
127925,611,3108,7149
128648,612,3091,7174
130752,621,3092,7170
132237,607,3096,7126
133200,611,3099,7142
135062,610,3428,7487
135063,616,3441,7542
140961,601,5208,9146
141161,617,6479,10608
138341,623,3453,7588
139544,608,3780,7841
139784,599,3790,7788
145152,617,7697,11801
143058,616,5247,9349
142336,598,4207,8160
146977,620,12500,16683
145633,605,6462,10492
137404,606,3298,7340
134035,624,3164,7298
132680,603,3065,7132
133618,620,3149,7189
131413,608,3120,7182
136683,606,3621,7635
139063,610,3711,7793
138582,608,3687,7721
143298,625,5558,9706
146087,604,5453,9506
145393,604,4890,8892
128190,669,5686,9861
117985,631,4503,8483
112993,645,3637,7792
110149,634,3608,7676
110169,615,3553,7623
125780,604,3343,7377
132744,613,3336,7376
135063,611,3296,7378
138367,613,3889,7977
140439,611,3996,8057
141402,601,3952,7958
141710,607,3952,8106
140025,617,3970,7962
136749,614,3159,7226
139637,616,3494,7608
140988,611,3879,7940
141470,602,3754,7783
141710,615,3728,7818
141229,614,3804,7864
143325,612,4386,8490
144020,613,4742,8815
140507,605,3459,7494
136683,601,3171,7200
135544,616,3153,7237
134606,611,3180,7249
134036,609,3161,7208
135063,609,3191,7231
135063,627,3189,7332
134582,599,3184,7171
134100,611,3202,7260
135961,611,3303,7372
137139,617,3403,7505
136202,608,3255,7298
136924,625,3345,7451
117963,633,4546,8493
113234,653,4531,8723
108719,630,3184,7224
106786,627,3201,7239
104389,623,3157,7227
114201,612,3170,7214
130994,618,3579,7713
135063,602,3672,7661
138127,611,3616,7667
139330,612,3611,7684
140532,622,3627,7748
140988,608,3658,7699
138608,613,3572,7648
136267,609,3164,7212
136442,612,3289,7384
138582,613,3766,7817
139329,615,3809,7872
138608,618,3329,7414
137164,602,3387,7406
136683,616,3378,7496
137645,604,3314,7308
136748,615,3276,7390
139063,606,3732,7759
141469,618,4001,8109
141642,597,3973,7981
141710,610,3916,7972
139744,620,3541,7654
138341,613,3563,7645
139612,614,3573,7643
139063,604,3514,7565
139303,612,3588,7650
145463,602,7616,11716
146327,623,6153,10197
142096,606,3893,7971
130690,666,11002,14973
117743,648,4451,8594
109854,625,3227,7293
105578,632,3245,7334
103472,604,3197,7209
119353,621,3019,7116
127949,617,3047,7120
131211,600,3089,7108
130994,618,3040,7118
138582,609,4756,8786
142336,618,5243,9375
137379,611,3356,7405
135519,605,3097,7130
135961,615,3427,7479
142844,619,5309,9401
144501,603,5500,9553
146087,613,5560,9660
146638,609,5540,9588
145393,606,4697,8847
141616,620,3733,7729
139330,615,3586,7660
135785,612,3193,7251
140026,618,3986,8082
140987,609,3909,7964
140747,610,3637,7665
138341,611,3370,7441
137138,610,3275,7361
137645,608,3282,7310
137926,620,3283,7420
136897,599,3208,7218
137138,626,3233,7341
137164,607,3256,7316
137379,604,3270,7317
137230,600,3310,7376
122488,646,6557,10619
118929,656,7463,11534
110820,632,3280,7359
113214,642,3823,7898
97735,768,4378,8356
94106,782,18519,22631
95253,665,14659,18810
91462,636,6336,10395
90736,637,6333,10388
90053,638,6322,10377
90537,652,6320,10497
90053,630,6316,10339
90053,643,6347,10464
76698,1468,7327,11479
71176,1336,5904,10217
69233,1277,7151,11252
68491,1069,13770,17912
67960,1029,16884,20985
71069,570,15775,19889
71069,876,6914,11833
70631,473,2082,6088
69902,480,1427,5468
69672,480,1219,5271
69672,493,1412,5524
69429,478,1343,5383
69429,480,1473,5514
69429,480,1273,5320
69429,481,1309,5358
69429,478,1273,5313
69429,481,1338,5383
69429,479,1252,5372
69429,492,1475,5520
69429,481,1338,5387
69429,479,1381,5426
69429,479,1410,5454
69429,480,1561,5601
69429,478,1311,5352
69429,479,1285,5330
69429,491,1372,5491
69429,481,1528,5574
69429,478,1438,5477
69186,480,1443,5493
69429,479,1338,5379
69417,481,1735,5783
69417,482,1508,5557
69174,480,1505,5541
63401,494,1464,5575
54241,481,1448,5496
50870,479,1317,5361
49408,502,1457,5523
49165,478,1423,5449
48922,482,1420,5473
48679,480,1390,5434
48679,481,1414,5464
48679,490,1351,5448
48679,481,1391,5443
48679,480,1437,5480
48679,481,1444,5494
48679,479,1410,5452
48679,483,1453,5504
48679,480,1364,5404
48679,480,1318,5361
48679,491,1317,5429
48679,481,1408,5451
48679,479,1442,5488
48710,484,1571,5621
48686,480,1417,5460
48686,480,1374,5419
48679,479,1424,5466
48686,480,1551,5597
48679,491,1386,5491
48679,482,1440,5501
48679,478,1526,5557
36088,476,1703,10787
27101,491,1482,13302
23937,483,1522,13235
22470,479,1388,13079
21981,482,1457,13167
21981,479,1320,13013
21737,482,1388,13086
21737,489,1430,13243
21737,483,1399,13123
21737,481,1350,13058
21737,484,1423,13149
21737,479,1371,13043
21737,484,1435,13141
21737,479,1329,13019
21737,481,1386,13082
21737,479,1374,13207
21737,492,1380,13069
21737,479,1374,13066
21737,483,1452,13193
21737,476,1489,13143
21737,484,1428,13171
21737,479,1363,13047
21737,480,1593,13301
21737,478,1614,13294
21737,482,1528,13244
21737,490,1626,13449
21737,477,1549,13165
21737,482,1365,13082
21737,494,1250,13104
21737,480,1245,12949
21737,478,1321,13008
21737,480,1215,12927
21737,481,1414,13108
21737,479,1276,12977
21737,482,1297,13005
21737,478,1221,12918
17846,485,1311,13058
17846,488,1252,13058
17846,481,1216,12927
17846,479,1220,12909
17846,480,1233,12930
17846,479,1180,12884
17846,479,1298,12985
17846,481,1286,12989
17846,482,1338,13047
17846,488,1207,13020
17846,474,1314,12944
17846,488,1278,13058
17846,479,1233,12927
17846,480,1229,12934
17846,480,1295,13007
17846,480,1233,12928
17846,492,1273,13108
17846,482,1329,13031
17846,480,1286,12980
17846,480,1279,12985
17840,483,1336,13067
17840,478,1200,12884
17840,478,1317,12983
17840,481,1284,12993
17840,492,1284,13124
17840,480,1212,12923
17840,479,1255,12942
17840,480,1307,13010
17840,480,1217,12923
17840,477,1200,12893
17846,484,1382,13128
17846,476,1460,13113
17846,481,1271,12985
17846,490,1200,13036
17846,494,1549,13253
17846,478,1227,12921
17846,481,1411,13115
17846,480,1228,12927
17846,480,1423,13125
17846,525,2802,14623
17846,474,1334,12967
17846,487,1226,13027
17846,480,1346,13052
17846,479,1268,12969
17846,481,1328,13043
17846,492,1368,12993
17846,524,2832,14602
17846,478,1329,13018
17846,480,1290,12993
17846,490,1372,13209
17601,473,1391,13010
17601,487,1290,13070
17601,480,1283,12996
17601,479,1283,12975
17601,488,1289,13098
17601,471,1386,12975
17601,489,1383,13185
17601,483,1309,13054
17601,478,1483,13148
17601,482,1502,13231
17601,486,1568,13330
17601,473,1532,13163
17601,479,1403,13076
17601,484,1513,13256
17601,490,1507,13329
17601,481,1545,13242
17601,481,1739,13439
17601,480,1477,13181
17601,481,1429,13134
17601,477,1317,12995
17601,488,1691,13463
17601,475,1539,13171
17601,481,1398,13106
17601,491,1353,13194
17601,480,1470,13177
17601,478,1566,13254
17601,481,1665,13362
17601,480,1366,13073
17601,481,1349,13046
17601,479,1280,12980
17601,484,1317,13086
17601,486,1278,13051
17601,479,1317,13010
17601,481,1299,13008
17601,478,1270,12956
17601,480,1339,13044
17601,480,1331,13030
17601,478,1320,13007
17601,480,1248,13106
17601,490,1209,12903
17601,471,1284,12893
17601,489,1374,13176
17601,479,1316,13012
17601,480,1253,12947
17601,478,1296,12984
17601,479,1728,13424
17601,492,1465,13307
17601,479,1432,13136
17601,480,1398,13103
17601,478,1350,13040
17596,484,1432,13172
17596,476,1488,13150
17596,481,1437,13135
17596,479,1457,13153
17596,493,1524,13369
17596,480,1437,13142
17596,480,1513,13209
17596,479,1487,13182
17596,480,1413,13124
17596,480,1314,13002
